0.0 1.6 10.0 0.0 0.0 0.0 0.0
0.0 1.6 10.0 0.0 0.0 0.0 16.6667
0.0 1.6 10.0 0.0 0.0 0.0 33.3333
0.0 1.6 10.0 0.0 0.0 0.0 50.0
0.0 1.6 10.0 0.0 0.0 0.0 66.6667
0.0 1.6 10.0 0.0 0.0 0.0 83.3333
0.0 1.6 10.0 0.0 0.0 0.0 100.0
0.0 1.6 10.0 0.0 0.0 0.0 116.6667
0.0 1.6 10.0 0.0 0.0 0.0 133.3333
0.0 1.6 10.0 0.0 0.0 0.0 150.0
0.0 1.6 10.0 0.0 0.0 0.0 166.6667
0.0 1.6 10.0 0.0 0.0 0.0 183.3333
0.0 1.6 10.0 0.0 0.0 0.0 200.0
0.0 1.6 10.0 0.0 0.0 0.0 216.6667
0.0 1.6 10.0 0.0 0.0 0.0 233.3333
0.0 1.6 10.0 0.0 0.0 0.0 250.0
0.0 1.6 10.0 0.0 0.0102 0.0 266.6667
0.0 1.6 10.0 0.0 0.0967 0.0 283.3333
0.0 1.6 10.0 0.0 0.4324 0.0 300.0
0.0 1.6 10.0 0.0 0.7917 0.0 316.6667
0.0 1.6 10.0 0.0 1.276 0.0 333.3333
0.0 1.6 10.0 0.0294 1.9412 -0.0001 350.0
0.0 1.6 10.0 0.1274 2.5098 -0.0001 366.6667
0.0 1.6 10.0 0.2 2.8677 0.0 383.3333
0.0 1.6 10.0 0.2 3.1611 0.0 400.0
0.0 1.6 10.0 0.2 3.5315 0.0 416.6667
0.0 1.6 10.0 0.2 3.8811 0.0 433.3333
0.0 1.6 10.0 0.2235 4.1206 0.0 450.0
0.0 1.6 10.0 0.3 4.4471 0.0 466.6667
0.0 1.6 10.0 0.3167 4.9917 -0.0001 483.3333
0.0 1.6 10.0 0.4 5.95 0.0 500.0
0.0 1.6 10.0 0.4 6.9784 0.0 516.6667
0.0 1.6 10.0 0.4 7.8208 0.0 533.3333
0.0 1.6 10.0 0.4 9.3029 0.0 550.0
0.0 1.6 10.0 0.4 10.6167 0.0 566.6667
0.0 1.6 10.0 0.4 12.2917 0.0 583.3333
0.0 1.6 10.0 0.4 14.0029 0.0 600.0
0.0 1.6 10.0 0.4146 15.4 -0.0003 616.6667
0.0 1.6 10.0 0.5695 17.9039 -0.0004 633.3333
0.0 1.6 10.0 0.8278 20.5125 -0.0008 650.0
0.0 1.6 10.0 1.2775 23.9269 -0.0006 666.6667
0.0 1.6 10.0 1.5546 26.2019 -0.0001 683.3333
0.0 1.6 10.0 1.7859 28.7944 -0.0004 700.0
0.0 1.6 10.0 1.8979 30.0271 0.0 716.6667
0.0 1.6 10.0 2.0029 31.2941 -0.0001 733.3333
0.0 1.6 10.0 2.15 33.4999 0.0 750.0
0.0 1.6 10.0 2.15 34.5647 0.0 766.6667
0.0 1.6 10.0 2.15 35.5603 0.0 783.3333
0.0 1.6 10.0 2.15 36.2999 0.0 800.0
0.0 1.6 10.0 2.15 36.7411 0.0 816.6667
0.0 1.6 10.0 2.15 37.5666 0.0 833.3333
0.0 1.6 10.0 2.1 38.0999 0.0 850.0
0.0 1.6 10.0 2.051 38.5411 0.0 866.6667
0.0 1.6 10.0 1.9471 38.8587 0.0 883.3333
0.0 1.6 10.0 1.8 39.2999 0.0 900.0
0.0 1.6 10.0 1.6529 39.643 0.0 916.6667
0.0 1.6 10.0 1.5059 39.9862 0.0 933.3333
0.0 1.6 10.0 1.2648 40.5175 0.0001 950.0
0.0 1.6 10.0 1.1195 40.898 0.0001 966.6667
0.0001 1.6 10.0001 0.6971 41.5323 0.0003 983.3333
0.0 1.6 10.0 0.5 41.9 0.0 1000.0
0.0002 1.6 10.0002 0.3529 42.1451 0.0 1016.6667
-0.0231 1.6002 9.9746 0.2641 42.3649 0.0 1033.3333
-0.0547 1.6003 9.9404 0.11 42.68 0.0 1050.0
-0.0844 1.6003 9.9084 0.051 42.9448 0.0 1066.6667
-0.1125 1.6003 9.8784 0.05 43.0941 0.0 1083.3333
-0.1389 1.6003 9.8503 0.0056 43.1444 0.0 1100.0
-0.1684 1.6003 9.8189 0.0 43.1958 0.0 1116.6667
-0.1982 1.6003 9.7871 0.0 43.2 0.0 1133.3333
-0.2262 1.6003 9.7573 0.0 43.2 0.0 1150.0
-0.2559 1.6003 9.7256 0.0 43.2 0.0 1166.6667
-0.2841 1.6003 9.6957 0.0 43.2 0.0 1183.3333
-0.3121 1.6003 9.6659 0.0 43.2 0.0 1200.0
-0.3403 1.6003 9.6359 0.0 43.2 0.0 1216.6667
-0.3664 1.6003 9.608 0.0 43.2 0.0 1233.3333
-0.3977 1.6003 9.5746 0.0 43.2 0.0 1250.0
-0.426 1.6003 9.5445 0.0 43.2 0.0 1266.6667
-0.4542 1.6003 9.5146 0.0 43.2 0.0 1283.3333
-0.4803 1.6003 9.4867 0.0 43.2 0.0 1300.0
-0.5116 1.6003 9.4534 0.0 43.2456 0.0 1316.6667
-0.5401 1.6003 9.4232 0.0 43.2951 0.0 1333.3333
-0.5681 1.6003 9.3936 0.0 43.3882 0.0 1350.0
-0.5961 1.6003 9.3639 0.0 43.4 0.0 1366.6667
-0.6261 1.6003 9.3324 0.0 43.4896 0.0 1383.3333
-0.6544 1.6003 9.3026 0.0 43.5882 0.0 1400.0
-0.6844 1.6003 9.2713 0.0 43.8292 0.0 1416.6667
-0.7131 1.6003 9.2417 -0.0451 44.0304 0.0 1433.3333
-0.7415 1.6003 9.2125 -0.05 44.3588 0.0 1450.0
-0.7723 1.6002 9.1817 -0.0958 45.0418 0.0 1466.6667
-0.8002 1.6001 9.1545 -0.1 45.526 0.0 1483.3333
-0.8293 1.6 9.1266 -0.1411 46.1354 0.0001 1500.0
-0.8607 1.5999 9.0968 -0.15 46.5918 0.0 1516.6667
-0.8927 1.5998 9.067 -0.15 47.0084 0.0 1533.3333
-0.923 1.5996 9.039 -0.1941 47.3148 0.0 1550.0
-0.9514 1.5995 9.0131 -0.2 47.5538 0.0 1566.6667
-0.9832 1.5993 8.9841 -0.2 47.6418 0.0 1583.3333
-1.0137 1.5992 8.9562 -0.2 47.6501 0.0 1600.0
-1.0456 1.5991 8.9272 -0.2 47.6501 0.0 1616.6667
-1.0763 1.5989 8.8992 -0.2 47.6501 0.0 1633.3333
-1.1063 1.5988 8.8719 -0.2 47.6501 0.0 1650.0
-1.1384 1.5986 8.8426 -0.2 47.6501 0.0 1666.6667
-1.1688 1.5985 8.8149 -0.2 47.6501 0.0 1683.3333
-1.2008 1.5983 8.7857 -0.2 47.6501 0.0 1700.0
-1.2313 1.5982 8.7579 -0.2 47.6501 0.0 1716.6667
-1.2615 1.598 8.7303 -0.2 47.6501 0.0 1733.3333
-1.2919 1.5979 8.7027 -0.2 47.6501 0.0 1750.0
-1.322 1.5977 8.6753 -0.2 47.6501 0.0 1766.6667
-1.3539 1.5976 8.6461 -0.2 47.6501 0.0 1783.3333
-1.3862 1.5974 8.6168 -0.2 47.6501 0.0 1800.0
-1.417 1.5973 8.5887 -0.2 47.6501 0.0 1816.6667
-1.4435 1.5972 8.5645 -0.2 47.6501 0.0 1833.3333
-1.4766 1.597 8.5344 -0.2 47.6501 0.0 1850.0
-1.5075 1.5969 8.5062 -0.2 47.6501 0.0 1866.6667
-1.5397 1.5967 8.4769 -0.2 47.6501 0.0 1883.3333
-1.5676 1.5966 8.4513 -0.2 47.6501 0.0 1900.0
-1.6018 1.5964 8.4202 -0.2 47.6501 0.0 1916.6667
-1.6071 1.5964 8.4154 -0.325 47.7334 0.0 1933.3333
-1.6059 1.5964 8.4164 -0.4735 47.8325 0.0 1950.0
-1.6063 1.5964 8.4161 -0.5 47.8903 0.0 1966.6667
-1.6062 1.5964 8.4162 -0.5 47.9001 0.0 1983.3333
-1.6062 1.5964 8.4162 -0.6538 48.0924 0.0001 2000.0
-1.6062 1.5964 8.4162 -0.738 48.226 0.0 2016.6667
-1.6062 1.5964 8.4162 -0.7863 48.3589 0.0 2033.3333
-1.6062 1.5964 8.4162 -0.8375 48.4751 0.0 2050.0
-1.6062 1.5964 8.4162 -0.85 48.5746 0.0 2066.6667
-1.6062 1.5964 8.4162 -0.85 48.6001 0.0 2083.3333
-1.6062 1.5964 8.4162 -0.8139 48.6362 0.0 2100.0
-1.6062 1.5964 8.4162 -0.7611 48.689 0.0 2116.6667
-1.6062 1.5964 8.4162 -0.713 48.7001 0.0 2133.3333
-1.606 1.5964 8.4163 -0.7 48.7001 0.0 2150.0
-1.6068 1.5964 8.4156 -0.6657 48.7001 0.0 2166.6667
-1.6044 1.5964 8.4178 -0.65 48.7001 0.0 2183.3333
-1.6277 1.5961 8.3974 -0.619 48.7001 0.0 2200.0
-1.6622 1.5956 8.3671 -0.6 48.7001 0.0 2216.6667
-1.6918 1.5952 8.341 -0.5755 48.7246 0.0 2233.3333
-1.7239 1.5949 8.3128 -0.525 48.7501 0.0 2250.0
-1.7559 1.5945 8.2848 -0.5 48.7501 0.0 2266.6667
-1.7863 1.5941 8.2582 -0.5 48.7501 0.0 2283.3333
-1.8182 1.5938 8.2302 -0.5 48.7501 0.0 2300.0
-1.8501 1.5934 8.2021 -0.5 48.7501 0.0 2316.6667
-1.8805 1.593 8.1755 -0.5 48.7501 0.0 2333.3333
-1.9125 1.5926 8.1475 -0.475 48.7751 0.0 2350.0
-1.9444 1.5924 8.1196 -0.399 48.8511 0.0 2366.6667
-1.9751 1.5922 8.0928 -0.3255 48.9001 0.0 2383.3333
-2.0058 1.5919 8.0661 -0.3 48.9236 0.0 2400.0
-2.0378 1.5917 8.0382 -0.276 48.9501 0.0 2416.6667
-2.0699 1.5915 8.0102 -0.2255 48.9746 0.0 2433.3333
-2.1003 1.5914 7.9838 -0.153 49.0472 0.0 2450.0
-2.1325 1.5914 7.9561 -0.076 49.1241 0.0 2466.6667
-2.1646 1.5914 7.9283 -0.001 49.1746 0.0 2483.3333
-2.1954 1.5914 7.9017 0.0735 49.2237 0.0 2500.0
-2.2263 1.5915 7.8752 0.1451 49.2953 0.0 2516.6667
-2.2585 1.5917 7.8474 0.2229 49.3502 0.0 2533.3333
-2.29 1.5919 7.8205 0.25 49.3502 0.0 2550.0
-2.3194 1.5921 7.7952 0.2696 49.3502 0.0 2566.6667
-2.3514 1.5923 7.7677 0.3 49.37 0.0 2583.3333
-2.3846 1.5925 7.7392 0.3219 49.4002 0.0 2600.0
-2.4172 1.5928 7.7113 0.3725 49.4002 0.0 2616.6667
-2.4466 1.5931 7.6861 0.4 49.4002 0.0 2633.3333
-2.4785 1.5934 7.6588 0.4 49.4002 0.0 2650.0
-2.5118 1.5937 7.6303 0.4 49.4002 0.0 2666.6667
-2.541 1.594 7.6053 0.4 49.4002 0.0 2683.3333
-2.572 1.5943 7.5786 0.4 49.4002 0.0 2700.0
-2.6047 1.5946 7.5507 0.4 49.4002 0.0 2716.6667
-2.6387 1.5948 7.5216 0.4 49.4002 0.0 2733.3333
-2.6693 1.5951 7.4954 0.4 49.4002 0.0 2750.0
-2.7003 1.5954 7.4688 0.4 49.4002 0.0 2766.6667
-2.7322 1.5957 7.4414 0.4 49.4002 0.0 2783.3333
-2.7648 1.596 7.4135 0.4 49.4002 0.0 2800.0
-2.7956 1.5963 7.387 0.4 49.4002 0.0 2816.6667
-2.8266 1.5966 7.3605 0.4 49.4002 0.0 2833.3333
-2.8585 1.5969 7.3331 0.4 49.4002 0.0 2850.0
-2.8908 1.5972 7.3054 0.4 49.4002 0.0 2866.6667
-2.9227 1.5975 7.2781 0.4 49.4002 0.0 2883.3333
-2.9543 1.5978 7.251 0.4194 49.4002 0.0 2900.0
-2.9845 1.5981 7.2251 0.4855 49.3471 0.0 2916.6667
-3.0172 1.5985 7.1968 0.5686 49.2129 0.0 2933.3333
-3.0479 1.599 7.1703 0.6177 49.1325 0.0 2950.0
-3.0788 1.5995 7.1435 0.6667 49.0834 0.0 2966.6667
-3.1105 1.6 7.116 0.7 49.0501 0.0 2983.3333
-3.1428 1.6005 7.088 0.7 49.0325 0.0 3000.0
-3.1742 1.601 7.0607 0.7177 49.0001 0.0 3016.6667
-3.2067 1.6016 7.0324 0.75 48.9628 0.0 3033.3333
-3.237 1.6021 7.0059 0.75 48.8825 0.0 3050.0
-3.2689 1.6027 6.978 0.7677 48.8324 0.0 3066.6667
-3.3002 1.6033 6.9506 0.8 48.7649 0.0 3083.3333
-3.3301 1.6038 6.9243 0.8156 48.6532 0.0 3100.0
-3.3619 1.6045 6.8962 0.85 48.4714 0.0 3116.6667
-3.391 1.605 6.87 0.8636 48.2459 0.0 3133.3333
-3.4245 1.6057 6.8409 0.9 48.0532 0.0 3150.0
-3.4541 1.6064 6.8102 0.9 47.9001 0.0 3166.6667
-3.4924 1.6071 6.7916 0.9157 47.7374 0.0 3183.3333
-3.553 1.6077 6.7974 0.95 47.5266 0.0 3200.0
-3.6112 1.6084 6.7989 0.9792 47.3209 0.0 3216.6667
-3.6723 1.6093 6.8015 1.05 47.1873 0.0 3233.3333
-3.7293 1.61 6.8035 1.05 46.9766 0.0 3250.0
-3.7888 1.6107 6.8052 1.05 46.698 0.0 3266.6667
-3.8485 1.6115 6.8067 1.05 46.302 0.0 3283.3333
-3.9034 1.6123 6.8071 1.075 45.8876 0.0001 3300.0
-3.9676 1.6131 6.8094 1.15 45.5542 0.0 3316.6667
-4.02 1.614 6.8012 1.1815 45.0431 0.0001 3333.3333
-4.0445 1.615 6.7694 1.25 44.5333 0.0 3350.0
-4.0728 1.6158 6.7419 1.273 44.0427 0.0001 3366.6667
-4.1031 1.6169 6.7099 1.35 43.7417 0.0 3383.3333
-4.1326 1.6178 6.6789 1.3795 43.3618 0.0001 3400.0
-4.1603 1.6189 6.6492 1.45 43.0266 0.0 3416.6667
-4.1885 1.62 6.6184 1.4771 42.6459 0.0 3433.3333
-4.2176 1.6211 6.5866 1.55 42.4412 0.0 3450.0
-4.2449 1.6222 6.5565 1.5775 42.1627 0.0001 3466.6667
-4.2722 1.6234 6.5259 1.65 41.7363 0.0 3483.3333
-4.2992 1.6246 6.4953 1.6736 41.4324 0.0001 3500.0
-4.3264 1.6259 6.464 1.773 40.8667 0.0002 3516.6667
-4.3548 1.6274 6.4302 1.85 40.1282 0.0 3533.3333
-4.3811 1.6287 6.3983 1.8764 39.6817 0.0001 3550.0
-4.4048 1.6299 6.37 1.9667 39.2751 0.0001 3566.6667
-4.4312 1.6315 6.3345 2.05 38.848 0.0 3583.3333
-4.4642 1.6331 6.306 2.05 38.6148 0.0 3600.0
-4.5249 1.6345 6.3021 2.05 38.457 0.0 3616.6667
-4.5815 1.636 6.2946 2.05 38.2511 0.0 3633.3333
-4.6399 1.6375 6.2877 2.05 38.022 0.0 3650.0
-4.7009 1.639 6.28 2.05 37.8785 0.0 3666.6667
-4.7569 1.6405 6.273 2.05 37.7816 0.0 3683.3333
-4.8123 1.6419 6.2657 2.05 37.6801 0.0 3700.0
-4.8782 1.6435 6.2583 2.05 37.5285 0.0 3716.6667
-4.929 1.645 6.2467 2.05 37.4207 0.0 3733.3333
-4.9517 1.6465 6.2116 2.05 37.2813 0.0 3750.0
-4.9784 1.648 6.1778 2.05 37.1785 0.0 3766.6667
-5.003 1.6495 6.1447 2.05 37.0793 0.0 3783.3333
-5.0292 1.6511 6.1101 2.05 36.9883 0.0 3800.0
-5.0536 1.6525 6.0776 2.05 36.9177 0.0 3816.6667
-5.0781 1.654 6.0449 2.05 36.7805 0.0 3833.3333
-5.1028 1.6554 6.0117 2.05 36.672 0.0 3850.0
-5.1286 1.6569 5.9767 2.05 36.507 0.0 3866.6667
-5.1524 1.6584 5.9445 2.05 36.3131 0.0 3883.3333
-5.1754 1.6598 5.9128 2.05 36.1188 0.0 3900.0
-5.2011 1.6613 5.8778 2.05 35.8844 0.0 3916.6667
-5.2241 1.6628 5.8438 2.0427 35.7491 0.0 3933.3333
-5.2538 1.6644 5.8117 2.0 35.3972 0.0 3950.0
-5.3134 1.6657 5.804 1.9922 35.1344 0.0 3966.6667
-5.3703 1.6672 5.7933 1.95 35.0064 0.0 3983.3333
-5.4308 1.6687 5.7825 1.9412 34.6442 0.0 4000.0
-5.4873 1.67 5.7715 1.9 34.1266 0.0 4016.6667
-5.5442 1.6714 5.7605 1.8931 33.9658 0.0 4033.3333
-5.6013 1.6727 5.749 1.85 33.7376 0.0 4050.0
-5.6625 1.6741 5.7376 1.8422 33.6266 0.0 4066.6667
-5.7151 1.6754 5.7236 1.8 33.4864 0.0 4083.3333
-5.7356 1.6767 5.6876 1.8 33.3876 0.0 4100.0
-5.7599 1.678 5.6518 1.7921 33.253 0.0 4116.6667
-5.782 1.6793 5.6175 1.75 32.9864 0.0 4133.3333
-5.8041 1.6805 5.5831 1.7441 32.8707 0.0 4150.0
-5.8264 1.6817 5.5484 1.7 32.6345 0.0 4166.6667
-5.8497 1.683 5.5118 1.7 32.4725 0.0 4183.3333
-5.8715 1.6842 5.4773 1.6941 32.2824 0.0 4200.0
-5.8933 1.6854 5.4426 1.65 32.1206 0.0 4216.6667
-5.9149 1.6866 5.4079 1.6461 31.8343 0.0 4233.3333
-5.9365 1.6877 5.3728 1.6 31.6345 0.0 4250.0
-5.959 1.6889 5.3358 1.5954 31.377 0.0 4266.6667
-5.9789 1.6899 5.3029 1.549 31.1366 0.0 4283.3333
-6.0007 1.6911 5.2652 1.5 30.4854 0.0 4300.0
-6.0224 1.6921 5.2305 1.4979 30.2397 0.0 4316.6667
-6.083 1.6933 5.2151 1.4458 29.9751 0.0 4333.3333
-6.1415 1.6943 5.1985 1.3941 29.6589 0.0 4350.0
-6.1979 1.6953 5.1834 1.3451 29.2912 0.0 4366.6667
-6.2513 1.6962 5.1658 1.3 28.7293 0.0 4383.3333
-6.2705 1.6972 5.1266 1.2941 28.4707 0.0 4400.0
-6.2902 1.6981 5.0913 1.25 28.2316 0.0 4416.6667
-6.3083 1.6989 5.057 1.249 28.0439 0.0 4433.3333
-6.3286 1.6999 5.0185 1.2 27.7413 0.0 4450.0
-6.3475 1.7007 4.9821 1.1979 27.5876 0.0 4466.6667
-6.3674 1.7016 4.9436 1.15 27.2853 0.0 4483.3333
-6.385 1.7024 4.9093 1.15 27.1001 0.0 4500.0
-6.4045 1.7032 4.8703 1.1 26.6397 0.0 4516.6667
-6.4237 1.7041 4.8316 1.0963 26.3853 0.0 4533.3333
-6.4407 1.7047 4.797 1.05 26.2001 0.0 4550.0
-6.4586 1.7055 4.7603 1.05 26.004 0.0 4566.6667
-6.4775 1.7063 4.7212 1.05 25.6972 0.0 4583.3333
-6.4952 1.707 4.6841 1.05 25.5501 0.0 4600.0
-6.5145 1.7078 4.6452 1.05 25.2903 0.0 4616.6667
-6.5698 1.7086 4.6259 1.05 25.0462 0.0 4633.3333
-6.6241 1.7093 4.6058 1.05 24.8501 0.0 4650.0
-6.6818 1.7101 4.5839 1.05 24.0864 0.0 4666.6667
-6.7351 1.7108 4.5628 1.05 23.739 0.0 4683.3333
-6.7503 1.7116 4.5273 1.05 23.1834 0.0 4700.0
-6.7664 1.7124 4.487 1.05 22.3668 0.0 4716.6667
-6.7828 1.7131 4.4467 1.049 22.1439 0.0 4733.3333
-6.799 1.7139 4.4065 1.0 21.8418 0.0 4750.0
-6.8132 1.7146 4.3707 1.0 21.7029 0.0 4766.6667
-6.8291 1.7153 4.3302 1.0 21.4991 0.0 4783.3333
-6.8441 1.7161 4.2921 1.0 21.4501 0.0 4800.0
-6.859 1.7168 4.254 1.0 21.3521 0.0 4816.6667
-6.8739 1.7175 4.2157 1.0 21.206 0.0 4833.3333
-6.8886 1.7183 4.1776 1.0 21.106 0.0 4850.0
-6.9042 1.719 4.137 1.0 21.0022 0.0 4866.6667
-6.9197 1.7197 4.0964 1.0 20.9472 0.0 4883.3333
-6.9343 1.7204 4.0581 1.0 20.8001 0.0 4900.0
-6.9487 1.7212 4.0198 1.0 20.653 0.0 4916.6667
-6.964 1.7219 3.979 1.0 20.4962 0.0 4933.3333
-6.9782 1.7226 3.9406 1.0 20.3001 0.0 4950.0
-6.9901 1.7233 3.9039 1.0 20.0223 0.0 4966.6667
-7.0399 1.724 3.8787 1.0 19.8198 0.0 4983.3333
-7.0959 1.7248 3.8526 1.0 19.6127 0.0 5000.0
-7.1515 1.7255 3.8259 0.951 19.4044 0.0 5016.6667
-7.2006 1.7261 3.8019 0.95 19.0371 0.0 5033.3333
-7.2554 1.7269 3.775 0.95 18.8126 0.0 5050.0
-7.3078 1.7275 3.7492 0.95 18.6158 0.0 5066.6667
-7.3587 1.7282 3.7232 0.95 18.4648 0.0 5083.3333
-7.4152 1.729 3.696 0.95 18.3095 0.0 5100.0
-7.4299 1.7296 3.6577 0.95 18.2079 0.0 5116.6667
-7.4429 1.7304 3.6163 0.95 18.2001 0.0 5133.3333
-7.4558 1.7311 3.5772 0.95 18.153 0.0 5150.0
-7.4677 1.7317 3.5406 0.95 18.1066 0.0 5166.6667
-7.481 1.7323 3.4997 0.95 18.0553 0.0 5183.3333
-7.4945 1.7331 3.4581 0.9031 17.9095 0.0 5200.0
-7.5071 1.7338 3.419 0.9 17.854 0.0 5216.6667
-7.5196 1.7343 3.38 0.9 17.6697 0.0 5233.3333
-7.5318 1.735 3.3409 0.9 17.3413 0.0 5250.0
-7.5438 1.7356 3.3019 0.9 17.1276 0.0 5266.6667
-7.5563 1.7362 3.2603 0.8552 16.9657 0.0 5283.3333
-7.5689 1.7369 3.221 0.85 16.7736 0.0 5300.0
-7.5776 1.7375 3.1811 0.85 16.5776 0.0 5316.6667
-7.6276 1.7381 3.1505 0.8052 16.3709 0.0 5333.3333
-7.6795 1.7387 3.1226 0.8 16.1736 0.0 5350.0
-7.7296 1.7392 3.0947 0.7569 15.9776 0.0 5366.6667
-7.7834 1.7398 3.0646 0.75 15.8157 0.0 5383.3333
-7.8335 1.7403 3.0363 0.7059 15.4913 0.0 5400.0
-7.8875 1.7408 3.0056 0.6542 15.3126 0.0 5416.6667
-7.928 1.7412 2.9814 0.65 15.1468 0.0 5433.3333
-7.9881 1.7416 2.949 0.6071 14.8858 0.0 5450.0
-8.0041 1.7422 2.907 0.6 14.7584 0.0 5466.6667
-8.0128 1.7425 2.8693 0.5574 14.4945 0.0 5483.3333
-8.0231 1.7429 2.83 0.5088 14.1207 0.0 5500.0
-8.0329 1.7432 2.7903 0.4598 13.9295 0.0 5516.6667
-8.0429 1.7436 2.7484 0.4083 13.4418 0.0 5533.3333
-8.0529 1.7438 2.7058 0.3562 13.2189 0.0 5550.0
-8.0623 1.744 2.6654 0.3069 13.0277 0.0 5566.6667
-8.0707 1.7442 2.628 0.2602 12.6817 0.0 5583.3333
-8.0796 1.7444 2.586 0.2094 12.3158 0.0 5600.0
-8.0891 1.7445 2.5458 0.2 11.9688 0.0 5616.6667
-8.095 1.7446 2.5027 0.1583 11.4835 0.0 5633.3333
-8.1345 1.7447 2.4707 0.1111 11.1669 0.0 5650.0
-8.1861 1.7447 2.4377 0.0604 10.7835 0.0 5666.6667
-8.2364 1.7447 2.4009 -0.0751 9.2003 -0.0003 5683.3333
-8.2807 1.7446 2.3681 -0.1389 8.3947 0.0 5700.0
-8.3282 1.7444 2.3315 -0.1896 7.3002 -0.0001 5716.6667
-8.3762 1.7442 2.2929 -0.2417 6.6335 0.0 5733.3333
-8.4246 1.744 2.256 -0.2911 5.809 -0.0001 5750.0
-8.4347 1.7439 2.2184 -0.3379 5.4604 0.0 5766.6667
-8.4365 1.7436 2.1756 -0.3499 5.2075 0.0 5783.3333
-8.4406 1.7433 2.1345 -0.3499 5.0355 0.0 5800.0
-8.4441 1.743 2.0916 -0.3895 4.8814 0.0 5816.6667
-8.4476 1.7428 2.0501 -0.3999 4.6933 0.0 5833.3333
-8.4507 1.7425 2.0097 -0.3999 4.5355 0.0 5850.0
-8.454 1.7421 1.9665 -0.4395 4.3023 0.0 5866.6667
-8.457 1.7418 1.9251 -0.4499 4.0933 0.0 5883.3333
-8.4596 1.7414 1.8843 -0.4881 3.7062 0.0 5900.0
-8.4621 1.7411 1.8436 -0.4999 3.4513 0.0 5916.6667
-8.4645 1.7407 1.8005 -0.4999 3.2461 0.0 5933.3333
-8.4668 1.7404 1.7588 -0.4999 3.0856 0.0 5950.0
-8.4689 1.74 1.7184 -0.5372 2.9385 0.0 5966.6667
-8.4707 1.7396 1.6752 -0.5499 2.5149 0.0 5983.3333
-8.4723 1.7391 1.6336 -0.5499 2.1709 0.0 6000.0
-8.4737 1.7387 1.5929 -0.5499 1.8768 0.0 6016.6667
-8.4748 1.7383 1.5518 -0.5862 1.6552 0.0 6033.3333
-8.4759 1.7379 1.5112 -0.5999 1.4591 0.0 6050.0
-8.4769 1.7374 1.4681 -0.5999 1.2909 0.0 6066.6667
-8.4777 1.737 1.4263 -0.5999 1.1777 0.0 6083.3333
-8.4785 1.7366 1.3858 -0.5999 1.1149 0.0 6100.0
-8.4792 1.7361 1.3428 -0.5999 0.9908 0.0 6116.6667
-8.4799 1.7357 1.3007 -0.5999 0.9139 0.0 6133.3333
-8.4805 1.7353 1.2622 -0.5999 0.9002 0.0 6150.0
-8.4812 1.7348 1.2204 -0.5999 0.9002 0.0 6166.6667
-8.4818 1.7344 1.1762 -0.5999 0.8648 0.0 6183.3333
-8.4824 1.7339 1.1349 -0.5999 0.8502 0.0 6200.0
-8.483 1.7335 1.092 -0.5999 0.8502 0.0 6216.6667
-8.4837 1.7331 1.0501 -0.5999 0.8502 0.0 6233.3333
-8.4843 1.7326 1.0097 -0.5999 0.7796 0.0 6250.0
-8.4845 1.7322 0.9666 -0.5999 0.6044 0.0 6266.6667
-8.4859 1.7317 0.9246 -0.5999 0.4414 0.0 6283.3333
-8.4814 1.7313 0.8857 -0.5999 0.2335 0.0 6300.0
-8.5086 1.731 0.8458 -0.5999 -0.038 0.0 6316.6667
-8.5541 1.7305 0.8029 -0.5999 -0.3436 0.0 6333.3333
-8.5969 1.7301 0.758 -0.5312 -0.8623 0.0001 6350.0
-8.6359 1.7298 0.7175 -0.4351 -1.4063 0.0001 6366.6667
-8.6749 1.7295 0.6747 -0.3999 -1.7935 0.0 6383.3333
-8.7214 1.7293 0.629 -0.3312 -2.2436 0.0001 6400.0
-8.7314 1.7291 0.5855 -0.2313 -2.7773 0.0001 6416.6667
-8.726 1.7289 0.553 -0.1459 -3.0577 0.0 6433.3333
-8.7249 1.7289 0.5108 -0.0999 -3.3131 0.0 6450.0
-8.7216 1.7289 0.4622 -0.0758 -3.572 0.0 6466.6667
-8.719 1.7288 0.4209 -0.0499 -3.7415 0.0 6483.3333
-8.716 1.7288 0.3779 -0.0499 -3.9204 0.0 6500.0
-8.7132 1.7288 0.338 -0.0499 -4.0449 0.0 6516.6667
-8.7101 1.7287 0.2957 -0.027 -4.1228 0.0 6533.3333
-8.707 1.7287 0.2533 0.0001 -4.197 0.0 6550.0
-8.704 1.7287 0.2128 0.0001 -4.3175 0.0 6566.6667
-8.7008 1.7287 0.1717 0.0217 -4.4862 0.0 6583.3333
-8.6975 1.7288 0.1312 0.0501 -4.6823 0.0 6600.0
-8.6939 1.7288 0.0892 0.0918 -4.8832 0.0 6616.6667
-8.69 1.729 0.0466 0.1932 -5.0861 0.0 6633.3333
-8.6863 1.7292 0.0063 0.2913 -5.3439 0.0001 6650.0
-8.6822 1.7294 -0.0357 0.3501 -5.6331 0.0 6666.6667
-8.6778 1.7297 -0.0785 0.3501 -5.8792 0.0 6683.3333
-8.6735 1.7299 -0.1175 0.389 -6.1859 0.0001 6700.0
-8.6689 1.7303 -0.1573 0.4501 -6.5769 0.0 6716.6667
-8.6635 1.7306 -0.2014 0.4897 -6.9988 0.0001 6733.3333
-8.6582 1.7311 -0.2431 0.5913 -7.2322 0.0 6750.0
-8.6528 1.7316 -0.2847 0.6501 -7.4331 0.0 6766.6667
-8.6471 1.7321 -0.3271 0.6932 -7.6361 0.0 6783.3333
-8.6415 1.7326 -0.3674 0.7501 -7.8527 0.0 6800.0
-8.6358 1.7332 -0.4081 0.7893 -8.0782 0.0 6816.6667
-8.63 1.7338 -0.4483 0.8501 -8.2743 0.0 6833.3333
-8.6238 1.7344 -0.49 0.8688 -8.4373 0.0 6850.0
-8.6174 1.7351 -0.5321 0.9001 -8.6174 0.0 6866.6667
-8.6109 1.7358 -0.5733 0.9001 -8.879 0.0 6883.3333
-8.6041 1.7365 -0.6157 0.9001 -9.041 0.0 6900.0
-8.5977 1.7371 -0.6558 0.9001 -9.1782 0.0 6916.6667
-8.5911 1.7377 -0.696 0.9001 -9.4116 0.0 6933.3333
-8.5839 1.7384 -0.7374 0.9001 -9.8248 0.0 6950.0
-8.5762 1.739 -0.7795 0.9001 -10.3371 0.0 6966.6667
-8.5687 1.7397 -0.8195 0.9001 -10.6057 0.0 6983.3333
-8.561 1.7403 -0.8596 0.9354 -10.8411 0.0001 7000.0
-8.5529 1.7411 -0.9008 1.0001 -11.2062 0.0 7016.6667
-8.5443 1.7419 -0.9429 1.0001 -11.5675 0.0 7033.3333
-8.5359 1.7425 -0.9822 1.0001 -12.0087 0.0 7050.0
-8.5268 1.7432 -1.0233 1.0001 -12.477 0.0 7066.6667
-8.5172 1.744 -1.0654 1.0001 -12.8558 0.0 7083.3333
-8.5083 1.7447 -1.1037 1.0001 -13.0832 0.0 7100.0
-8.4989 1.7454 -1.1429 1.0001 -13.5249 0.0 7116.6667
-8.4886 1.7461 -1.1837 1.0001 -14.1425 0.0 7133.3333
-8.4784 1.7469 -1.2224 1.0001 -14.8399 0.0 7150.0
-8.4659 1.7476 -1.2666 1.0001 -15.6832 0.0 7166.6667
-8.4552 1.7483 -1.3038 1.0001 -16.2277 0.0 7183.3333
-8.4433 1.749 -1.3429 1.0001 -16.7699 0.0 7200.0
-8.4299 1.7499 -1.3863 1.0334 -17.2166 0.0001 7216.6667
-8.4177 1.7506 -1.4247 1.1001 -17.5283 0.0 7233.3333
-8.4054 1.7515 -1.4634 1.1279 -17.7138 0.0 7250.0
-8.3936 1.7523 -1.5 1.2001 -17.7499 0.0 7266.6667
-8.3807 1.7531 -1.5404 1.2001 -17.7499 0.0 7283.3333
-8.3669 1.7541 -1.5835 1.2148 -17.7646 0.0 7300.0
-8.3543 1.755 -1.6226 1.2938 -17.8582 0.0001 7316.6667
-8.341 1.7561 -1.6635 1.4471 -18.0626 0.0001 7333.3333
-8.3279 1.7573 -1.703 1.6126 -18.278 0.0001 7350.0
-8.3144 1.7585 -1.7432 1.8444 -18.6545 0.0004 7366.6667
-8.3017 1.76 -1.7793 2.1519 -19.3038 0.0006 7383.3333
-8.2874 1.7619 -1.8187 2.525 -20.0124 0.0002 7400.0
-8.2723 1.764 -1.8588 2.8186 -20.4734 0.0002 7416.6667
-8.2576 1.7662 -1.8977 3.0541 -20.8947 0.0001 7433.3333
-8.2423 1.7687 -1.937 3.2832 -21.3027 0.0003 7450.0
-8.2277 1.7711 -1.9733 3.5573 -21.7686 0.0001 7466.6667
-8.2114 1.774 -2.0136 3.7883 -22.0381 0.0 7483.3333
-8.1962 1.7768 -2.051 3.9236 -22.1734 0.0 7500.0
-8.1804 1.7797 -2.0894 4.0116 -22.2728 0.0 7516.6667
-8.1641 1.7827 -2.129 4.0756 -22.3881 0.0 7533.3333
-8.1482 1.7858 -2.1671 4.1751 -22.5124 0.0 7550.0
-8.1317 1.789 -2.2069 4.2638 -22.5636 0.0 7566.6667
-8.1161 1.792 -2.2444 4.3128 -22.6254 0.0 7583.3333
-8.1004 1.7951 -2.282 4.3736 -22.7117 0.0 7600.0
-8.0842 1.7984 -2.3205 4.4845 -22.7728 0.0 7616.6667
-8.068 1.8018 -2.3588 4.6115 -22.8499 0.0 7633.3333
-8.0536 1.8048 -2.3931 4.6634 -22.85 0.0 7650.0
-8.0358 1.8086 -2.4354 4.7717 -22.8715 0.0 7666.6667
-8.0198 1.8122 -2.4731 4.8813 -22.9708 0.0 7683.3333
-8.0034 1.8158 -2.5117 5.0317 -23.0605 0.0 7700.0
-7.9889 1.8191 -2.5456 5.1668 -23.1111 0.0 7716.6667
-7.9706 1.8235 -2.5883 5.3313 -23.2104 0.0 7733.3333
-7.9539 1.8276 -2.6273 5.5207 -23.2735 0.0001 7750.0
-7.9377 1.8317 -2.6646 5.7824 -23.3716 0.0 7766.6667
-7.9215 1.8359 -2.7019 5.9491 -23.4696 0.0 7783.3333
-7.905 1.8403 -2.7397 6.1782 -23.5594 0.0 7800.0
-7.8879 1.8451 -2.779 6.3324 -23.6108 0.0 7816.6667
-7.8714 1.8498 -2.8165 6.4918 -23.6708 0.0 7833.3333
-7.8541 1.8549 -2.8559 6.6736 -23.7618 0.0 7850.0
-7.8379 1.8596 -2.8927 6.7824 -23.8108 0.0 7866.6667
-7.8211 1.8647 -2.9306 6.9209 -23.85 0.0 7883.3333
-7.8039 1.8699 -2.9694 7.0223 -23.8722 0.0 7900.0
-7.7885 1.8747 -3.0042 7.1158 -23.95 0.0 7916.6667
-7.7717 1.8799 -3.0419 7.2074 -23.9573 0.0 7933.3333
-7.7542 1.8854 -3.0811 7.2854 -24.0088 0.0 7950.0
-7.7377 1.8907 -3.118 7.4815 -24.0658 0.0 7966.6667
-7.7211 1.8962 -3.155 7.6707 -24.1638 0.0 7983.3333
-7.7043 1.9017 -3.1923 7.8313 -24.2688 0.0 8000.0
-7.6865 1.9079 -3.2315 8.0736 -24.4079 0.0 8016.6667
-7.6699 1.9136 -3.2681 8.2138 -24.457 0.0 8033.3333
-7.653 1.9197 -3.3054 8.3188 -24.5188 0.0 8050.0
-7.635 1.926 -3.3443 8.4815 -24.6736 0.0 8066.6667
-7.618 1.9322 -3.3811 8.6793 -24.822 0.0 8083.3333
-7.5999 1.9389 -3.42 8.8677 -24.9854 0.0 8100.0
-7.5827 1.9452 -3.4564 8.9658 -25.1815 0.0 8116.6667
-7.5654 1.9517 -3.4929 9.057 -25.3707 0.0 8133.3333
-7.5479 1.9582 -3.5298 9.1001 -25.5189 0.0 8150.0
-7.5295 1.965 -3.5681 9.1001 -25.6649 0.0 8166.6667
-7.5129 1.9712 -3.6025 9.1001 -25.7584 0.0 8183.3333
-7.4941 1.9781 -3.6412 9.1001 -25.8501 0.0 8200.0
-7.4765 1.9846 -3.6777 9.1001 -25.8553 0.0 8216.6667
-7.4576 1.9915 -3.7164 9.1001 -25.9001 0.0 8233.3333
-7.4403 1.9978 -3.7521 9.1001 -25.9054 0.0 8250.0
-7.4244 2.0036 -3.7845 9.1001 -25.9492 0.0 8266.6667
-7.4057 2.0104 -3.8232 9.0979 -25.9512 0.0 8283.3333
-7.3857 2.0177 -3.8641 8.9825 -26.0119 0.0 8300.0
-7.3681 2.0239 -3.9001 8.8256 -26.1148 0.0 8316.6667
-7.35 2.0301 -3.9366 8.571 -26.2626 0.0 8333.3333
-7.3309 2.0362 -3.9752 8.2266 -26.4119 0.0 8350.0
-7.3129 2.042 -4.0112 8.0354 -26.505 0.0 8366.6667
-7.2946 2.0476 -4.0479 7.8959 -26.5543 0.0 8383.3333
-7.2755 2.0535 -4.086 7.8445 -26.6002 0.0 8400.0
-7.2583 2.0587 -4.1203 7.798 -26.6002 0.0 8416.6667
-7.2387 2.0647 -4.1595 7.7396 -26.6037 0.0 8433.3333
-7.2226 2.0695 -4.1915 7.608 -26.6476 0.0 8450.0
-7.2021 2.0754 -4.2324 7.3481 -26.6522 0.0 8466.6667
-7.1839 2.0806 -4.2685 7.2928 -26.7002 0.0 8483.3333
-7.1646 2.0858 -4.3072 6.9413 -26.7002 0.0 8500.0
-7.1463 2.0907 -4.3434 6.7942 -26.7002 0.0 8516.6667
-7.1279 2.0954 -4.3798 6.6459 -26.7002 0.0 8533.3333
-7.1086 2.1003 -4.4185 6.4266 -26.7002 0.0 8550.0
-7.0903 2.1046 -4.4547 6.0383 -26.7002 0.0 8566.6667
-7.0719 2.1087 -4.4912 5.7472 -26.7002 0.0 8583.3333
-7.0536 2.1127 -4.5276 5.6001 -26.7002 0.0 8600.0
-7.0341 2.1169 -4.5663 5.4962 -26.7002 0.0 8616.6667
-7.0159 2.1207 -4.6027 5.3992 -26.7002 0.0 8633.3333
-6.9987 2.1243 -4.6369 5.3529 -26.7002 0.0 8650.0
-6.978 2.1286 -4.678 5.2481 -26.7002 0.0 8666.6667
-6.9598 2.1323 -4.7143 5.1992 -26.7002 0.0 8683.3333
-6.9424 2.1357 -4.7486 5.1529 -26.7002 0.0 8700.0
-6.9243 2.1394 -4.7847 5.1501 -26.7002 0.0 8716.6667
-6.9036 2.1435 -4.8259 5.1491 -26.7002 0.0 8733.3333
-6.8853 2.1471 -4.8623 5.1001 -26.7002 0.0 8750.0
-6.867 2.1507 -4.8987 5.1001 -26.7002 0.0 8766.6667
-6.8475 2.1545 -4.9375 4.9462 -26.7002 0.0 8783.3333
-6.8291 2.1579 -4.974 4.7501 -26.7002 0.0 8800.0
-6.8108 2.1612 -5.0104 4.6521 -26.7002 0.0 8816.6667
-6.7913 2.1646 -5.0491 4.3464 -26.7511 0.0 8833.3333
-6.774 2.1673 -5.0835 4.1612 -26.7974 0.0 8850.0
-6.7545 2.1703 -5.122 3.9543 -26.8002 0.0 8866.6667
-6.7348 2.1732 -5.1609 3.6952 -26.8512 0.0 8883.3333
-6.7163 2.1756 -5.1973 3.4501 -26.9002 0.0 8900.0
-6.6977 2.1779 -5.2337 3.205 -26.9492 0.0 8916.6667
-6.68 2.18 -5.2706 3.0079 -27.0463 0.0 8933.3333
-6.6222 2.1821 -5.2898 2.7501 -27.1002 0.0 8950.0
-6.5702 2.1839 -5.3064 2.6112 -27.1002 0.0 8966.6667
-6.5121 2.1857 -5.3253 2.5043 -27.1481 0.0 8983.3333
-6.4566 2.1874 -5.3431 2.3119 -27.1502 0.0 9000.0
-6.4018 2.189 -5.3607 2.2079 -27.1502 0.0 9016.6667
-6.3432 2.1905 -5.3796 2.0563 -27.1023 0.0 9033.3333
-6.2879 2.1919 -5.3975 1.8619 -26.959 0.0 9050.0
-6.2332 2.1931 -5.4155 1.7579 -26.858 0.0 9066.6667
-6.1748 2.1943 -5.4348 1.5105 -26.6585 0.0 9083.3333
-6.1197 2.1953 -5.4532 1.406 -26.5561 0.0 9100.0
-6.0648 2.1962 -5.4717 1.2619 -26.3659 0.0 9116.6667
-6.0099 2.1969 -5.4903 1.0697 -26.1698 0.0 9133.3333
-5.9524 2.1976 -5.5106 0.7688 -25.8221 0.0001 9150.0
-5.8959 2.198 -5.5292 0.5658 -25.662 0.0 9166.6667
-5.8762 2.1982 -5.5652 0.3246 -25.4247 0.0001 9183.3333
-5.8595 2.1983 -5.6024 0.1677 -25.2237 0.0 9200.0
-5.841 2.1982 -5.6417 -0.1249 -24.971 0.0001 9216.6667
-5.8239 2.198 -5.6789 -0.2401 -24.7698 0.0 9233.3333
-5.8056 2.1978 -5.7186 -0.3437 -24.6564 0.0 9250.0
-5.7905 2.1975 -5.7518 -0.4736 -24.4853 0.0 9266.6667
-5.7731 2.1971 -5.7903 -0.5832 -24.3669 0.0 9283.3333
-5.755 2.1966 -5.8302 -0.6437 -24.3064 0.0 9300.0
-5.7372 2.196 -5.8699 -0.6957 -24.2544 0.0 9316.6667
-5.7203 2.1955 -5.9074 -0.6999 -24.2051 0.0 9333.3333
-5.7036 2.1951 -5.9446 -0.6999 -24.2002 0.0 9350.0
-5.6858 2.1944 -5.9843 -0.6999 -24.2002 0.0 9366.6667
-5.6689 2.1939 -6.0218 -0.6999 -24.1551 0.0 9383.3333
-5.6523 2.1935 -6.059 -0.6999 -24.1502 0.0 9400.0
-5.6345 2.1929 -6.0987 -0.6999 -24.1502 0.0 9416.6667
-5.6176 2.1924 -6.1362 -0.6999 -24.1502 0.0 9433.3333
-5.601 2.192 -6.1735 -0.6999 -24.1502 0.0 9450.0
-5.5832 2.1914 -6.213 -0.6999 -24.1502 0.0 9466.6667
-5.5663 2.1909 -6.2507 -0.6999 -24.1502 0.0 9483.3333
-5.5506 2.1905 -6.2858 -0.6999 -24.1502 0.0 9500.0
-5.533 2.1899 -6.3251 -0.6999 -24.1502 0.0 9516.6667
-5.5161 2.1894 -6.3627 -0.6999 -24.1502 0.0 9533.3333
-5.4983 2.1889 -6.4022 -0.6999 -24.1502 0.0 9550.0
-5.4814 2.1884 -6.4399 -0.6999 -24.1502 0.0 9566.6667
-5.4647 2.1879 -6.4773 -0.6999 -24.1502 0.0 9583.3333
-5.4481 2.1874 -6.5144 -0.6999 -24.109 0.0 9600.0
-5.4305 2.1868 -6.554 -0.7426 -23.9721 0.0 9616.6667
-5.4136 2.1863 -6.5921 -0.7921 -23.8659 0.0 9633.3333
-5.3982 2.1857 -6.6273 -0.8777 -23.6558 0.0 9650.0
-5.3813 2.185 -6.6662 -0.9791 -23.4419 0.0 9666.6667
-5.3639 2.1841 -6.7066 -0.9999 -23.3169 0.0 9683.3333
-5.3477 2.1834 -6.7445 -0.9999 -23.2178 0.0 9700.0
-5.3316 2.1827 -6.7822 -1.0401 -23.1198 0.0 9716.6667
-5.3156 2.182 -6.8197 -1.0499 -23.061 0.0 9733.3333
-5.2987 2.1811 -6.8595 -1.0499 -23.0096 0.0 9750.0
-5.2825 2.1804 -6.8977 -1.0499 -23.0002 0.0 9766.6667
-5.2666 2.1797 -6.9351 -1.0499 -23.0002 0.0 9783.3333
-5.2497 2.1788 -6.9749 -1.0499 -23.0002 0.0 9800.0
-5.2335 2.1781 -7.0131 -1.0499 -23.0002 0.0 9816.6667
-5.2176 2.1774 -7.0504 -1.0499 -23.0002 0.0 9833.3333
-5.2008 2.1765 -7.0906 -1.0499 -23.0002 0.0 9850.0
-5.1846 2.1759 -7.1262 -1.0499 -23.0002 0.0 9866.6667
-5.1714 2.175 -7.1668 -1.127 -22.8846 0.0 9883.3333
-5.125 2.1741 -7.1923 -1.1881 -22.812 0.0 9900.0
-5.0682 2.1732 -7.2137 -1.2372 -22.7629 0.0 9916.6667
-5.0229 2.1725 -7.2328 -1.2824 -22.7177 0.0 9933.3333
-4.9588 2.1713 -7.259 -1.3768 -22.5848 0.0 9950.0
-4.9014 2.1701 -7.2829 -1.5607 -22.4296 0.0 9966.6667
-4.8521 2.169 -7.3035 -1.7481 -22.2521 0.0001 9983.3333
-4.7969 2.1675 -7.3268 -2.0624 -22.0503 0.0001 10000.0
-4.7393 2.1654 -7.3515 -2.5854 -21.8024 0.0002 10016.6667
-4.6888 2.1634 -7.3733 -3.0333 -21.6022 0.0002 10033.3333
-4.6338 2.1609 -7.3973 -3.2999 -21.4378 0.0001 10050.0
-4.5795 2.1584 -7.4209 -3.4617 -21.4003 0.0 10066.6667
-4.5274 2.1559 -7.4437 -3.6087 -21.4003 0.0 10083.3333
-4.4709 2.1529 -7.4682 -3.8749 -21.4003 0.0 10100.0
-4.4199 2.1501 -7.4904 -4.0555 -21.4003 0.0 10116.6667
-4.3657 2.147 -7.514 -4.2061 -21.4357 0.0 10133.3333
-4.3086 2.1437 -7.5388 -4.3624 -21.4878 0.0 10150.0
-4.2549 2.1405 -7.562 -4.4372 -21.5003 0.0 10166.6667
-4.2018 2.1373 -7.585 -4.4499 -21.5003 0.0 10183.3333
-4.1492 2.1342 -7.6078 -4.4499 -21.5003 0.0 10200.0
-4.0933 2.1308 -7.632 -4.4499 -21.5003 0.0 10216.6667
-4.039 2.1276 -7.6552 -4.4862 -21.5003 0.0 10233.3333
-3.9868 2.1244 -7.6789 -4.5352 -21.5003 0.0 10250.0
-3.9318 2.1213 -7.6982 -4.6147 -21.5327 0.0 10266.6667
-3.9041 2.1177 -7.7347 -4.6499 -21.5503 0.0 10283.3333
-3.8903 2.1141 -7.7754 -4.7205 -21.5856 0.0 10300.0
-3.875 2.1107 -7.8122 -4.8185 -21.6346 0.0 10316.6667
-3.8593 2.1071 -7.8523 -4.9207 -21.6857 0.0 10333.3333
-3.8438 2.1034 -7.891 -5.0205 -21.7356 0.0 10350.0
-3.8289 2.0998 -7.9284 -5.0842 -21.7846 0.0 10366.6667
-3.8129 2.0959 -7.9683 -5.1707 -21.8357 0.0 10383.3333
-3.7974 2.0921 -8.0069 -5.2352 -21.8856 0.0 10400.0
-3.7824 2.0883 -8.0442 -5.2499 -21.9003 0.0 10416.6667
-3.7663 2.0844 -8.084 -5.2853 -21.9003 0.0 10433.3333
-3.7508 2.0805 -8.1227 -5.2999 -21.9356 0.0 10450.0
-3.7357 2.0767 -8.16 -5.3342 -21.9847 0.0 10466.6667
-3.7197 2.0728 -8.1998 -5.3499 -22.0004 0.0 10483.3333
-3.7038 2.0687 -8.2387 -5.5263 -22.1063 -0.0001 10500.0
-3.6895 2.0649 -8.2744 -5.6647 -22.2152 0.0 10516.6667
-3.6728 2.0607 -8.3122 -5.829 -22.3473 -0.0001 10533.3333
-3.6593 2.056 -8.3545 -5.9686 -22.4692 0.0 10550.0
-3.6193 2.0519 -8.3804 -6.0647 -22.5652 0.0 10566.6667
-3.562 2.0475 -8.4011 -6.1645 -22.6972 0.0 10583.3333
-3.5046 2.0426 -8.4249 -6.2343 -22.8191 0.0 10600.0
-3.4526 2.0383 -8.4455 -6.2499 -22.8827 0.0 10616.6667
-3.3991 2.0337 -8.468 -6.2499 -22.9003 0.0 10633.3333
-3.3397 2.0292 -8.4886 -6.2499 -22.9003 0.0 10650.0
-3.3116 2.0248 -8.5201 -6.2499 -22.9003 0.0 10666.6667
-3.2978 2.0201 -8.5611 -6.2499 -22.9003 0.0 10683.3333
-3.2817 2.0157 -8.5973 -6.2499 -22.9003 0.0 10700.0
-3.2659 2.0112 -8.6351 -6.2499 -22.9003 0.0 10716.6667
-3.2489 2.0065 -8.6752 -6.2499 -22.9003 0.0 10733.3333
-3.2328 2.002 -8.7133 -6.2499 -22.9003 0.0 10750.0
-3.2164 1.9973 -8.7522 -6.2499 -22.9003 0.0 10766.6667
-3.1999 1.9927 -8.7913 -6.2499 -22.9003 0.0 10783.3333
-3.1843 1.9883 -8.8282 -6.2499 -22.9003 0.0 10800.0
-3.1678 1.9836 -8.8672 -6.2499 -22.9003 0.0 10816.6667
-3.1514 1.979 -8.9061 -6.2499 -22.9003 0.0 10833.3333
-3.1357 1.9746 -8.9433 -6.2499 -22.9003 0.0 10850.0
-3.1199 1.9702 -8.9807 -6.2499 -22.9003 0.0 10866.6667
-3.1035 1.9655 -9.0194 -6.2499 -22.9003 0.0 10883.3333
-3.0871 1.9609 -9.0584 -6.2499 -22.9003 0.0 10900.0
-3.0712 1.9565 -9.0956 -6.2499 -22.9003 0.0 10916.6667
-3.0557 1.952 -9.1331 -6.2499 -22.9003 0.0 10933.3333
-3.0385 1.9474 -9.1713 -6.2499 -22.9003 0.0 10950.0
-3.0256 1.9428 -9.2119 -6.2499 -22.9003 0.0 10966.6667
-2.9936 1.9384 -9.2423 -6.2499 -22.9003 0.0 10983.3333
-2.936 1.9339 -9.262 -6.2499 -22.9003 0.0 11000.0
-2.8827 1.9293 -9.285 -6.2499 -22.9003 0.0 11016.6667
-2.8232 1.9247 -9.306 -6.2499 -22.9003 0.0 11033.3333
-2.7856 1.9203 -9.3336 -6.2499 -22.9003 0.0 11050.0
-2.7732 1.9157 -9.374 -6.2499 -22.9003 0.0 11066.6667
-2.7557 1.911 -9.4127 -6.2499 -22.9003 0.0 11083.3333
-2.7402 1.9066 -9.45 -6.2499 -22.9003 0.0 11100.0
-2.7242 1.9021 -9.4876 -6.2499 -22.9003 0.0 11116.6667
-2.7086 1.8977 -9.5249 -6.2499 -22.9003 0.0 11133.3333
-2.6922 1.8931 -9.5635 -6.2499 -22.9003 0.0 11150.0
-2.676 1.8885 -9.6025 -6.2499 -22.9003 0.0 11166.6667
-2.6589 1.8839 -9.6405 -6.2499 -22.9003 0.0 11183.3333
-2.6464 1.8794 -9.6801 -6.2499 -22.9003 0.0 11200.0
-2.6173 1.875 -9.7108 -6.2499 -22.9003 0.0 11216.6667
-2.5575 1.8704 -9.7321 -6.2499 -22.9003 0.0 11233.3333
-2.505 1.8659 -9.7541 -6.2499 -22.9003 0.0 11250.0
-2.4525 1.8616 -9.775 -6.2499 -22.9003 0.0 11266.6667
-2.4004 1.8572 -9.7961 -6.2499 -22.9003 0.0 11283.3333
-2.3413 1.8523 -9.8197 -6.2499 -22.9003 0.0 11300.0
-2.2864 1.8477 -9.8424 -6.2499 -22.9003 0.0 11316.6667
-2.2305 1.8433 -9.8624 -6.2499 -22.9003 0.0 11333.3333
-2.1868 1.8387 -9.8897 -6.2499 -22.9003 0.0 11350.0
-2.1749 1.8342 -9.9289 -6.2499 -22.9003 0.0 11366.6667
-2.1591 1.8301 -9.9632 -6.2499 -22.9003 0.0 11383.3333
-2.1412 1.825 -10.0061 -6.2499 -22.9003 0.0 11400.0
-2.1249 1.8204 -10.0446 -6.2499 -22.9003 0.0 11416.6667
-2.109 1.816 -10.0821 -6.2499 -22.9003 0.0 11433.3333
-2.0931 1.8115 -10.1197 -6.2499 -22.9003 0.0 11450.0
-2.0773 1.8071 -10.1571 -6.2499 -22.9003 0.0 11466.6667
-2.0613 1.8025 -10.1951 -6.2499 -22.9003 0.0 11483.3333
-2.0443 1.7977 -10.2353 -6.2499 -22.9003 0.0 11500.0
-2.0277 1.793 -10.2745 -6.2499 -22.9003 0.0 11516.6667
-2.0121 1.7886 -10.3117 -6.2499 -22.9003 0.0 11533.3333
-1.9961 1.7841 -10.3494 -6.2499 -22.9003 0.0 11550.0
-1.9803 1.7797 -10.3867 -6.2499 -22.9003 0.0 11566.6667
-1.9642 1.7752 -10.4249 -6.2499 -22.9003 0.0 11583.3333
-1.9476 1.7704 -10.4644 -6.2499 -22.9003 0.0 11600.0
-1.9317 1.766 -10.5019 -6.2499 -22.9003 0.0 11616.6667
-1.9162 1.7616 -10.5385 -6.2499 -22.9003 0.0 11633.3333
-1.9008 1.7573 -10.575 -6.2499 -22.9003 0.0 11650.0
-1.883 1.7523 -10.6173 -6.2499 -22.9003 0.0 11666.6667
-1.8678 1.748 -10.6532 -6.2499 -22.9003 0.0 11683.3333
-1.8525 1.7437 -10.6895 -6.2499 -22.9003 0.0 11700.0
-1.8352 1.739 -10.7291 -6.2499 -22.9003 0.0 11716.6667
-1.8211 1.7345 -10.7674 -6.2499 -22.9003 0.0 11733.3333
-1.796 1.7297 -10.8043 -6.2499 -22.9003 0.0 11750.0
-1.736 1.725 -10.8252 -6.2499 -22.9003 0.0 11766.6667
-1.6837 1.7206 -10.847 -6.2499 -22.9003 0.0 11783.3333
-1.6303 1.7161 -10.8688 -6.2499 -22.9003 0.0 11800.0
-1.5751 1.7117 -10.8894 -6.2499 -22.9003 0.0 11816.6667
-1.5277 1.7072 -10.9143 -6.2499 -22.9003 0.0 11833.3333
-1.5142 1.7025 -10.9552 -6.2499 -22.9003 0.0 11850.0
-1.4973 1.698 -10.9925 -6.2499 -22.9003 0.0 11866.6667
-1.4808 1.6933 -11.0325 -6.2499 -22.9003 0.0 11883.3333
-1.4652 1.6889 -11.0689 -6.2499 -22.9003 0.0 11900.0
-1.45 1.6847 -11.105 -6.2499 -22.9003 0.0 11916.6667
-1.4333 1.6799 -11.1448 -6.2499 -22.9003 0.0 11933.3333
-1.4174 1.6755 -11.1823 -6.2499 -22.9003 0.0 11950.0
-1.4003 1.6706 -11.2226 -6.2499 -22.9003 0.0 11966.6667
-1.384 1.6661 -11.2613 -6.2499 -22.9003 0.0 11983.3333
-1.3689 1.6618 -11.2971 -6.2499 -22.9003 0.0 12000.0
-1.3519 1.6571 -11.3372 -6.2499 -22.9003 0.0 12016.6667
-1.3366 1.6527 -11.3738 -6.2499 -22.9003 0.0 12033.3333
-1.3211 1.6484 -11.4095 -6.2499 -22.9003 0.0 12050.0
-1.3055 1.6437 -11.4499 -6.2499 -22.9003 0.0 12066.6667
-1.2851 1.6393 -11.4855 -6.2499 -22.9003 0.0 12083.3333
-1.2253 1.6344 -11.5075 -6.2499 -22.9003 0.0 12100.0
-1.1697 1.6298 -11.5306 -6.2499 -22.9003 0.0 12116.6667
-1.117 1.6254 -11.5516 -6.2499 -22.9003 0.0 12133.3333
-1.0656 1.6211 -11.5723 -6.2499 -22.9003 0.0 12150.0
-1.0093 1.6164 -11.5949 -6.2499 -22.9003 0.0 12166.6667
-0.9583 1.6122 -11.6154 -6.2455 -22.9003 0.0 12183.3333
-0.8983 1.6073 -11.64 -6.1734 -22.9091 0.0 12200.0
-0.8442 1.6031 -11.6605 -6.0028 -22.9582 0.0 12216.6667
-0.7945 1.5989 -11.6843 -5.6989 -23.015 0.0 12233.3333
-0.7802 1.5948 -11.7252 -5.3381 -23.1092 0.0 12250.0
-0.7634 1.5913 -11.762 -5.0264 -23.1661 0.0 12266.6667
-0.7474 1.5878 -11.7999 -4.8634 -23.2577 0.0 12283.3333
-0.7302 1.5843 -11.8397 -4.6058 -23.3092 0.0 12300.0
-0.7141 1.5812 -11.8769 -4.3607 -23.3661 0.0 12316.6667
-0.6978 1.5783 -11.9145 -4.095 -23.4641 0.0 12333.3333
-0.6815 1.5756 -11.9519 -3.7087 -23.5563 0.0 12350.0
-0.665 1.5733 -11.9896 -3.3582 -23.6108 0.0 12366.6667
-0.6475 1.571 -12.0293 -2.9244 -23.7073 0.0 12383.3333
-0.6312 1.5693 -12.0666 -2.3617 -23.768 0.0001 12400.0
-0.6145 1.5681 -12.1043 -1.627 -23.9056 0.0 12416.6667
-0.5968 1.5674 -12.144 -0.8764 -23.9641 0.0001 12433.3333
-0.5802 1.5674 -12.1812 -0.0234 -24.0563 0.0 12450.0
-0.5634 1.5679 -12.2186 0.6236 -24.1102 0.0001 12466.6667
-0.5466 1.5689 -12.2561 1.3334 -24.2046 0.0 12483.3333
-0.5287 1.5702 -12.2957 1.7236 -24.2563 0.0 12500.0
-0.512 1.5715 -12.3328 1.9197 -24.3004 0.0 12516.6667
-0.4952 1.573 -12.3702 2.1197 -24.3082 0.0 12533.3333
-0.4781 1.5748 -12.4075 2.3595 -24.4004 0.0 12550.0
-0.4602 1.5767 -12.4472 2.5148 -24.4004 0.0 12566.6667
-0.4434 1.5786 -12.4842 2.654 -24.4043 0.0 12583.3333
-0.4263 1.5805 -12.5217 2.7032 -24.4504 0.0 12600.0
-0.4084 1.5826 -12.561 2.7594 -24.4504 0.0 12616.6667
-0.3926 1.5845 -12.596 2.8501 -24.4504 0.0 12633.3333
-0.3745 1.5866 -12.6357 2.8532 -24.4504 0.0 12650.0
-0.3566 1.5889 -12.6751 2.9099 -24.4504 0.0 12666.6667
-0.3395 1.591 -12.7122 3.0119 -24.4504 0.0 12683.3333
-0.323 1.5932 -12.7497 3.153 -24.4504 0.0 12700.0
-0.3051 1.5956 -12.7864 3.204 -24.4504 0.0 12716.6667
-0.2499 1.598 -12.8064 3.3032 -24.4494 0.0 12733.3333
-0.1925 1.6006 -12.828 3.453 -24.3975 0.0 12750.0
-0.1383 1.603 -12.8483 3.5022 -24.3504 0.0 12766.6667
-0.0808 1.6057 -12.87 3.554 -24.3504 0.0 12783.3333
-0.0268 1.6084 -12.8903 3.6001 -24.3504 0.0 12800.0
0.0276 1.6109 -12.9106 3.6001 -24.3504 0.0 12816.6667
0.085 1.6136 -12.9323 3.6001 -24.3466 0.0 12833.3333
0.1394 1.6162 -12.9525 3.603 -24.3005 0.0 12850.0
0.1925 1.6188 -12.9735 3.6501 -24.3004 0.0 12866.6667
0.2085 1.6215 -13.0111 3.6501 -24.3004 0.0 12883.3333
0.2255 1.624 -13.0483 3.6501 -24.3004 0.0 12900.0
0.2433 1.6268 -13.0879 3.7001 -24.2504 0.0 12916.6667
0.2611 1.6296 -13.1273 3.7001 -24.2504 0.0 12933.3333
0.2778 1.6323 -13.1646 3.703 -24.2504 0.0 12950.0
0.2946 1.6349 -13.2018 3.7501 -24.2485 0.0 12966.6667
0.3104 1.6375 -13.2369 3.7501 -24.2023 0.0 12983.3333
0.3282 1.6403 -13.2765 3.7501 -24.2004 0.0 13000.0
0.3449 1.643 -13.3137 3.7991 -24.1514 0.0 13016.6667
0.3626 1.646 -13.3534 3.8011 -24.1494 0.0 13033.3333
0.3793 1.6487 -13.3906 3.8501 -24.1004 0.0 13050.0
0.397 1.6516 -13.4302 3.9501 -23.9985 0.0 13066.6667
0.4127 1.6543 -13.4653 3.9501 -23.9523 0.0 13083.3333
0.4301 1.6573 -13.505 4.0001 -23.9504 0.0 13100.0
0.4841 1.6602 -13.5258 4.0001 -23.9014 0.0 13116.6667
0.5383 1.6631 -13.5464 4.0001 -23.9004 0.0 13133.3333
0.5923 1.6659 -13.5673 4.0001 -23.9004 0.0 13150.0
0.6462 1.6688 -13.588 4.0001 -23.9004 0.0 13166.6667
0.7033 1.6718 -13.61 4.0001 -23.9004 0.0 13183.3333
0.7608 1.6748 -13.6321 4.0001 -23.9004 0.0 13200.0
0.8116 1.6776 -13.6516 4.0464 -23.8541 0.0 13216.6667
0.8688 1.6806 -13.6737 4.0501 -23.8025 0.0 13233.3333
0.9201 1.6834 -13.6937 4.0945 -23.756 0.0 13250.0
0.9732 1.6864 -13.7143 4.1432 -23.6642 0.0 13266.6667
1.0306 1.6895 -13.7367 4.2397 -23.516 0.0 13283.3333
1.0842 1.6926 -13.7578 4.2942 -23.4563 0.0 13300.0
1.1447 1.6961 -13.7817 4.349 -23.3526 0.0 13316.6667
1.1987 1.6992 -13.8031 4.3501 -23.3504 0.0 13333.3333
1.2524 1.7023 -13.8243 4.3972 -23.3033 0.0 13350.0
1.3093 1.7057 -13.8471 4.4491 -23.2025 0.0 13366.6667
1.364 1.7089 -13.8683 4.4501 -23.2004 0.0 13383.3333
1.3806 1.7119 -13.9029 4.4945 -23.156 0.0 13400.0
1.3966 1.7153 -13.9429 4.5001 -23.1046 0.0 13416.6667
1.4129 1.7186 -13.9806 4.5001 -23.1004 0.0 13433.3333
1.4298 1.722 -14.0203 4.547 -23.0536 0.0 13450.0
1.4458 1.7252 -14.0582 4.5501 -22.9583 0.0 13466.6667
1.4616 1.7285 -14.0956 4.5501 -22.9505 0.0 13483.3333
1.4785 1.732 -14.1355 4.597 -22.8567 0.0 13500.0
1.4934 1.7351 -14.1711 4.6001 -22.8069 0.0 13516.6667
1.5101 1.7386 -14.2107 4.6001 -22.8004 0.0 13533.3333
1.526 1.7418 -14.2485 4.6001 -22.7563 0.0 13550.0
1.5427 1.7453 -14.2883 4.6001 -22.7504 0.0 13566.6667
1.5585 1.7486 -14.3263 4.6001 -22.7504 0.0 13583.3333
1.5744 1.7519 -14.3639 4.6001 -22.7063 0.0 13600.0
1.5898 1.7551 -14.4013 4.6001 -22.7004 0.0 13616.6667
1.6072 1.7587 -14.4414 4.6001 -22.7004 0.0 13633.3333
1.617 1.7616 -14.4767 4.6001 -22.6609 0.0 13650.0
1.6696 1.7652 -14.5028 4.6001 -22.6504 0.0 13666.6667
1.7285 1.7687 -14.5263 4.6001 -22.6504 0.0 13683.3333
1.7789 1.7718 -14.547 4.6001 -22.6504 0.0 13700.0
1.8346 1.7753 -14.5699 4.6428 -22.565 0.0 13716.6667
1.8921 1.7789 -14.5936 4.6501 -22.4608 0.0 13733.3333
1.9425 1.782 -14.6145 4.6501 -22.4087 0.0 13750.0
1.9984 1.7855 -14.6378 4.6501 -22.315 0.0 13766.6667
2.0525 1.7888 -14.6604 4.6501 -22.1739 0.0 13783.3333
2.1053 1.7921 -14.6827 4.6501 -21.9857 0.0 13800.0
2.1618 1.7956 -14.7068 4.6501 -21.8223 0.0 13816.6667
2.2151 1.799 -14.7296 4.6501 -21.7161 0.0 13833.3333
2.2712 1.8025 -14.7538 4.6501 -21.6129 0.0 13850.0
2.3249 1.8058 -14.777 4.6501 -21.4279 0.0 13866.6667
2.3768 1.8091 -14.8002 4.6501 -21.3583 0.0 13883.3333
2.4353 1.8127 -14.824 4.6939 -21.3067 0.0 13900.0
2.454 1.8159 -14.8587 4.7001 -21.3005 0.0 13916.6667
2.4667 1.8191 -14.8965 4.7001 -21.3005 0.0 13933.3333
2.4829 1.8228 -14.9367 4.7001 -21.2599 0.0 13950.0
2.4977 1.8261 -14.975 4.7001 -21.2103 0.0 13966.6667
2.5132 1.8297 -15.0152 4.7418 -21.2005 0.0 13983.3333
2.5282 1.8331 -15.0537 4.7501 -21.1592 0.0 14000.0
2.5428 1.8365 -15.0914 4.7501 -21.1102 0.0 14016.6667
2.5583 1.8401 -15.132 4.7501 -21.0587 0.0 14033.3333
2.5723 1.8433 -15.1681 4.7501 -21.0504 0.0 14050.0
2.5873 1.8469 -15.2079 4.7501 -21.0504 0.0 14066.6667
2.6031 1.8503 -15.246 4.7893 -21.0112 0.0 14083.3333
2.6153 1.8539 -15.2874 4.8001 -20.9192 0.0 14100.0
2.6625 1.8574 -15.3136 4.8001 -20.9005 0.0 14116.6667
2.7172 1.8608 -15.3365 4.8001 -20.8613 0.0 14133.3333
2.7689 1.8643 -15.3601 4.8001 -20.8123 0.0 14150.0
2.8252 1.8679 -15.3851 4.8001 -20.8005 0.0 14166.6667
2.8757 1.8712 -15.4078 4.8371 -20.7635 0.0 14183.3333
2.9299 1.8747 -15.4321 4.8501 -20.713 0.0 14200.0
2.9866 1.8785 -15.4576 4.8501 -20.6609 0.0 14216.6667
3.0398 1.882 -15.4817 4.8893 -20.5721 0.0 14233.3333
3.0923 1.8854 -15.5055 4.9383 -20.474 0.0 14250.0
3.1451 1.8891 -15.5296 4.9874 -20.4132 0.0 14266.6667
3.1972 1.8926 -15.5534 5.0001 -20.3642 0.0 14283.3333
3.253 1.8965 -15.579 5.1126 -20.1255 -0.0001 14300.0
3.3033 1.9001 -15.6024 5.2205 -19.9801 0.0 14316.6667
3.3572 1.9039 -15.6276 5.2501 -19.8797 0.0 14333.3333
3.4109 1.9078 -15.6524 5.2501 -19.8505 0.0 14350.0
3.4641 1.9117 -15.6781 5.2501 -19.8505 0.0 14366.6667
3.5237 1.9156 -15.7031 5.2501 -19.8505 0.0 14383.3333
3.5456 1.9194 -15.7391 5.2501 -19.8505 0.0 14400.0
3.5571 1.9231 -15.7779 5.2501 -19.8506 0.0 14416.6667
3.5725 1.9271 -15.8183 5.2502 -19.8506 0.0 14433.3333
3.5857 1.9308 -15.8556 5.2501 -19.8506 0.0 14450.0
3.5992 1.9344 -15.8927 5.2501 -19.8506 0.0 14466.6667
3.6139 1.9383 -15.9333 5.2501 -19.8506 0.0 14483.3333
3.6278 1.9421 -15.9721 5.2501 -19.8505 0.0 14500.0
3.6423 1.9461 -16.0122 5.2501 -19.8506 0.0 14516.6667
3.6566 1.9499 -16.0518 5.2501 -19.8505 0.0 14533.3333
3.6695 1.9534 -16.0877 5.2501 -19.8505 0.0 14550.0
3.6838 1.9573 -16.1273 5.2834 -19.8172 0.0 14566.6667
3.6979 1.9612 -16.1664 5.3001 -19.8005 0.0 14583.3333
3.7122 1.9652 -16.2064 5.3345 -19.6974 0.0 14600.0
3.7264 1.9691 -16.2462 5.3501 -19.6162 0.0 14616.6667
3.7392 1.9727 -16.2819 5.3501 -19.6005 0.0 14633.3333
3.7539 1.9768 -16.3233 5.3834 -19.5672 0.0 14650.0
3.7682 1.9808 -16.3638 5.4001 -19.5162 0.0 14666.6667
3.7815 1.9846 -16.4013 5.4001 -19.5005 0.0 14683.3333
3.796 1.9887 -16.4422 5.4001 -19.5005 0.0 14700.0
3.8091 1.9924 -16.4793 5.4001 -19.5005 0.0 14716.6667
3.823 1.9964 -16.5185 5.4001 -19.5005 0.0 14733.3333
3.837 2.0003 -16.5579 5.4001 -19.5005 0.0 14750.0
3.8509 2.0043 -16.5981 5.4001 -19.5005 0.0 14766.6667
3.8658 2.0083 -16.6367 5.4001 -19.5005 0.0 14783.3333
3.8763 2.0123 -16.6783 5.4001 -19.5004 0.0 14800.0
3.9176 2.0162 -16.7074 5.4001 -19.5004 0.0 14816.6667
3.9754 2.0203 -16.7325 5.4001 -19.5004 0.0 14833.3333
4.0258 2.024 -16.757 5.4001 -19.5004 0.0 14850.0
4.0762 2.0277 -16.7807 5.4001 -19.5004 0.0 14866.6667
4.1313 2.0318 -16.8069 5.4001 -19.5004 0.0 14883.3333
4.1846 2.0357 -16.8319 5.4001 -19.5004 0.0 14900.0
4.238 2.0397 -16.8582 5.4001 -19.5004 0.0 14916.6667
4.2957 2.0437 -16.8821 5.4001 -19.5004 0.0 14933.3333
4.3212 2.0475 -16.9161 5.4001 -19.5004 0.0 14950.0
4.3319 2.0513 -16.9557 5.4001 -19.5004 0.0 14966.6667
4.3462 2.0552 -16.9936 5.4001 -19.5004 0.0 14983.3333
4.3602 2.0593 -17.0339 5.4001 -19.5004 0.0 15000.0
4.3742 2.0632 -17.0733 5.4001 -19.5004 0.0 15016.6667
4.3877 2.067 -17.1114 5.4001 -19.5004 0.0 15033.3333
4.4018 2.071 -17.1513 5.4001 -19.5004 0.0 15050.0
4.4165 2.0751 -17.1928 5.4001 -19.5004 0.0 15066.6667
4.4297 2.0789 -17.2299 5.4001 -19.5004 0.0 15083.3333
4.4436 2.0828 -17.2691 5.4001 -19.5004 0.0 15100.0
4.4573 2.0867 -17.3078 5.4001 -19.5004 0.0 15116.6667
4.4696 2.0902 -17.3425 5.4001 -19.5004 0.0 15133.3333
4.484 2.0943 -17.3832 5.4001 -19.5004 0.0 15150.0
4.4987 2.0984 -17.4246 5.4001 -19.5004 0.0 15166.6667
4.5124 2.1024 -17.4635 5.4001 -19.5004 0.0 15183.3333
4.527 2.1065 -17.5049 5.4001 -19.5004 0.0 15200.0
4.5411 2.1105 -17.5445 5.4001 -19.5004 0.0 15216.6667
4.5546 2.1143 -17.5826 5.4001 -19.5004 0.0 15233.3333
4.5683 2.1182 -17.6215 5.4001 -19.5004 0.0 15250.0
4.5815 2.1219 -17.6585 5.4001 -19.5004 0.0 15266.6667
4.5947 2.1257 -17.6964 5.4001 -19.5004 0.0 15283.3333
4.6098 2.1297 -17.7362 5.4001 -19.5004 0.0 15300.0
4.6204 2.1336 -17.7762 5.4001 -19.5004 0.0 15316.6667
4.6499 2.1378 -17.8123 5.4001 -19.4806 0.0 15333.3333
4.7082 2.1417 -17.8364 5.4207 -19.368 0.0 15350.0
4.7594 2.1457 -17.8621 5.4501 -19.1916 0.0 15366.6667
4.8088 2.1493 -17.8857 5.4501 -19.0504 0.0 15383.3333
4.8581 2.153 -17.9098 5.4634 -18.9237 0.0 15400.0
4.9158 2.1574 -17.938 5.5001 -18.7837 0.0 15416.6667
4.9679 2.1613 -17.9636 5.5168 -18.6171 0.0 15433.3333
5.0215 2.1655 -17.9907 5.5501 -18.5328 0.0 15450.0
5.0769 2.1695 -18.0159 5.5501 -18.4827 0.0 15466.6667
5.1178 2.1737 -18.0474 5.5501 -18.4318 0.0 15483.3333
5.1257 2.1776 -18.0873 5.5501 -18.3827 0.0 15500.0
5.1399 2.1816 -18.1258 5.5501 -18.3336 0.0 15516.6667
5.1522 2.1855 -18.1643 5.5501 -18.3003 0.0 15533.3333
5.1654 2.1896 -18.2039 5.5501 -18.3003 0.0 15550.0
5.1788 2.1938 -18.2444 5.5501 -18.3003 0.0 15566.6667
5.1917 2.1977 -18.2836 5.5501 -18.3003 0.0 15583.3333
5.2052 2.2019 -18.3244 5.5501 -18.3003 0.0 15600.0
5.2179 2.2058 -18.3626 5.5501 -18.3003 0.0 15616.6667
5.2308 2.2098 -18.4017 5.5501 -18.3003 0.0 15633.3333
5.2432 2.2137 -18.4393 5.5501 -18.2864 0.0 15650.0
5.2558 2.2176 -18.4776 5.5501 -18.2259 0.0 15666.6667
5.2697 2.2219 -18.52 5.5649 -18.1207 0.0 15683.3333
5.2816 2.2257 -18.5566 5.6001 -18.0253 0.0 15700.0
5.2952 2.23 -18.5986 5.6001 -17.8921 0.0 15716.6667
5.3082 2.2342 -18.639 5.6001 -17.7347 0.0 15733.3333
5.3202 2.2382 -18.6775 5.6001 -17.7004 0.0 15750.0
5.3335 2.2422 -18.7169 5.6001 -17.6858 0.0 15766.6667
5.3443 2.2464 -18.7588 5.6001 -17.6504 0.0 15783.3333
5.3653 2.2503 -18.7932 5.614 -17.6365 0.0 15800.0
5.4201 2.2543 -18.8181 5.6501 -17.6004 0.0 15816.6667
5.4765 2.2588 -18.8479 5.6501 -17.5847 0.0 15833.3333
5.5268 2.2628 -18.8737 5.6501 -17.5357 0.0 15850.0
5.5794 2.2669 -18.901 5.6501 -17.4858 0.0 15866.6667
5.6334 2.2711 -18.929 5.6501 -17.4504 0.0 15883.3333
5.6842 2.2751 -18.9553 5.6501 -17.4357 0.0 15900.0
5.7357 2.2791 -18.9821 5.6501 -17.4004 0.0 15916.6667
5.7867 2.2831 -19.0086 5.6501 -17.3877 0.0 15933.3333
5.839 2.2872 -19.0357 5.6501 -17.3379 0.0 15950.0
5.8922 2.2915 -19.064 5.6501 -17.2867 0.0 15966.6667
5.9461 2.2956 -19.0905 5.6501 -17.2368 0.0 15983.3333
5.99 2.2998 -19.1218 5.6501 -17.2003 0.0 16000.0
5.9974 2.3038 -19.162 5.6501 -17.1728 0.0 16016.6667
6.0105 2.3078 -19.2006 5.6501 -17.1003 0.0 16033.3333
6.0222 2.3119 -19.2397 5.6501 -17.0885 0.0 16050.0
6.0341 2.3159 -19.2781 5.6501 -17.0503 0.0 16066.6667
6.0455 2.3198 -19.3154 5.6501 -17.043 0.0 16083.3333
6.0583 2.3241 -19.3571 5.6595 -16.991 0.0 16100.0
6.0709 2.3284 -19.3986 5.7001 -16.9275 0.0 16116.6667
6.0831 2.3326 -19.439 5.7001 -16.8503 0.0 16133.3333
6.0944 2.3365 -19.4762 5.7095 -16.8316 0.0 16150.0
6.1068 2.3408 -19.5175 5.7502 -16.7287 0.0 16166.6667
6.1185 2.345 -19.5566 5.7501 -16.6399 0.0 16183.3333
6.1309 2.3493 -19.5981 5.7619 -16.5768 0.0 16200.0
6.1423 2.3534 -19.6367 5.8002 -16.4787 0.0 16216.6667
6.1539 2.3576 -19.6765 5.8106 -16.3795 0.0 16233.3333
6.166 2.362 -19.7177 5.8501 -16.2768 0.0 16250.0
6.1773 2.3662 -19.7566 5.8501 -16.1787 0.0 16266.6667
6.1885 2.3703 -19.7957 5.8599 -16.0905 0.0 16283.3333
6.1999 2.3746 -19.8353 5.9001 -16.0409 0.0 16300.0
6.2118 2.3791 -19.8768 5.9002 -15.9895 0.0 16316.6667
6.223 2.3832 -19.9157 5.9001 -15.9503 0.0 16333.3333
6.234 2.3875 -19.9549 5.9001 -15.9327 0.0 16350.0
6.2457 2.3917 -19.9944 5.9085 -15.8503 0.0 16366.6667
6.2556 2.3962 -20.0363 5.9502 -15.8405 0.0 16383.3333
6.2733 2.4005 -20.0738 5.9502 -15.7909 0.0 16400.0
6.3299 2.4049 -20.1026 5.9502 -15.7503 0.0 16416.6667
6.379 2.4092 -20.1308 5.9502 -15.7405 0.0 16433.3333
6.4299 2.4135 -20.159 5.9502 -15.6915 0.0 16450.0
6.4803 2.4177 -20.1872 5.958 -15.6425 0.0 16466.6667
6.5306 2.422 -20.2154 6.0002 -15.5934 0.0 16483.3333
6.5813 2.4263 -20.2438 6.0001 -15.544 0.0 16500.0
6.6351 2.4308 -20.2741 6.0001 -15.4919 0.0 16516.6667
6.6881 2.4354 -20.304 6.0001 -15.4306 0.0 16533.3333
6.7381 2.4397 -20.3323 6.0089 -15.3414 0.0 16550.0
6.7883 2.444 -20.3608 6.0501 -15.2845 0.0 16566.6667
6.8389 2.4483 -20.3895 6.0501 -15.2002 0.0 16583.3333
6.8922 2.4529 -20.4198 6.0501 -15.1914 0.0 16600.0
6.9418 2.4572 -20.4484 6.0501 -15.1502 0.0 16616.6667
6.9928 2.4615 -20.4765 6.0501 -15.1502 0.0 16633.3333
7.038 2.4656 -20.5042 6.0501 -15.1502 0.0 16650.0
7.0481 2.4702 -20.5466 6.0501 -15.1502 0.0 16666.6667
7.0597 2.4747 -20.5875 6.0501 -15.1502 0.0 16683.3333
7.0697 2.4788 -20.625 6.0501 -15.1502 0.0 16700.0
7.0816 2.4836 -20.669 6.0501 -15.1502 0.0 16716.6667
7.0915 2.4876 -20.7058 6.0501 -15.1502 0.0 16733.3333
7.103 2.4922 -20.7478 6.0501 -15.1502 0.0 16750.0
7.1135 2.4965 -20.7869 6.0501 -15.1502 0.0 16766.6667
7.1243 2.5009 -20.8263 6.0501 -15.1502 0.0 16783.3333
7.1349 2.5055 -20.8685 6.0501 -15.1502 0.0 16800.0
7.1507 2.51 -20.9088 6.0501 -15.1502 0.0 16816.6667
7.204 2.5144 -20.9365 6.0501 -15.1502 0.0 16833.3333
7.2531 2.5187 -20.9651 6.0501 -15.1391 0.0 16850.0
7.3008 2.5228 -20.9923 6.0523 -15.046 0.0 16866.6667
7.3539 2.5274 -21.0229 6.1002 -14.9384 0.0 16883.3333
7.4039 2.5317 -21.0518 6.1002 -14.7908 0.0 16900.0
7.4569 2.5363 -21.0826 6.1002 -14.6355 0.0 16916.6667
7.5067 2.5407 -21.1118 6.1001 -14.496 0.0 16933.3333
7.5597 2.5454 -21.1428 6.1061 -14.4384 0.0 16950.0
7.6092 2.5497 -21.172 6.1502 -14.3355 0.0 16966.6667
7.6589 2.554 -21.2014 6.1502 -14.1963 0.0 16983.3333
7.7088 2.5585 -21.2311 6.1502 -14.1439 0.0 17000.0
7.7615 2.5632 -21.2625 6.1502 -14.0355 0.0 17016.6667
7.8108 2.5675 -21.292 6.1424 -13.8728 0.0 17033.3333
7.8604 2.5719 -21.3222 6.0471 -13.5315 0.0 17050.0
7.9126 2.5763 -21.3544 5.9904 -13.2208 0.0 17066.6667
7.9614 2.5805 -21.3848 5.8963 -12.9188 0.0 17083.3333
8.0105 2.5848 -21.4159 5.8439 -12.5316 0.0 17100.0
8.062 2.5891 -21.4488 5.7456 -12.2179 0.0 17116.6667
8.1075 2.5929 -21.4783 5.6993 -11.8957 0.0 17133.3333
8.1528 2.5967 -21.508 5.653 -11.6642 0.0 17150.0
8.2073 2.6012 -21.5438 5.6002 -11.5464 0.0 17166.6667
8.2553 2.6052 -21.5755 5.6002 -11.4493 0.0 17183.3333
8.3036 2.6092 -21.6074 5.6002 -11.4003 0.0 17200.0
8.3548 2.6135 -21.6413 5.6002 -11.3463 0.0 17216.6667
8.4029 2.6175 -21.6733 5.5992 -11.2492 0.0 17233.3333
8.4539 2.6216 -21.7072 5.5502 -11.1975 0.0 17250.0
8.4992 2.6253 -21.7375 5.5502 -11.1512 0.0 17266.6667
8.5471 2.6292 -21.7696 5.5022 -10.9581 0.0 17283.3333
8.5978 2.6334 -21.8041 5.4002 -10.7003 0.0 17300.0
8.6476 2.6375 -21.8389 5.3482 -10.4964 0.0 17316.6667
8.654 2.6412 -21.8792 5.2992 -10.3974 0.0 17333.3333
8.6615 2.645 -21.9193 5.2502 -10.2503 0.0 17350.0
8.6687 2.6487 -21.9595 5.2012 -10.1032 0.0 17366.6667
8.6761 2.6526 -22.0021 5.1992 -9.9993 0.0 17383.3333
8.6832 2.6563 -22.0423 5.1502 -9.9504 0.0 17400.0
8.6902 2.66 -22.0825 5.1502 -9.8032 0.0 17416.6667
8.697 2.6637 -22.1228 5.1502 -9.7042 0.0 17433.3333
8.7037 2.6673 -22.163 5.1031 -9.6063 0.0 17450.0
8.7111 2.6711 -22.2056 5.1002 -9.5514 0.0 17466.6667
8.7184 2.6751 -22.2484 5.1002 -9.3984 0.0 17483.3333
8.7659 2.6787 -22.2819 5.1002 -9.3004 0.0 17500.0
8.813 2.6823 -22.3156 5.1002 -9.2514 0.0 17516.6667
8.8599 2.686 -22.3494 5.1002 -9.2023 0.0 17533.3333
8.9068 2.6896 -22.3831 5.1002 -9.1062 0.0 17550.0
8.9565 2.6934 -22.4191 5.1002 -9.0024 0.0 17566.6667
9.0033 2.6971 -22.4531 5.1002 -8.9043 0.0 17583.3333
9.0528 2.701 -22.4892 5.1002 -8.8504 0.0 17600.0
9.0996 2.7046 -22.5233 5.1002 -8.8014 0.0 17616.6667
9.1434 2.708 -22.5553 5.0548 -8.7097 0.0 17633.3333
9.1927 2.7118 -22.5914 5.0502 -8.6535 0.0 17650.0
9.2397 2.7154 -22.6258 5.0502 -8.6043 0.0 17666.6667
9.286 2.719 -22.6599 5.0502 -8.5553 0.0 17683.3333
9.3354 2.7229 -22.6964 5.0502 -8.5035 0.0 17700.0
9.382 2.7265 -22.7308 5.0502 -8.4543 0.0 17716.6667
9.4312 2.7303 -22.7673 5.0502 -8.4025 0.0 17733.3333
9.4779 2.7339 -22.8018 5.0502 -8.3532 0.0 17750.0
9.5241 2.7375 -22.836 5.0502 -8.3042 0.0 17766.6667
9.5734 2.7414 -22.8728 5.0502 -8.2045 0.0 17783.3333
9.6171 2.7448 -22.9054 5.0502 -8.1559 0.0 17800.0
9.666 2.7485 -22.942 5.0502 -8.0587 0.0 17816.6667
9.7102 2.752 -22.9752 5.0502 -7.9652 0.0 17833.3333
9.7551 2.7555 -23.0092 5.0502 -7.7857 0.0 17850.0
9.8068 2.7596 -23.0487 5.0502 -7.5226 0.0 17866.6667
9.8533 2.7632 -23.0845 5.1404 -7.2298 0.0 17883.3333
9.8979 2.767 -23.1198 5.2384 -6.9357 0.0 17900.0
9.948 2.771 -23.1575 5.2502 -6.6253 0.0 17916.6667
9.9554 2.7747 -23.1982 5.2502 -6.5102 0.0 17933.3333
9.9586 2.7783 -23.2362 5.2919 -6.4587 0.0 17950.0
9.9639 2.7822 -23.2788 5.3002 -6.4076 0.0 17966.6667
9.9684 2.7861 -23.3197 5.3002 -6.4003 0.0 17983.3333
9.9731 2.7901 -23.3622 5.3002 -6.4003 0.0 18000.0
9.978 2.7941 -23.4055 5.3002 -6.4003 0.0 18016.6667
9.9826 2.7979 -23.4463 5.3002 -6.4003 0.0 18033.3333
9.9871 2.8017 -23.4868 5.3002 -6.4003 0.0 18050.0
9.9917 2.8054 -23.5271 5.3002 -6.3572 0.0 18066.6667
9.996 2.8094 -23.5688 5.3002 -6.3081 0.0 18083.3333
10.0006 2.8122 -23.5988 5.3002 -6.2336 0.0 18100.0
10.0028 2.8168 -23.6489 5.3002 -6.0516 0.0 18116.6667
10.0379 2.8208 -23.6887 5.3002 -5.8892 0.0 18133.3333
10.0843 2.8244 -23.7226 5.3002 -5.7091 0.0 18150.0
10.1305 2.8284 -23.7615 5.3002 -5.5409 0.0 18166.6667
10.1783 2.8323 -23.8009 5.2617 -5.269 0.0 18183.3333
10.2231 2.8361 -23.8387 5.1737 -4.7797 0.0001 18200.0
10.2665 2.8397 -23.8759 5.0384 -4.2778 0.0001 18216.6667
10.3125 2.8434 -23.9161 4.9231 -3.6878 0.0001 18233.3333
10.3562 2.8469 -23.9551 4.8237 -3.1679 0.0001 18250.0
10.3995 2.8503 -23.9941 4.7257 -2.864 0.0 18266.6667
10.4395 2.8534 -24.0305 4.6317 -2.5947 0.0001 18283.3333
10.4856 2.8569 -24.0728 4.6002 -2.427 0.0 18300.0
10.5324 2.8605 -24.1157 4.6002 -2.3607 0.0 18316.6667
10.5732 2.8636 -24.1532 4.6002 -2.3503 0.0 18333.3333
10.6146 2.8669 -24.1912 4.6002 -2.3503 0.0 18350.0
10.6597 2.8704 -24.2327 4.6002 -2.3503 0.0 18366.6667
10.7027 2.8737 -24.2721 4.6002 -2.3503 0.0 18383.3333
10.7475 2.8772 -24.3131 4.6002 -2.3503 0.0 18400.0
10.7909 2.8805 -24.3531 4.6002 -2.313 0.0 18416.6667
10.8329 2.8837 -24.3918 4.6002 -2.3003 0.0 18433.3333
10.8779 2.8872 -24.4331 4.6002 -2.2628 0.0 18450.0
10.921 2.8905 -24.473 4.6002 -2.213 0.0 18466.6667
10.9633 2.8938 -24.5121 4.6002 -2.1278 0.0 18483.3333
11.0058 2.897 -24.5516 4.5649 -1.9944 0.0 18500.0
11.0479 2.9003 -24.5909 4.5502 -1.916 0.0 18516.6667
11.0918 2.9037 -24.632 4.5502 -1.8295 0.0 18533.3333
11.1377 2.9072 -24.6747 4.5502 -1.8003 0.0 18550.0
11.1771 2.9103 -24.713 4.5502 -1.7299 0.0 18566.6667
11.2229 2.9135 -24.7512 4.5502 -1.6336 0.0 18583.3333
11.2367 2.9169 -24.794 4.5502 -1.5658 0.0 18600.0
11.2351 2.9203 -24.836 4.5502 -1.5502 0.0 18616.6667
11.237 2.9234 -24.8745 4.5502 -1.5502 0.0 18633.3333
11.2378 2.9266 -24.916 4.5502 -1.519 0.0 18650.0
11.239 2.9301 -24.9599 4.5502 -1.5002 0.0 18666.6667
11.2402 2.9334 -25.0019 4.5502 -1.5002 0.0 18683.3333
11.2411 2.9364 -25.0399 4.5502 -1.5002 0.0 18700.0
11.2422 2.94 -25.0837 4.5502 -1.5002 0.0 18716.6667
11.2434 2.9435 -25.1269 4.5502 -1.4669 0.0 18733.3333
11.2443 2.9466 -25.1668 4.5502 -1.4178 0.0 18750.0
11.2454 2.95 -25.2098 4.5502 -1.4002 0.0 18766.6667
11.2461 2.9533 -25.2512 4.5502 -1.3002 0.0 18783.3333
11.2481 2.9567 -25.2937 4.5502 -1.2158 0.0 18800.0
11.2446 2.96 -25.3355 4.5502 -0.9943 0.0 18816.6667
11.2739 2.9632 -25.3759 4.5169 -0.6669 0.0 18833.3333
11.3184 2.9664 -25.4165 4.5002 -0.4208 0.0 18850.0
11.358 2.9696 -25.4571 4.5002 0.1204 0.0 18866.6667
11.4008 2.973 -25.5002 4.5002 0.3998 0.0 18883.3333
11.4427 2.9763 -25.5426 4.4678 0.5939 0.0 18900.0
11.4813 2.9794 -25.5834 4.4502 0.7939 0.0 18916.6667
11.5278 2.9828 -25.627 4.4502 0.9467 0.0 18933.3333
11.5413 2.986 -25.6692 4.4502 1.0322 0.0 18950.0
11.5369 2.9892 -25.7093 4.4502 1.3008 0.0 18966.6667
11.5363 2.9924 -25.7522 4.3533 2.0633 0.0003 18983.3333
11.5333 2.9955 -25.7941 4.2355 4.0822 0.0005 19000.0
11.5279 2.9985 -25.834 4.2002 7.7606 0.0 19016.6667
11.5195 3.0015 -25.876 4.1357 11.2081 0.0006 19033.3333
11.5095 3.0046 -25.9168 4.1002 13.7527 0.0 19050.0
11.4985 3.0075 -25.9555 4.1002 15.9174 0.0 19066.6667
11.4851 3.0105 -25.9962 4.1002 18.1206 0.0 19083.3333
11.4709 3.0136 -26.0356 4.1002 19.7734 0.0 19100.0
11.4562 3.0164 -26.0737 4.0689 21.0342 0.0001 19116.6667
11.4414 3.0192 -26.1102 3.9642 22.0452 0.0003 19133.3333
11.4256 3.0218 -26.1461 3.7421 23.8528 0.0019 19150.0
11.4065 3.0244 -26.1846 3.4654 26.3457 0.0014 19166.6667
11.3865 3.0267 -26.2214 3.159 28.6352 0.0019 19183.3333
11.3646 3.0287 -26.2575 2.8045 31.1405 0.0023 19200.0
11.3412 3.0306 -26.2927 2.5091 34.0057 0.0019 19216.6667
11.3157 3.0321 -26.325 2.0762 38.2097 0.0087 19233.3333
11.2893 3.0331 -26.3535 1.4808 42.7249 0.0082 19250.0
11.2584 3.0339 -26.3826 0.9742 46.6643 0.0039 19266.6667
11.223 3.0342 -26.4108 0.4239 51.5629 0.016 19283.3333
11.1883 3.0341 -26.4337 -0.0644 56.2646 0.0037 19300.0
11.1528 3.0339 -26.454 -0.243 60.5274 0.0022 19316.6667
11.1142 3.0336 -26.4712 -0.2998 65.6832 0.0 19333.3333
11.0741 3.0334 -26.4856 -0.2998 70.2176 0.0 19350.0
11.035 3.0332 -26.4969 -0.3422 73.7509 0.0027 19366.6667
10.9953 3.0329 -26.5061 -0.3997 77.1666 0.0 19383.3333
10.9535 3.0326 -26.5127 -0.3997 81.0249 0.0 19400.0
10.9111 3.0323 -26.5164 -0.4365 85.0107 0.0083 19416.6667
10.8704 3.0319 -26.5174 -0.5144 88.4243 0.0284 19433.3333
10.8296 3.0314 -26.5161 179.4003 88.0385 180.0 19450.0
10.7877 3.031 -26.5117 179.349 83.9709 179.9904 19466.6667
10.7456 3.0305 -26.5039 179.2527 79.5824 179.9956 19483.3333
10.7063 3.0298 -26.494 179.1561 75.9676 179.9969 19500.0
10.6671 3.0291 -26.4817 178.9961 72.3794 179.9936 19516.6667
10.6292 3.0282 -26.4662 178.5892 67.9392 179.9795 19533.3333
10.5927 3.0268 -26.4476 178.0724 63.1883 179.9951 19550.0
10.5571 3.0251 -26.4273 177.7821 60.4167 179.9983 19566.6667
10.5224 3.0235 -26.406 177.6026 58.5422 179.9993 19583.3333
10.4875 3.0216 -26.3835 177.4369 57.1969 179.999 19600.0
10.4511 3.0194 -26.3588 177.2498 55.9167 179.9996 19616.6667
10.4209 3.0176 -26.3379 177.1502 55.2993 180.0 19633.3333
10.3926 3.016 -26.3181 177.147 55.14 180.0 19650.0
10.3495 3.0133 -26.288 177.1002 54.9917 180.0 19666.6667
10.3155 3.0111 -26.2641 177.1002 54.9408 -180.0 19683.3333
10.284 3.0092 -26.242 177.1002 54.889 -180.0 19700.0
10.2522 3.0072 -26.2195 177.1002 54.7868 180.0 19716.6667
10.2145 3.0049 -26.1926 177.1002 54.4563 180.0 19733.3333
10.1798 3.0027 -26.1675 177.1002 54.103 180.0 19750.0
10.147 3.0007 -26.1432 177.0923 53.5794 180.0 19766.6667
10.1143 2.9985 -26.1187 177.0433 53.1382 180.0 19783.3333
10.0814 2.9963 -26.0937 176.9877 52.7125 180.0 19800.0
10.0471 2.994 -26.0673 176.8924 52.4186 180.0 19816.6667
10.0149 2.9918 -26.0423 176.8503 52.2224 180.0 19833.3333
9.983 2.9895 -26.0174 176.8503 52.0388 180.0 19850.0
9.9523 2.9874 -25.9934 176.8502 51.941 180.0 19866.6667
9.9157 2.9849 -25.9645 176.8502 51.743 180.0 19883.3333
9.8841 2.9826 -25.9396 176.8444 51.6822 180.0 19900.0
9.8519 2.9803 -25.914 176.7953 51.5155 180.0 19916.6667
9.8203 2.978 -25.8886 176.7467 51.1717 180.0 19933.3333
9.7923 2.976 -25.8657 176.7028 50.8209 180.0 19950.0
9.7551 2.973 -25.8345 176.5983 49.9145 180.0 19966.6667
9.7244 2.9706 -25.8078 176.5472 49.0361 180.0 19983.3333
9.6938 2.968 -25.7806 176.4002 48.3498 -180.0 20000.0
9.6618 2.9652 -25.7513 176.3482 47.6283 180.0 20016.6667
9.6319 2.9625 -25.7236 176.2992 47.096 180.0 20033.3333
9.602 2.9599 -25.6956 176.2502 46.8999 180.0 20050.0
9.5704 2.9571 -25.6658 176.2502 46.796 180.0 20066.6667
9.5406 2.9543 -25.6379 176.2502 46.695 180.0 20083.3333
9.511 2.9517 -25.6097 176.2502 46.4499 180.0 20100.0
9.4815 2.949 -25.5811 176.2992 46.0577 -180.0 20116.6667
9.4621 2.9473 -25.5624 176.4068 45.7303 -179.9998 20133.3333
9.4271 2.9444 -25.5274 176.5129 45.1311 -179.9998 20150.0
9.3917 2.9414 -25.4917 176.5502 44.6499 -180.0 20166.6667
9.3636 2.9389 -25.4628 176.6169 44.2833 -179.9999 20183.3333
9.3353 2.9366 -25.4335 176.6502 44.0206 -180.0 20200.0
9.3054 2.934 -25.4023 176.6502 43.7833 180.0 20216.6667
9.2781 2.9317 -25.3736 176.6502 43.6056 -180.0 20233.3333
9.2494 2.9293 -25.3433 176.6502 43.425 180.0 20250.0
9.2215 2.9269 -25.3136 176.7095 43.1426 -179.9999 20266.6667
9.195 2.9248 -25.2848 176.8327 42.698 -179.9998 20283.3333
9.1647 2.9224 -25.2513 177.0505 42.12 -179.9996 20300.0
9.1356 2.9203 -25.2185 177.3204 41.5848 -179.9993 20316.6667
9.1093 2.9187 -25.1883 177.6103 41.1245 -179.9997 20333.3333
9.0819 2.9172 -25.1565 177.9442 40.7094 -179.9997 20350.0
9.0543 2.9159 -25.1238 178.2839 40.2167 -179.9994 20366.6667
9.0281 2.915 -25.0922 178.6131 39.7402 -179.9998 20383.3333
9.0031 2.9141 -25.0619 178.8029 39.3948 -179.9998 20400.0
8.9793 2.9135 -25.0324 178.992 39.0334 -179.9998 20416.6667
8.9499 2.9129 -24.9957 179.2316 38.6479 -179.9999 20433.3333
8.9235 2.9124 -24.9623 179.3856 38.3912 -179.9999 20450.0
8.8982 2.912 -24.9302 179.5327 38.157 -179.9999 20466.6667
8.873 2.9119 -24.898 179.6798 37.9511 -179.9999 20483.3333
8.8477 2.9117 -24.8652 179.8379 37.6845 -179.9999 20500.0
8.8215 2.9117 -24.8307 -179.9673 37.357 -179.9999 20516.6667
8.797 2.9118 -24.7984 -179.8202 37.1413 -179.9999 20533.3333
8.772 2.9121 -24.7652 -179.6715 36.8532 -179.9999 20550.0
8.7462 2.9125 -24.7303 -179.5497 36.6177 -180.0 20566.6667
8.7221 2.9128 -24.6978 -179.5399 36.5001 180.0 20583.3333
8.6974 2.9132 -24.6645 -179.4997 36.5001 180.0 20600.0
8.6716 2.9135 -24.6295 -179.4997 36.4893 -180.0 20616.6667
8.6478 2.9139 -24.5973 -179.4997 36.4408 -180.0 20633.3333
8.6245 2.9142 -24.5656 -179.4997 36.3501 180.0 20650.0
8.5994 2.9145 -24.531 -179.5138 35.9299 179.9999 20666.6667
8.5782 2.9148 -24.5012 -179.6049 35.4876 180.0 20683.3333
8.5514 2.9149 -24.4628 -179.8941 34.8295 179.9995 20700.0
8.5288 2.9145 -24.4288 179.3456 33.6293 179.9991 20716.6667
8.5058 2.9129 -24.3918 177.9614 31.8293 179.9973 20733.3333
8.4843 2.9101 -24.3543 176.3676 29.8501 179.9994 20750.0
8.4646 2.9071 -24.3187 175.6864 29.0315 179.9996 20766.6667
8.4451 2.9036 -24.2828 175.0925 28.3883 180.0 20783.3333
8.4259 2.9 -24.2469 175.0003 28.2501 180.0 20800.0
8.4065 2.8965 -24.2108 175.0003 28.2501 180.0 20816.6667
8.386 2.8926 -24.1727 175.0003 28.2501 180.0 20833.3333
8.3668 2.8891 -24.1369 175.0003 28.2501 180.0 20850.0
8.3474 2.8855 -24.1008 175.0003 28.2501 180.0 20866.6667
8.3269 2.8817 -24.0627 175.0003 28.2501 180.0 20883.3333
8.3077 2.8782 -24.0269 175.0003 28.2501 180.0 20900.0
8.2883 2.8745 -23.9908 175.0003 28.2501 180.0 20916.6667
8.268 2.8708 -23.9529 175.0003 28.2501 180.0 20933.3333
8.2509 2.8676 -23.9212 175.0003 28.2501 180.0 20950.0
8.229 2.8636 -23.8803 175.0003 28.2501 180.0 20966.6667
8.2096 2.86 -23.8445 175.0003 28.2501 180.0 20983.3333
8.1891 2.8563 -23.8062 175.0003 28.2501 180.0 21000.0
8.1698 2.8527 -23.7705 175.0003 28.2501 180.0 21016.6667
8.1505 2.8491 -23.7345 175.0003 28.2501 180.0 21033.3333
8.1312 2.8456 -23.6985 175.0003 28.2501 180.0 21050.0
8.1119 2.842 -23.6625 175.0003 28.2501 180.0 21066.6667
8.0914 2.8382 -23.6244 175.0003 28.2501 180.0 21083.3333
8.0721 2.8346 -23.5885 175.0003 28.2501 180.0 21100.0
8.0528 2.8311 -23.5525 175.0003 28.2501 180.0 21116.6667
8.0323 2.8272 -23.5144 175.0003 28.2501 180.0 21133.3333
8.0129 2.8237 -23.4784 175.0003 28.2501 180.0 21150.0
7.9936 2.8202 -23.4424 175.0003 28.2501 180.0 21166.6667
7.9731 2.8163 -23.4043 175.0003 28.2501 180.0 21183.3333
7.9538 2.8128 -23.3684 175.0003 28.2501 180.0 21200.0
7.9369 2.8096 -23.3368 175.0003 28.2501 -180.0 21216.6667
7.9148 2.8056 -23.2957 175.0003 28.2501 -180.0 21233.3333
7.8953 2.802 -23.2596 175.0003 28.2501 -180.0 21250.0
7.876 2.7984 -23.2235 175.0003 28.2501 -180.0 21266.6667
7.858 2.7951 -23.1901 175.0003 28.2501 -180.0 21283.3333
7.8358 2.7909 -23.1488 175.0003 28.2501 -180.0 21300.0
7.8163 2.7873 -23.1125 174.9542 28.2501 -180.0 21316.6667
7.7971 2.7838 -23.0767 174.9503 28.25 -180.0 21333.3333
7.7766 2.7797 -23.0386 174.7628 28.297 -180.0 21350.0
7.7571 2.7759 -23.0026 174.566 28.4382 -180.0 21366.6667
7.7376 2.772 -22.9669 174.5052 28.5402 -180.0 21383.3333
7.7181 2.7681 -22.9312 174.5003 28.6824 -180.0 21400.0
7.6973 2.7639 -22.8933 174.5003 28.7 -180.0 21416.6667
7.6776 2.76 -22.8573 174.5454 28.7902 180.0 21433.3333
7.6581 2.7561 -22.8218 174.5944 28.8 -180.0 21450.0
7.6371 2.7521 -22.7837 174.6461 28.8 -180.0 21466.6667
7.6197 2.7487 -22.7521 174.6503 28.8404 -180.0 21483.3333
7.5978 2.7444 -22.7124 174.6503 28.85 -180.0 21500.0
7.5777 2.7405 -22.6758 174.6934 28.85 -180.0 21516.6667
7.5582 2.7368 -22.6405 174.7425 28.8922 180.0 21533.3333
7.5373 2.7329 -22.6026 174.7503 28.9001 -180.0 21550.0
7.5174 2.7291 -22.5666 174.7934 28.9001 -180.0 21566.6667
7.4979 2.7254 -22.5311 174.8002 28.9001 180.0 21583.3333
7.477 2.7215 -22.4933 174.8002 28.9001 180.0 21600.0
7.4571 2.7177 -22.4573 174.8002 28.9001 180.0 21616.6667
7.4374 2.7141 -22.4217 174.8002 28.9001 180.0 21633.3333
7.4176 2.7104 -22.3859 174.8002 28.9001 180.0 21650.0
7.398 2.7067 -22.3503 174.8405 28.9001 -180.0 21666.6667
7.3772 2.7028 -22.3126 174.892 28.9001 180.0 21683.3333
7.3572 2.6992 -22.2764 174.9826 28.9825 180.0 21700.0
7.3375 2.6957 -22.2411 175.0807 29.0805 180.0 21716.6667
7.3165 2.6921 -22.2034 175.2252 29.1834 180.0 21733.3333
7.2962 2.6887 -22.1674 175.2914 29.2825 180.0 21750.0
7.2764 2.6854 -22.1321 175.3806 29.3403 180.0 21766.6667
7.2553 2.6819 -22.0944 175.4002 29.3501 180.0 21783.3333
7.235 2.6786 -22.0584 175.4002 29.3501 180.0 21800.0
7.2151 2.6754 -22.0231 175.4002 29.3501 -180.0 21816.6667
7.194 2.6719 -21.9855 175.4002 29.3501 -180.0 21833.3333
7.1738 2.6686 -21.9496 175.4002 29.3501 -180.0 21850.0
7.1538 2.6653 -21.914 175.4002 29.3501 -180.0 21866.6667
7.1339 2.662 -21.8786 175.4394 29.3501 -180.0 21883.3333
7.1128 2.6586 -21.8411 175.4502 29.3501 -180.0 21900.0
7.0924 2.6554 -21.805 175.5306 29.3903 180.0 21916.6667
7.0726 2.6523 -21.7698 175.5894 29.4393 180.0 21933.3333
7.0512 2.6491 -21.7321 175.7221 29.572 180.0 21950.0
7.0309 2.646 -21.6963 175.7904 29.6403 180.0 21966.6667
7.0107 2.643 -21.6609 175.8786 29.7285 180.0 21983.3333
6.9903 2.6402 -21.6254 176.0149 29.8266 -180.0 22000.0
6.9698 2.6375 -21.5898 176.2364 29.9619 179.9999 22016.6667
6.9497 2.635 -21.5553 176.4815 30.1452 179.9999 22033.3333
6.9266 2.6324 -21.5157 176.5902 30.2401 180.0 22050.0
6.9066 2.63 -21.4815 176.6761 30.326 180.0 22066.6667
6.8853 2.6276 -21.4451 176.7773 30.4272 180.0 22083.3333
6.864 2.6254 -21.4091 176.8767 30.5266 -180.0 22100.0
6.8435 2.6232 -21.3743 176.9375 30.5502 180.0 22116.6667
6.8215 2.621 -21.3371 177.0273 30.5887 180.0 22133.3333
6.8004 2.6189 -21.3015 177.0884 30.6766 180.0 22150.0
6.7795 2.6169 -21.2663 177.2119 30.7747 180.0 22166.6667
6.7585 2.615 -21.2314 177.359 30.909 180.0 22183.3333
6.7364 2.6131 -21.1946 177.4377 30.9877 180.0 22200.0
6.715 2.6113 -21.159 177.4874 31.112 180.0 22216.6667
6.6938 2.6095 -21.1241 177.5727 31.2227 180.0 22233.3333
6.6725 2.6079 -21.0892 177.6708 31.3208 180.0 22250.0
6.6509 2.6063 -21.0538 177.7688 31.4188 180.0 22266.6667
6.631 2.6048 -21.0214 177.8317 31.5132 180.0 22283.3333
6.6071 2.6032 -20.9827 177.9835 31.7169 179.9999 22300.0
6.5841 2.6018 -20.9457 178.1874 31.9032 179.9999 22316.6667
6.5625 2.6007 -20.9112 178.3502 32.0836 179.9999 22333.3333
6.542 2.5996 -20.8787 178.5224 32.3031 179.9999 22350.0
6.5179 2.5988 -20.8415 178.9219 32.8836 179.9991 22366.6667
6.4954 2.5984 -20.8076 179.4145 33.591 179.9991 22383.3333
6.4711 2.5982 -20.7716 179.7668 34.0503 179.9998 22400.0
6.4466 2.5983 -20.7359 -179.944 34.3563 179.9998 22416.6667
6.424 2.5984 -20.7031 -179.7165 34.5837 179.9999 22433.3333
6.3992 2.5988 -20.6673 -179.5124 34.7878 179.9999 22450.0
6.3764 2.5994 -20.6349 -179.1908 35.1096 179.9996 22466.6667
6.3523 2.6002 -20.6009 -178.9207 35.3472 179.9999 22483.3333
6.3276 2.6011 -20.5664 -178.6881 35.5297 179.9999 22500.0
6.3041 2.6022 -20.5337 -178.4744 35.6944 179.9999 22516.6667
6.279 2.6036 -20.4989 -178.1739 35.9118 179.9998 22533.3333
6.2542 2.6051 -20.465 -177.9528 36.0975 179.9999 22550.0
6.2303 2.6067 -20.4325 -177.7116 36.2445 179.9999 22566.6667
6.2048 2.6086 -20.3979 -177.4707 36.3649 180.0 22583.3333
6.1799 2.6106 -20.3641 -177.2704 36.4651 180.0 22600.0
6.1557 2.6126 -20.3316 -177.0743 36.5631 179.9999 22616.6667
6.1312 2.615 -20.2985 -176.8479 36.6308 180.0 22633.3333
6.107 2.6173 -20.2661 -176.6616 36.7092 -180.0 22650.0
6.0813 2.62 -20.2318 -176.3884 36.8108 179.9999 22666.6667
6.0563 2.6228 -20.1984 -176.189 36.8808 180.0 22683.3333
6.0308 2.6257 -20.1645 -176.0248 36.9317 180.0 22700.0
6.0055 2.6288 -20.1309 -175.8871 36.9818 180.0 22716.6667
5.981 2.6318 -20.0984 -175.789 37.0004 180.0 22733.3333
5.9566 2.6349 -20.0661 -175.5734 37.0592 179.9999 22750.0
5.9308 2.6383 -20.032 -175.3592 37.1306 180.0 22766.6667
5.9055 2.6419 -19.9987 -175.1479 37.2112 179.9999 22783.3333
5.8806 2.6455 -19.966 -174.9028 37.3093 179.9999 22800.0
5.8573 2.6492 -19.9356 -174.5851 37.4578 179.9998 22816.6667
5.8307 2.6536 -19.901 -174.2332 37.606 179.9999 22833.3333
5.8033 2.6583 -19.8656 -173.957 37.7218 179.9999 22850.0
5.7788 2.6627 -19.8342 -173.7332 37.8337 180.0 22866.6667
5.7536 2.6673 -19.8018 -173.5684 37.9161 180.0 22883.3333
5.7282 2.6721 -19.7692 -173.4529 37.966 180.0 22900.0
5.7018 2.6771 -19.7355 -173.3498 38.0171 180.0 22916.6667
5.6769 2.6818 -19.7037 -173.3498 38.0504 180.0 22933.3333
5.6519 2.6866 -19.6717 -173.3498 38.0503 180.0 22950.0
5.6263 2.6914 -19.639 -173.3498 38.0503 180.0 22966.6667
5.6 2.6964 -19.6053 -173.3498 38.0503 180.0 22983.3333
5.5752 2.7011 -19.5737 -173.3498 38.0503 180.0 23000.0
5.5496 2.7059 -19.5409 -173.3498 38.0503 180.0 23016.6667
5.5232 2.711 -19.5072 -173.3498 38.0503 180.0 23033.3333
5.4984 2.7156 -19.4755 -173.3498 38.0503 180.0 23050.0
5.4731 2.7204 -19.4432 -173.3498 38.0503 180.0 23066.6667
5.4489 2.725 -19.4123 -173.384 38.0617 -180.0 23083.3333
5.4258 2.7292 -19.383 -173.506 38.1066 -180.0 23100.0
5.3969 2.7345 -19.3461 -173.6331 38.1754 -179.9999 23116.6667
5.3706 2.7388 -19.3129 -174.2261 38.3396 -179.9997 23133.3333
5.345 2.7423 -19.2807 -175.0903 38.5379 -179.9997 23150.0
5.3178 2.7454 -19.2469 -175.9044 38.7543 -179.9996 23166.6667
5.2927 2.7476 -19.2159 -176.7515 38.9874 -179.9998 23183.3333
5.268 2.7495 -19.1855 -177.2623 39.1629 -179.9999 23200.0
5.2405 2.7513 -19.1519 -177.7312 39.2582 -180.0 23216.6667
5.2145 2.7527 -19.1201 -177.929 39.3077 -180.0 23233.3333
5.1869 2.7541 -19.0864 -178.1174 39.3504 -180.0 23250.0
5.1615 2.7554 -19.0554 -178.2294 39.3578 -180.0 23266.6667
5.1366 2.7565 -19.0251 -178.4116 39.4004 -180.0 23283.3333
5.1073 2.7576 -18.9896 -178.5586 39.4033 -180.0 23300.0
5.0815 2.7585 -18.9581 -178.7096 39.4524 -180.0 23316.6667
5.0554 2.7593 -18.9265 -178.9567 39.5014 -180.0 23333.3333
5.0293 2.7598 -18.8949 -179.2998 39.5504 -180.0 23350.0
5.0015 2.7601 -18.8613 -179.6135 39.5504 -180.0 23366.6667
4.9755 2.7601 -18.8297 -179.955 39.5504 -180.0 23383.3333
4.9478 2.76 -18.7963 179.7641 39.5504 180.0 23400.0
4.9233 2.7593 -18.7666 179.1622 39.5503 180.0 23416.6667
4.8957 2.7585 -18.733 178.8453 39.5504 180.0 23433.3333
4.8696 2.7575 -18.7015 178.6002 39.5503 180.0 23450.0
4.8419 2.7562 -18.6679 178.3443 39.4503 180.0 23466.6667
4.816 2.755 -18.6364 178.1973 39.4493 180.0 23483.3333
4.79 2.7535 -18.6047 178.0502 39.4003 180.0 23500.0
4.764 2.752 -18.5731 177.9031 39.4003 180.0 23516.6667
4.7364 2.7503 -18.5395 177.6492 39.4003 -180.0 23533.3333
4.7104 2.7485 -18.5079 177.6002 39.4003 180.0 23550.0
4.6845 2.7466 -18.4763 177.3551 39.3023 180.0 23566.6667
4.6571 2.7445 -18.4426 177.1465 39.2003 180.0 23583.3333
4.6327 2.7424 -18.4128 176.9613 39.2003 180.0 23600.0
4.6055 2.74 -18.3793 176.7054 39.1023 180.0 23616.6667
4.5797 2.7373 -18.3473 176.2678 38.9561 180.0 23633.3333
4.5541 2.7345 -18.3157 176.109 38.9502 180.0 23650.0
4.5268 2.7315 -18.2819 175.9533 38.9012 180.0 23666.6667
4.5012 2.7285 -18.2501 175.8541 38.8522 180.0 23683.3333
4.4756 2.7255 -18.2182 175.7561 38.8031 180.0 23700.0
4.4501 2.7224 -18.1864 175.658 38.7541 180.0 23716.6667
4.423 2.7189 -18.1526 175.5544 38.7502 180.0 23733.3333
4.3974 2.7158 -18.1207 175.5031 38.7031 180.0 23750.0
4.3719 2.7126 -18.0889 175.5002 38.7002 180.0 23766.6667
4.3449 2.7091 -18.0551 175.5002 38.7002 -180.0 23783.3333
4.3192 2.7059 -18.0231 175.5002 38.7002 -180.0 23800.0
4.2938 2.7027 -17.9913 175.5002 38.7002 -180.0 23816.6667
4.2667 2.6993 -17.9575 175.5002 38.7002 -180.0 23833.3333
4.2411 2.6961 -17.9256 175.5002 38.7002 -180.0 23850.0
4.2155 2.6929 -17.8936 175.5002 38.7002 -180.0 23866.6667
4.19 2.6896 -17.8619 175.5002 38.7002 -180.0 23883.3333
4.163 2.6863 -17.8281 175.5002 38.7002 -180.0 23900.0
4.1374 2.6831 -17.7962 175.5002 38.7002 -180.0 23916.6667
4.1104 2.6796 -17.7624 175.5002 38.7002 -180.0 23933.3333
4.0847 2.6764 -17.7304 175.5002 38.7002 -180.0 23950.0
4.0592 2.6732 -17.6986 175.5002 38.7002 -180.0 23966.6667
4.0337 2.67 -17.6667 175.5002 38.7002 -180.0 23983.3333
4.0081 2.6668 -17.6348 175.5002 38.7002 -180.0 24000.0
3.9827 2.6636 -17.603 175.5002 38.7002 -180.0 24016.6667
3.9557 2.6602 -17.5693 175.5002 38.7002 -180.0 24033.3333
3.9285 2.6567 -17.5354 175.5002 38.7002 -180.0 24050.0
3.9028 2.6536 -17.5034 175.5002 38.7002 -180.0 24066.6667
3.8773 2.6503 -17.4716 175.5002 38.7002 180.0 24083.3333
3.8519 2.6471 -17.4398 175.5002 38.7002 180.0 24100.0
3.8248 2.6437 -17.406 175.5002 38.7002 -180.0 24116.6667
3.7991 2.6404 -17.3739 175.5002 38.7002 180.0 24133.3333
3.7735 2.6373 -17.3419 175.5002 38.7002 180.0 24150.0
3.749 2.6342 -17.3113 175.5002 38.7002 -180.0 24166.6667
3.726 2.6312 -17.2826 175.5002 38.7002 -180.0 24183.3333
3.701 2.628 -17.2514 175.5002 38.7002 -180.0 24200.0
3.6698 2.6242 -17.2125 175.5002 38.7002 -180.0 24216.6667
3.644 2.6209 -17.1802 175.5002 38.7002 180.0 24233.3333
3.6179 2.6176 -17.1478 175.5002 38.7002 180.0 24250.0
3.593 2.6145 -17.1166 175.5002 38.6678 -180.0 24266.6667
3.567 2.6112 -17.0841 175.5002 38.6502 -180.0 24283.3333
3.5412 2.608 -17.0518 175.5002 38.6502 -180.0 24300.0
3.5131 2.6044 -17.0166 175.5002 38.6502 180.0 24316.6667
3.4879 2.6012 -16.9851 175.5002 38.6502 180.0 24333.3333
3.4621 2.598 -16.953 175.5002 38.6502 180.0 24350.0
3.4346 2.5946 -16.9185 175.5002 38.6502 180.0 24366.6667
3.4087 2.5913 -16.8862 175.5002 38.6502 180.0 24383.3333
3.3835 2.5881 -16.8546 175.5002 38.6502 180.0 24400.0
3.3566 2.5847 -16.821 175.5002 38.6502 180.0 24416.6667
3.3306 2.5815 -16.7885 175.5002 38.6502 180.0 24433.3333
3.3053 2.5783 -16.7568 175.5002 38.6502 180.0 24450.0
3.2797 2.575 -16.7248 175.5002 38.6159 180.0 24466.6667
3.2544 2.5719 -16.6931 175.5669 38.5669 -180.0 24483.3333
3.2277 2.5686 -16.6595 175.6346 38.5158 -180.0 24500.0
3.2017 2.5655 -16.6268 175.6845 38.4659 -180.0 24516.6667
3.1764 2.5624 -16.5949 175.7002 38.4169 -180.0 24533.3333
3.1513 2.5594 -16.5632 175.7326 38.3678 -180.0 24550.0
3.1247 2.5562 -16.5296 175.7502 38.3502 -180.0 24566.6667
3.0987 2.5531 -16.4967 175.7502 38.3502 -180.0 24583.3333
3.0737 2.5501 -16.4651 175.7502 38.3502 -180.0 24600.0
3.0471 2.5469 -16.4315 175.7502 38.3502 -180.0 24616.6667
3.0211 2.5438 -16.3986 175.7502 38.3502 -180.0 24633.3333
2.9961 2.5408 -16.367 175.7502 38.3502 -180.0 24650.0
2.9696 2.5376 -16.3335 175.7835 38.3169 -180.0 24666.6667
2.9432 2.5345 -16.3 175.8336 38.2669 -180.0 24683.3333
2.9207 2.5319 -16.2714 175.8503 38.2212 -180.0 24700.0
2.8947 2.5289 -16.2384 175.9081 38.1423 -180.0 24716.6667
2.8668 2.5256 -16.2028 175.9503 38.0755 -180.0 24733.3333
2.8418 2.5228 -16.1708 175.9679 38.0501 -180.0 24750.0
2.8161 2.5199 -16.1378 176.0002 38.0147 -180.0 24766.6667
2.7898 2.5169 -16.1041 176.0188 37.9128 -180.0 24783.3333
2.765 2.5141 -16.0723 176.0679 37.8325 -180.0 24800.0
2.7393 2.5113 -16.039 176.1179 37.7293 -180.0 24816.6667
2.7133 2.5084 -16.0052 176.1502 37.5815 -180.0 24833.3333
2.6886 2.5057 -15.9729 176.1855 37.4442 -179.9999 24850.0
2.6639 2.503 -15.9405 176.3003 37.1334 -179.9999 24866.6667
2.639 2.5005 -15.907 176.4336 36.7668 -179.9999 24883.3333
2.6135 2.4979 -15.8723 176.5532 36.3942 -179.9999 24900.0
2.5897 2.4955 -15.8398 176.6502 36.1001 -180.0 24916.6667
2.5652 2.4931 -15.8057 176.7003 35.7834 -179.9999 24933.3333
2.5403 2.4907 -15.7709 176.8002 35.4972 180.0 24950.0
2.5168 2.4884 -15.7378 176.8169 35.3501 -180.0 24966.6667
2.4932 2.4862 -15.7044 176.8659 35.2186 -180.0 24983.3333
