7.0 2.5 -5.0 -177.45 -35.1 180.0 0.0
7.0 2.5 -5.0 -177.45 -35.1 180.0 16.6667
7.0 2.5 -5.0 -177.45 -35.1 180.0 33.3333
7.0 2.5 -5.0 -177.45 -35.1 180.0 50.0
7.0 2.5 -5.0 -177.45 -35.1 180.0 66.6667
7.0 2.5 -5.0 -177.45 -35.1 180.0 83.3333
7.0 2.5 -5.0 -177.45 -35.1 180.0 100.0
7.0 2.5 -5.0 -177.45 -35.1 180.0 116.6667
7.0 2.5 -5.0 -177.45 -35.1 180.0 133.3333
7.0 2.5 -5.0 -177.45 -35.1 180.0 150.0
7.0 2.5 -5.0 -177.45 -35.1 180.0 166.6667
7.0 2.5 -5.0 -177.45 -35.1 180.0 183.3333
7.0 2.5 -5.0 -177.45 -35.1 180.0 200.0
7.0 2.5 -5.0 -177.45 -35.1 180.0 216.6667
7.0 2.5 -5.0 -177.45 -35.1 180.0 233.3333
7.0 2.5 -5.0 -177.45 -35.1 180.0 250.0
7.0 2.5 -5.0 -177.45 -35.1 180.0 266.6667
7.0 2.5 -5.0 -177.45 -35.1 180.0 283.3333
7.0 2.5 -5.0 -177.45 -35.1 180.0 300.0
7.0 2.5 -5.0 -177.45 -35.1 180.0 316.6667
7.0 2.5 -5.0 -177.45 -35.1 180.0 333.3333
7.0 2.5 -5.0 -177.45 -35.1 180.0 350.0
7.0 2.5 -5.0 -177.45 -35.1 180.0 366.6667
7.0 2.5 -5.0 -177.45 -35.1 180.0 383.3333
7.0 2.5 -5.0 -177.45 -35.1 180.0 400.0
7.0 2.5 -5.0 -177.45 -35.1 180.0 416.6667
7.0 2.5 -5.0 -177.45 -35.1 180.0 433.3333
7.0 2.5 -5.0 -177.45 -35.1 180.0 450.0
7.0 2.5 -5.0 -177.45 -35.1 180.0 466.6667
7.0 2.5 -5.0 -177.45 -35.1 180.0 483.3333
7.0 2.5 -5.0 -177.45 -35.1 180.0 500.0
7.0 2.5 -5.0 -177.45 -35.1 180.0 516.6667
7.0 2.5 -5.0 -177.45 -35.1 180.0 533.3333
7.0 2.5 -5.0 -177.45 -35.1 180.0 550.0
7.0 2.5 -5.0 -177.45 -35.1 180.0 566.6667
7.0 2.5 -5.0 -177.45 -35.1 180.0 583.3333
7.0 2.5 -5.0 -177.45 -35.1 180.0 600.0
7.0 2.5 -5.0 -177.45 -35.1 180.0 616.6667
7.0 2.5 -5.0 -177.45 -35.1 180.0 633.3333
7.0 2.5 -5.0 -177.45 -35.1 180.0 650.0
7.0 2.5 -5.0 -177.45 -35.1 180.0 666.6667
7.0 2.5 -5.0 -177.45 -35.1 180.0 683.3333
7.0 2.5 -5.0 -177.45 -35.1 180.0 700.0
7.0 2.5 -5.0 -177.45 -35.1 180.0 716.6667
7.0 2.5 -5.0 -177.45 -35.1 180.0 733.3333
7.0 2.5 -5.0 -177.45 -35.1 180.0 750.0
7.0 2.5 -5.0 -177.45 -35.1 180.0 766.6667
7.0 2.5 -5.0 -177.45 -35.1 180.0 783.3333
7.0001 2.5 -4.9999 -177.45 -35.1 180.0 800.0
7.0011 2.5001 -4.9984 -177.45 -35.1 180.0 816.6667
7.0021 2.5002 -4.9972 -177.45 -35.1 180.0 833.3333
7.003 2.5002 -4.9957 -177.45 -35.1 180.0 850.0
7.0039 2.5003 -4.9943 -177.45 -35.1 180.0 866.6667
7.0049 2.5004 -4.993 -177.45 -35.1 180.0 883.3333
7.0057 2.5005 -4.992 -177.45 -35.1 -180.0 900.0
7.0062 2.5005 -4.9911 -177.4216 -35.1426 -180.0 916.6667
7.0071 2.5006 -4.9899 -177.3599 -35.2352 -180.0 933.3333
7.0088 2.5007 -4.9876 -176.9768 -36.23 -179.9997 950.0
7.0098 2.5008 -4.9862 -176.95 -36.7608 -180.0 966.6667
7.0106 2.5009 -4.9852 -176.8804 -37.1136 -179.9999 983.3333
7.0113 2.5009 -4.9842 -176.8116 -37.4038 -179.9999 1000.0
7.0122 2.501 -4.983 -176.7465 -37.6658 -180.0 1016.6667
7.0137 2.5012 -4.9813 -176.6588 -38.0605 -180.0 1033.3333
7.0148 2.5013 -4.9797 -176.65 -38.2406 -180.0 1050.0
7.016 2.5014 -4.9783 -176.601 -38.25 -180.0 1066.6667
7.017 2.5015 -4.9771 -176.6 -38.25 -180.0 1083.3333
7.0179 2.5016 -4.9758 -176.6 -38.2971 -180.0 1100.0
7.0191 2.5017 -4.9744 -176.6 -38.3979 180.0 1116.6667
7.0201 2.5018 -4.9731 -176.6 -38.5441 180.0 1133.3333
7.0212 2.5019 -4.9719 -176.6471 -38.6912 -180.0 1150.0
7.0209 2.502 -4.9696 -176.65 -38.8843 180.0 1166.6667
7.0207 2.5021 -4.9672 -176.6979 -39.0438 180.0 1183.3333
7.0204 2.5022 -4.9648 -176.7 -39.2382 180.0 1200.0
7.0202 2.5023 -4.9628 -176.7412 -39.4149 180.0 1216.6667
7.02 2.5023 -4.9603 -176.9582 -40.0333 179.9997 1233.3333
7.0198 2.5024 -4.9578 -177.0875 -40.6313 179.9999 1250.0
7.0197 2.5025 -4.9561 -177.1271 -40.9716 179.9999 1266.6667
7.0197 2.5025 -4.9549 -177.1574 -41.2747 180.0 1283.3333
7.0195 2.5025 -4.9531 -177.1862 -41.562 179.9999 1300.0
7.0193 2.5027 -4.9495 -177.2 -41.7764 180.0 1316.6667
7.0191 2.5029 -4.9461 -177.2 -41.902 -180.0 1333.3333
7.0191 2.5029 -4.9438 -177.2 -42.0062 -180.0 1350.0
7.0189 2.5029 -4.9413 -177.2 -42.1352 180.0 1366.6667
7.0187 2.503 -4.9396 -177.2 -42.2466 -180.0 1383.3333
7.0187 2.5031 -4.9384 -177.2 -42.3299 -180.0 1400.0
7.0186 2.5031 -4.936 -177.2275 -42.46 180.0 1416.6667
7.0185 2.5033 -4.9326 -177.25 -42.5697 -180.0 1433.3333
7.0184 2.5034 -4.9296 -177.25 -42.5999 180.0 1450.0
7.0183 2.5034 -4.9273 -177.25 -42.5999 180.0 1466.6667
7.0182 2.5035 -4.925 -177.25 -42.6215 -180.0 1483.3333
7.0181 2.5036 -4.9225 -177.2281 -42.7155 -180.0 1500.0
7.018 2.5037 -4.9203 -177.1853 -42.8441 -180.0 1516.6667
7.0179 2.5038 -4.919 -177.1532 -42.9403 -180.0 1533.3333
7.0179 2.5038 -4.9176 -177.0727 -43.4154 -179.9996 1550.0
7.0179 2.5039 -4.9146 -176.9835 -44.0166 -179.9998 1566.6667
7.0178 2.504 -4.9109 -176.8877 -44.8622 -180.0 1583.3333
7.0178 2.5041 -4.9098 -176.8259 -44.924 -180.0 1600.0
7.0179 2.5042 -4.9068 -176.8 -45.1312 -180.0 1616.6667
7.0179 2.5044 -4.9037 -176.8 -45.2804 180.0 1633.3333
7.0179 2.5044 -4.9017 -176.8 -45.325 -180.0 1650.0
7.0179 2.5045 -4.8999 -176.8 -45.3499 -180.0 1666.6667
7.0179 2.5046 -4.8982 -176.8 -45.3499 -180.0 1683.3333
7.0179 2.5047 -4.8953 -176.8 -45.3499 -180.0 1700.0
7.0179 2.5048 -4.8922 -176.8 -45.3499 -180.0 1716.6667
7.0179 2.5049 -4.8897 -176.8 -45.3499 -180.0 1733.3333
7.018 2.505 -4.8873 -176.8 -45.3499 -180.0 1750.0
7.018 2.5051 -4.8849 -176.8 -45.3499 -180.0 1766.6667
7.018 2.5051 -4.8832 -176.8 -45.3499 -180.0 1783.3333
7.018 2.5052 -4.8819 -176.8 -45.3499 -180.0 1800.0
7.018 2.5053 -4.879 -176.8 -45.3499 -180.0 1816.6667
7.018 2.5055 -4.8761 -176.8 -45.3499 -180.0 1833.3333
7.018 2.5055 -4.8736 -176.8 -45.3499 -180.0 1850.0
7.018 2.5056 -4.871 -176.8 -45.3499 -180.0 1866.6667
7.0181 2.5057 -4.8687 -176.8 -45.3499 -180.0 1883.3333
7.0181 2.5058 -4.8662 -176.8 -45.3499 -180.0 1900.0
7.0181 2.5059 -4.864 -176.8 -45.3499 -180.0 1916.6667
7.0181 2.506 -4.8615 -176.8 -45.3499 -180.0 1933.3333
7.0181 2.506 -4.86 -176.8 -45.3499 -180.0 1950.0
7.0181 2.5061 -4.8583 -176.8 -45.3499 -180.0 1966.6667
7.0181 2.5063 -4.8553 -176.8 -45.3499 -180.0 1983.3333
7.0181 2.5064 -4.852 -176.8 -45.3499 -180.0 2000.0
7.0182 2.5065 -4.8497 -176.8 -45.3499 -180.0 2016.6667
7.0182 2.5066 -4.848 -176.8 -45.3499 -180.0 2033.3333
7.0182 2.5066 -4.8465 -176.8 -45.3499 -180.0 2050.0
7.0182 2.5067 -4.8444 -176.8 -45.3499 -180.0 2066.6667
7.0182 2.5068 -4.8405 -176.8 -45.3499 -180.0 2083.3333
7.0182 2.507 -4.8378 -176.8 -45.3499 -180.0 2100.0
7.0182 2.5071 -4.8356 -176.8 -45.3499 -180.0 2116.6667
7.0182 2.5072 -4.8332 -176.8 -45.3499 -180.0 2133.3333
7.0183 2.5073 -4.8308 -176.8 -45.3499 -180.0 2150.0
7.0183 2.5073 -4.8285 -176.8 -45.3499 -180.0 2166.6667
7.0183 2.5074 -4.8261 -176.8 -45.3499 -180.0 2183.3333
7.0183 2.5075 -4.8238 -176.8 -45.3499 -180.0 2200.0
7.0183 2.5076 -4.8216 -176.8 -45.3499 -180.0 2216.6667
7.0183 2.5077 -4.8192 -176.8 -45.3499 -180.0 2233.3333
7.0183 2.5078 -4.8166 -176.8 -45.3499 -180.0 2250.0
7.0183 2.5078 -4.8145 -176.8 -45.3499 -180.0 2266.6667
7.0183 2.5079 -4.8125 -176.8 -45.3499 -180.0 2283.3333
7.0184 2.508 -4.8101 -176.8 -45.3499 -180.0 2300.0
7.0184 2.5081 -4.8074 -176.7948 -45.3707 -180.0 2316.6667
7.0184 2.5082 -4.8049 -176.7431 -45.5774 -180.0 2333.3333
7.0184 2.5083 -4.8026 -176.6941 -45.7734 -180.0 2350.0
7.0185 2.5084 -4.8003 -176.6402 -45.994 -180.0 2366.6667
7.0185 2.5085 -4.7979 -176.55 -46.4221 -180.0 2383.3333
7.0186 2.5087 -4.7954 -176.55 -46.6999 -180.0 2400.0
7.0187 2.5088 -4.793 -176.452 -47.2391 -180.0 2416.6667
7.0188 2.5089 -4.7917 -176.3896 -47.5524 -179.9998 2433.3333
7.0188 2.5089 -4.7896 -176.35 -47.8699 -180.0 2450.0
7.019 2.509 -4.7864 -176.35 -48.1943 180.0 2466.6667
7.0192 2.5092 -4.7839 -176.35 -48.4656 180.0 2483.3333
7.0193 2.5093 -4.7815 -176.35 -48.6594 180.0 2500.0
7.0195 2.5094 -4.7793 -176.35 -48.8182 -180.0 2516.6667
7.0197 2.5095 -4.7769 -176.35 -48.9675 180.0 2533.3333
7.0199 2.5096 -4.7743 -176.35 -49.203 -180.0 2550.0
7.02 2.5097 -4.7723 -176.381 -49.4052 180.0 2566.6667
7.0201 2.5098 -4.7708 -176.4149 -49.5743 180.0 2583.3333
7.0203 2.5099 -4.769 -176.4446 -49.7231 180.0 2600.0
7.0205 2.51 -4.7659 -176.45 -49.8866 180.0 2616.6667
7.0208 2.5101 -4.7628 -176.4804 -50.0715 180.0 2633.3333
7.021 2.5103 -4.7603 -176.5 -50.2436 180.0 2650.0
7.0212 2.5104 -4.758 -176.5296 -50.3592 180.0 2666.6667
7.0215 2.5105 -4.7557 -176.55 -50.4548 -180.0 2683.3333
7.0217 2.5105 -4.7534 -176.55 -50.4999 -180.0 2700.0
7.0219 2.5106 -4.751 -176.55 -50.5224 -180.0 2716.6667
7.0221 2.5107 -4.7486 -176.55 -50.5703 180.0 2733.3333
7.0224 2.5108 -4.7464 -176.5676 -50.6175 180.0 2750.0
7.0226 2.5109 -4.744 -176.6 -50.6832 180.0 2766.6667
7.0228 2.511 -4.7415 -176.6 -50.7666 -180.0 2783.3333
7.0231 2.5111 -4.7391 -176.6 -50.7999 -180.0 2800.0
7.0233 2.5112 -4.737 -176.6 -50.7999 -180.0 2816.6667
7.0235 2.5113 -4.7357 -176.6 -50.7999 180.0 2833.3333
7.0236 2.5113 -4.7338 -176.6 -50.7999 180.0 2850.0
7.0239 2.5114 -4.7307 -176.6 -50.7999 180.0 2866.6667
7.0243 2.5116 -4.7274 -176.6 -50.7999 180.0 2883.3333
7.0244 2.5117 -4.7252 -176.6 -50.7999 180.0 2900.0
7.0247 2.5118 -4.7228 -176.6 -50.7999 180.0 2916.6667
7.0249 2.5119 -4.7205 -176.6 -50.8097 180.0 2933.3333
7.0251 2.512 -4.7182 -176.6 -50.8764 180.0 2950.0
7.0254 2.5121 -4.7158 -176.6067 -51.0066 180.0 2966.6667
7.0256 2.5122 -4.7139 -176.6483 -51.0482 180.0 2983.3333
7.0257 2.5122 -4.7123 -176.6796 -51.1684 180.0 3000.0
7.026 2.5124 -4.71 -176.7 -51.3491 180.0 3016.6667
7.0264 2.5125 -4.7068 -176.7 -51.6205 180.0 3033.3333
7.0267 2.5126 -4.704 -176.7 -51.7657 180.0 3050.0
7.027 2.5127 -4.702 -176.7 -51.8973 180.0 3066.6667
7.0272 2.5128 -4.7002 -176.7 -51.9354 180.0 3083.3333
7.0275 2.5129 -4.6974 -176.7 -51.9499 180.0 3100.0
7.0279 2.513 -4.6947 -176.7 -51.9499 180.0 3116.6667
7.0282 2.5131 -4.6924 -176.7 -51.9774 180.0 3133.3333
7.0285 2.5132 -4.6901 -176.7 -52.0265 180.0 3150.0
7.0288 2.5133 -4.6878 -176.7 -52.1009 180.0 3166.6667
7.029 2.5133 -4.6854 -176.7 -52.1499 -180.0 3183.3333
7.0293 2.5134 -4.6831 -176.7 -52.15 -180.0 3200.0
7.0296 2.5135 -4.6808 -176.7 -52.15 -180.0 3216.6667
7.0299 2.5136 -4.6783 -176.7 -52.15 -180.0 3233.3333
7.0302 2.5137 -4.6761 -176.7 -52.1889 -180.0 3250.0
7.0305 2.5138 -4.674 -176.7 -52.25 -180.0 3266.6667
7.0307 2.5139 -4.6718 -176.7 -52.2675 180.0 3283.3333
7.031 2.514 -4.6695 -176.7 -52.3925 180.0 3300.0
7.0314 2.5141 -4.6668 -176.7 -52.487 180.0 3316.6667
7.0316 2.5142 -4.6643 -176.7 -52.5796 -180.0 3333.3333
7.0319 2.5142 -4.6626 -176.7 -52.5999 -180.0 3350.0
7.0322 2.5143 -4.6609 -176.7 -52.6104 -180.0 3366.6667
7.0324 2.5145 -4.6588 -176.7 -52.6413 180.0 3383.3333
7.0328 2.5146 -4.6561 -176.7 -52.6499 180.0 3400.0
7.0331 2.5146 -4.6531 -176.7 -52.6499 180.0 3416.6667
7.0335 2.5148 -4.6504 -176.7 -52.6656 -180.0 3433.3333
7.0339 2.5149 -4.6481 -176.7 -52.7207 -180.0 3450.0
7.0341 2.5149 -4.6465 -176.7 -52.7902 -180.0 3466.6667
7.0342 2.5149 -4.6452 -176.7 -52.8716 -180.0 3483.3333
7.0346 2.5151 -4.6427 -176.7 -52.9587 -180.0 3500.0
7.0352 2.5153 -4.6387 -176.7 -53.1011 -180.0 3516.6667
7.0354 2.5154 -4.6372 -176.7 -53.1309 180.0 3533.3333
7.0357 2.5154 -4.6351 -176.7 -53.1675 180.0 3550.0
7.0362 2.5155 -4.6316 -176.7 -53.2166 180.0 3566.6667
7.0365 2.5156 -4.6294 -176.7 -53.2647 180.0 3583.3333
7.0368 2.5157 -4.6271 -176.7 -53.3352 180.0 3600.0
7.0372 2.5158 -4.6248 -176.7 -53.4823 180.0 3616.6667
7.0376 2.5159 -4.6224 -176.7 -53.6092 180.0 3633.3333
7.0378 2.516 -4.6203 -176.7 -53.6647 180.0 3650.0
7.038 2.5161 -4.6189 -176.7 -53.7882 180.0 3666.6667
7.0385 2.5162 -4.6164 -176.7 -53.8938 180.0 3683.3333
7.039 2.5163 -4.6132 -176.7 -54.0028 180.0 3700.0
7.0393 2.5164 -4.6107 -176.7 -54.1176 180.0 3716.6667
7.0397 2.5165 -4.6085 -176.7 -54.1734 180.0 3733.3333
7.0399 2.5166 -4.6072 -176.7 -54.2351 -180.0 3750.0
7.0402 2.5166 -4.6055 -176.7 -54.3437 -180.0 3766.6667
7.0407 2.5167 -4.6026 -176.7 -54.4705 180.0 3783.3333
7.0413 2.5169 -4.5991 -176.7 -54.6293 -180.0 3800.0
7.0416 2.517 -4.5969 -176.7 -54.8655 -180.0 3816.6667
7.0421 2.5171 -4.5945 -176.7 -55.0068 180.0 3833.3333
7.0426 2.5172 -4.5921 -176.7 -55.0617 180.0 3850.0
7.0429 2.5173 -4.5899 -176.7 -55.1597 180.0 3866.6667
7.0433 2.5174 -4.5876 -176.7 -55.2541 180.0 3883.3333
7.0435 2.5175 -4.5864 -176.7 -55.3062 180.0 3900.0
7.0439 2.5175 -4.5846 -176.7 -55.3731 180.0 3916.6667
7.0445 2.5176 -4.5814 -176.7 -55.518 180.0 3933.3333
7.0449 2.5177 -4.5793 -176.7 -55.6195 180.0 3950.0
7.0452 2.5178 -4.5775 -176.7 -55.7151 180.0 3966.6667
7.0458 2.5179 -4.5745 -176.7 -55.8666 180.0 3983.3333
7.0464 2.5181 -4.5714 -176.7 -55.9764 180.0 4000.0
7.0468 2.5182 -4.569 -176.7 -56.0372 180.0 4016.6667
7.0473 2.5183 -4.5666 -176.7 -56.127 180.0 4033.3333
7.0476 2.5184 -4.5648 -176.7 -56.1499 180.0 4050.0
7.0479 2.5184 -4.5634 -176.7 -56.1672 180.0 4066.6667
7.0483 2.5185 -4.5614 -176.7 -56.2289 180.0 4083.3333
7.049 2.5186 -4.558 -176.7 -56.2805 180.0 4100.0
7.0496 2.5188 -4.5551 -176.7 -56.2999 180.0 4116.6667
7.05 2.5188 -4.5529 -176.7 -56.2999 180.0 4133.3333
7.0505 2.519 -4.5504 -176.7 -56.2999 180.0 4150.0
7.051 2.519 -4.5481 -176.7 -56.2999 -180.0 4166.6667
7.0514 2.519 -4.5458 -176.7 -56.2999 180.0 4183.3333
7.0518 2.5191 -4.5437 -176.7 -56.2999 180.0 4200.0
7.0522 2.5192 -4.5421 -176.7 -56.2999 180.0 4216.6667
7.0525 2.5194 -4.5405 -176.7 -56.2999 180.0 4233.3333
7.053 2.5195 -4.5377 -176.7 -56.2999 180.0 4250.0
7.0536 2.5195 -4.5345 -176.7 -56.2999 180.0 4266.6667
7.0541 2.5196 -4.5322 -176.7 -56.2999 180.0 4283.3333
7.0546 2.5197 -4.53 -176.7 -56.2999 180.0 4300.0
7.0551 2.5199 -4.5274 -176.7 -56.2999 180.0 4316.6667
7.0555 2.52 -4.5252 -176.7 -56.2999 180.0 4333.3333
7.0559 2.5201 -4.5229 -176.7 -56.2999 180.0 4350.0
7.0564 2.5202 -4.5205 -176.7 -56.2999 180.0 4366.6667
7.0569 2.5203 -4.5182 -176.7 -56.2999 180.0 4383.3333
7.0574 2.5204 -4.5159 -176.7 -56.2999 180.0 4400.0
7.0578 2.5205 -4.5135 -176.7 -56.2999 180.0 4416.6667
7.0583 2.5206 -4.5113 -176.7 -56.2999 180.0 4433.3333
7.0587 2.5207 -4.5089 -176.7 -56.2999 180.0 4450.0
7.0592 2.5207 -4.5066 -176.7 -56.2999 180.0 4466.6667
7.0597 2.5208 -4.5043 -176.7 -56.2999 180.0 4483.3333
7.0601 2.5209 -4.5019 -176.7 -56.2999 180.0 4500.0
7.0604 2.5209 -4.5009 -176.7 -56.2999 180.0 4516.6667
7.0606 2.521 -4.4996 -176.7 -56.2999 180.0 4533.3333
7.0614 2.5212 -4.4956 -176.7 -56.2999 180.0 4550.0
7.062 2.5213 -4.4929 -176.7 -56.2999 180.0 4566.6667
7.0624 2.5213 -4.491 -176.7 -56.2999 180.0 4583.3333
7.0627 2.5214 -4.4891 -176.7 -56.2999 180.0 4600.0
7.0632 2.5216 -4.4868 -176.7 -56.2999 180.0 4616.6667
7.0637 2.5217 -4.4837 -176.7 -56.2999 180.0 4633.3333
7.0642 2.5218 -4.4813 -176.7 -56.2999 180.0 4650.0
7.0647 2.5219 -4.4789 -176.7 -56.2999 180.0 4666.6667
7.0651 2.522 -4.4769 -176.7 -56.2999 180.0 4683.3333
7.0656 2.5221 -4.4745 -176.7 -56.2999 180.0 4700.0
7.0661 2.5222 -4.4721 -176.7 -56.2999 180.0 4716.6667
7.0666 2.5223 -4.4697 -176.7 -56.2999 180.0 4733.3333
7.067 2.5224 -4.4674 -176.7 -56.2999 180.0 4750.0
7.0675 2.5225 -4.465 -176.7 -56.2999 180.0 4766.6667
7.0679 2.5225 -4.4632 -176.7 -56.2999 180.0 4783.3333
7.0681 2.5226 -4.4618 -176.7 -56.2999 180.0 4800.0
7.0685 2.5227 -4.4598 -176.7 -56.2999 180.0 4816.6667
7.0692 2.5228 -4.4566 -176.7 -56.2999 180.0 4833.3333
7.0698 2.5229 -4.4534 -176.7 -56.2999 180.0 4850.0
7.0702 2.523 -4.4513 -176.7 -56.2999 180.0 4866.6667
7.0706 2.5231 -4.449 -176.7 -56.2999 180.0 4883.3333
7.0711 2.5232 -4.4467 -176.7 -56.2999 180.0 4900.0
7.0716 2.5233 -4.4444 -176.7 -56.2999 180.0 4916.6667
7.0721 2.5234 -4.442 -176.7 -56.2999 180.0 4933.3333
7.0725 2.5235 -4.4397 -176.7 -56.2999 180.0 4950.0
7.073 2.5236 -4.4374 -176.7 -56.2999 180.0 4966.6667
7.0735 2.5237 -4.4352 -176.7 -56.2999 180.0 4983.3333
7.0739 2.5238 -4.4328 -176.7 -56.2999 180.0 5000.0
7.0743 2.5239 -4.4305 -176.7 -56.2999 180.0 5016.6667
7.0748 2.524 -4.4281 -176.7 -56.2999 180.0 5033.3333
7.0753 2.5241 -4.4257 -176.7 -56.2999 180.0 5050.0
7.0758 2.5242 -4.4235 -176.7 -56.2999 180.0 5066.6667
7.0763 2.5243 -4.4212 -176.7 -56.2999 180.0 5083.3333
7.0767 2.5244 -4.4188 -176.7 -56.2999 180.0 5100.0
7.0772 2.5245 -4.4166 -176.7 -56.2999 180.0 5116.6667
7.0776 2.5246 -4.4142 -176.7 -56.2999 180.0 5133.3333
7.078 2.5247 -4.4122 -176.7 -56.2999 180.0 5150.0
7.0784 2.5248 -4.4103 -176.7 -56.2999 180.0 5166.6667
7.0789 2.5248 -4.4077 -176.7 -56.2999 180.0 5183.3333
7.0795 2.5249 -4.405 -176.7 -56.2999 180.0 5200.0
7.0799 2.525 -4.4027 -176.7 -56.2999 180.0 5216.6667
7.0803 2.5251 -4.4004 -176.7 -56.2999 180.0 5233.3333
7.0808 2.5252 -4.3982 -176.7 -56.2999 180.0 5250.0
7.0813 2.5253 -4.396 -176.7 -56.2999 180.0 5266.6667
7.0817 2.5254 -4.3938 -176.7 -56.2999 180.0 5283.3333
7.0821 2.5255 -4.3916 -176.7 -56.2999 180.0 5300.0
7.0826 2.5256 -4.3891 -176.7 -56.2999 180.0 5316.6667
7.0832 2.5257 -4.3865 -176.7 -56.2999 180.0 5333.3333
7.0836 2.5258 -4.3842 -176.7 -56.2999 180.0 5350.0
7.084 2.5259 -4.3819 -176.7 -56.2999 180.0 5366.6667
7.0845 2.526 -4.3796 -176.7 -56.2999 180.0 5383.3333
7.0849 2.5261 -4.3773 -176.7 -56.2999 180.0 5400.0
7.0854 2.5262 -4.375 -176.7 -56.2999 180.0 5416.6667
7.0858 2.5263 -4.3728 -176.7 -56.2999 180.0 5433.3333
7.0863 2.5264 -4.3705 -176.7 -56.2999 180.0 5450.0
7.0868 2.5265 -4.3682 -176.7 -56.2999 180.0 5466.6667
7.0872 2.5265 -4.366 -176.7 -56.2999 180.0 5483.3333
7.0877 2.5266 -4.3636 -176.7 -56.2999 180.0 5500.0
7.0882 2.5267 -4.3611 -176.7 -56.2999 180.0 5516.6667
7.0886 2.5268 -4.3589 -176.7 -56.2999 180.0 5533.3333
7.0891 2.5269 -4.3566 -176.7 -56.2999 180.0 5550.0
7.0895 2.527 -4.3546 -176.7 -56.2999 180.0 5566.6667
7.0898 2.5271 -4.353 -176.7 -56.2999 180.0 5583.3333
7.0904 2.5273 -4.3498 -176.7 -56.2999 180.0 5600.0
7.0909 2.5274 -4.3473 -176.7 -56.2999 180.0 5616.6667
7.0909 2.5274 -4.3457 -176.7 -56.2999 180.0 5633.3333
7.0917 2.5275 -4.3442 -176.7 -56.2999 180.0 5650.0
7.094 2.5276 -4.3428 -176.7 -56.2999 180.0 5666.6667
7.0951 2.5277 -4.3421 -176.7 -56.2999 180.0 5683.3333
7.0957 2.5277 -4.3416 -176.7 -56.2999 180.0 5700.0
7.097 2.5278 -4.3407 -176.7 -56.2999 180.0 5716.6667
7.0992 2.528 -4.3392 -176.7 -56.2999 180.0 5733.3333
7.1006 2.5281 -4.3383 -176.7 -56.2999 180.0 5750.0
7.1021 2.5282 -4.3374 -176.7 -56.2999 180.0 5766.6667
7.1036 2.5283 -4.3363 -176.7 -56.2999 180.0 5783.3333
7.105 2.5284 -4.3354 -176.7 -56.2999 180.0 5800.0
7.1064 2.5285 -4.3344 -176.7 -56.2999 180.0 5816.6667
7.1074 2.5285 -4.3337 -176.7 -56.2999 180.0 5833.3333
7.1083 2.5286 -4.3332 -176.7 -56.2999 180.0 5850.0
7.1098 2.5287 -4.3322 -176.7 -56.2999 180.0 5866.6667
7.1116 2.5288 -4.331 -176.7 -56.2999 180.0 5883.3333
7.1137 2.529 -4.3296 -176.7 -56.2999 180.0 5900.0
7.1159 2.5292 -4.3281 -176.7 -56.2999 180.0 5916.6667
7.1182 2.5293 -4.3266 -176.7 -56.2999 180.0 5933.3333
7.1205 2.5295 -4.3251 -176.7 -56.2999 180.0 5950.0
7.1226 2.5296 -4.3236 -176.7 -56.2999 180.0 5966.6667
7.1248 2.5298 -4.3222 -176.7 -56.2999 180.0 5983.3333
7.127 2.5299 -4.3207 -176.7 -56.2999 180.0 6000.0
7.1292 2.5301 -4.3192 -176.7 -56.2999 180.0 6016.6667
7.1315 2.5303 -4.3177 -176.7 -56.2999 180.0 6033.3333
7.1333 2.5303 -4.3165 -176.7 -56.2999 180.0 6050.0
7.1349 2.5305 -4.3154 -176.7 -56.2999 180.0 6066.6667
7.138 2.5307 -4.3134 -176.7 -56.2999 180.0 6083.3333
7.1402 2.5309 -4.3119 -176.7 -56.2999 180.0 6100.0
7.1431 2.5311 -4.3099 -176.7 -56.2999 180.0 6116.6667
7.1464 2.5313 -4.3078 -176.7 -56.2999 180.0 6133.3333
7.1495 2.5315 -4.3058 -176.7 -56.2999 180.0 6150.0
7.1523 2.5317 -4.3039 -176.7 -56.2999 180.0 6166.6667
7.1541 2.5318 -4.3027 -176.7 -56.2999 180.0 6183.3333
7.1561 2.532 -4.3014 -176.7 -56.2999 180.0 6200.0
7.1605 2.5323 -4.2984 -176.7 -56.2999 180.0 6216.6667
7.1645 2.5325 -4.2957 -176.7 -56.2999 180.0 6233.3333
7.1677 2.5327 -4.2936 -176.7 -56.2999 180.0 6250.0
7.1707 2.5329 -4.2916 -176.7 -56.2999 180.0 6266.6667
7.1728 2.5331 -4.2902 -176.7 -56.2999 180.0 6283.3333
7.1744 2.5332 -4.2891 -176.7 -56.2999 180.0 6300.0
7.1775 2.5334 -4.287 -176.7 -56.2999 180.0 6316.6667
7.182 2.5337 -4.2841 -176.7 -56.2999 180.0 6333.3333
7.1861 2.534 -4.2813 -176.7 -56.2999 180.0 6350.0
7.1891 2.5342 -4.2793 -176.7 -56.2999 180.0 6366.6667
7.1922 2.5344 -4.2772 -176.7 -56.2999 180.0 6383.3333
7.1953 2.5347 -4.2752 -176.7 -56.2999 180.0 6400.0
7.1984 2.5349 -4.2732 -176.7 -56.2999 180.0 6416.6667
7.2014 2.5351 -4.2711 -176.7 -56.2999 180.0 6433.3333
7.2053 2.5354 -4.2685 -176.7 -56.2999 180.0 6450.0
7.209 2.5357 -4.2661 -176.7 -56.2999 180.0 6466.6667
7.2129 2.5359 -4.2635 -176.7 -56.2999 180.0 6483.3333
7.2168 2.5361 -4.2608 -176.7 -56.2999 180.0 6500.0
7.2208 2.5364 -4.2582 -176.7 -56.2999 180.0 6516.6667
7.2254 2.5367 -4.2551 -176.7 -56.2999 180.0 6533.3333
7.2301 2.5371 -4.252 -176.7 -56.2999 180.0 6550.0
7.2349 2.5374 -4.2488 -176.7 -56.2999 180.0 6566.6667
7.2397 2.5377 -4.2455 -176.7 -56.2999 180.0 6583.3333
7.2439 2.538 -4.2427 -176.7 -56.2999 180.0 6600.0
7.2485 2.5383 -4.2397 -176.7 -56.2999 180.0 6616.6667
7.2535 2.5387 -4.2364 -176.7 -56.2999 180.0 6633.3333
7.2581 2.5391 -4.2333 -176.7 -56.2999 180.0 6650.0
7.2629 2.5393 -4.23 -176.7 -56.2999 180.0 6666.6667
7.2676 2.5396 -4.2269 -176.7 -56.2999 180.0 6683.3333
7.2722 2.54 -4.2239 -176.7 -56.2999 180.0 6700.0
7.2773 2.5404 -4.2205 -176.7 -56.2999 180.0 6716.6667
7.2819 2.5407 -4.2174 -176.7 -56.2999 180.0 6733.3333
7.2867 2.541 -4.2142 -176.7 -56.2999 180.0 6750.0
7.2912 2.5414 -4.2112 -176.7 -56.2999 180.0 6766.6667
7.294 2.5415 -4.2094 -176.7 -56.2999 180.0 6783.3333
7.2973 2.5417 -4.2071 -176.7 -56.2999 180.0 6800.0
7.3031 2.5421 -4.2033 -176.7 -56.2999 180.0 6816.6667
7.3105 2.5427 -4.1984 -176.7 -56.2999 180.0 6833.3333
7.3154 2.543 -4.1951 -176.7 -56.2999 180.0 6850.0
7.3201 2.5433 -4.192 -176.7 -56.2999 180.0 6866.6667
7.3248 2.5437 -4.1888 -176.7 -56.2999 180.0 6883.3333
7.3292 2.5439 -4.1859 -176.7 -56.2999 180.0 6900.0
7.334 2.5443 -4.1826 -176.7 -56.2999 180.0 6916.6667
7.3388 2.5446 -4.1795 -176.7 -56.2999 180.0 6933.3333
7.3437 2.5449 -4.1761 -176.7 -56.2999 180.0 6950.0
7.3487 2.5452 -4.1733 -176.7 -56.2999 180.0 6966.6667
7.3507 2.5456 -4.1668 -176.7 -56.2999 180.0 6983.3333
7.3521 2.5459 -4.1586 -176.7 -56.2999 180.0 7000.0
7.3538 2.5463 -4.1502 -176.7 -56.2999 180.0 7016.6667
7.3554 2.5466 -4.1424 -176.7 -56.2999 180.0 7033.3333
7.3569 2.5469 -4.1345 -176.7 -56.2999 180.0 7050.0
7.3586 2.5472 -4.1268 -176.7 -56.2999 180.0 7066.6667
7.3597 2.5476 -4.1185 -176.7 -56.2999 180.0 7083.3333
7.3636 2.5479 -4.1139 -176.7 -56.2999 180.0 7100.0
7.3686 2.5482 -4.111 -176.7 -56.2999 180.0 7116.6667
7.3734 2.5486 -4.1076 -176.7 -56.2999 180.0 7133.3333
7.3783 2.5489 -4.1045 -176.7 -56.2999 180.0 7150.0
7.3826 2.5492 -4.1016 -176.7 -56.2999 180.0 7166.6667
7.3874 2.5496 -4.0983 -176.7 -56.2999 180.0 7183.3333
7.3924 2.5499 -4.0951 -176.7 -56.2999 180.0 7200.0
7.3968 2.5502 -4.0921 -176.7 -56.2999 180.0 7216.6667
7.4004 2.5504 -4.0896 -176.7 -56.2999 180.0 7233.3333
7.4051 2.5508 -4.0865 -176.7 -56.2999 180.0 7250.0
7.4127 2.5513 -4.0814 -176.7 -56.2999 180.0 7266.6667
7.4182 2.5517 -4.0778 -176.7 -56.2999 180.0 7283.3333
7.424 2.5521 -4.074 -176.7 -56.2999 180.0 7300.0
7.4299 2.5525 -4.07 -176.7 -56.2999 180.0 7316.6667
7.4355 2.5529 -4.0663 -176.7 -56.2999 180.0 7333.3333
7.4411 2.5533 -4.0626 -176.7 -56.2999 180.0 7350.0
7.4468 2.5537 -4.0587 -176.7 -56.2999 180.0 7366.6667
7.4524 2.5541 -4.055 -176.7 -56.2999 180.0 7383.3333
7.4578 2.5545 -4.0514 -176.7 -56.2999 180.0 7400.0
7.4636 2.5548 -4.0476 -176.7 -56.2999 180.0 7416.6667
7.4691 2.5552 -4.0437 -176.7 -56.2999 180.0 7433.3333
7.4749 2.5556 -4.0406 -176.7 -56.2999 180.0 7450.0
7.478 2.5559 -4.0338 -176.7 -56.2999 180.0 7466.6667
7.4795 2.5564 -4.0234 -176.7 -56.2999 180.0 7483.3333
7.4819 2.5568 -4.0124 -176.7 -56.2999 180.0 7500.0
7.4839 2.5572 -4.002 -176.7 -56.2999 180.0 7516.6667
7.486 2.5577 -3.9914 -176.7 -56.2999 180.0 7533.3333
7.4882 2.5582 -3.9804 -176.7 -56.2999 180.0 7550.0
7.4904 2.5586 -3.9693 -176.7 -56.2999 180.0 7566.6667
7.4926 2.5591 -3.9589 -176.7 -56.2999 180.0 7583.3333
7.4944 2.5595 -3.948 -176.7 -56.2999 180.0 7600.0
7.4982 2.56 -3.9389 -176.7 -56.2999 180.0 7616.6667
7.5049 2.5604 -3.9356 -176.7 -56.2999 180.0 7633.3333
7.5111 2.5608 -3.9311 -176.7 -56.2999 180.0 7650.0
7.5175 2.5613 -3.9269 -176.7 -56.2999 180.0 7666.6667
7.5239 2.5617 -3.9226 -176.7 -56.2999 180.0 7683.3333
7.5302 2.5621 -3.9184 -176.7 -56.2999 180.0 7700.0
7.5366 2.5626 -3.9142 -176.7 -56.2999 180.0 7716.6667
7.543 2.563 -3.91 -176.7 -56.2999 180.0 7733.3333
7.5496 2.5635 -3.9055 -176.7 -56.2999 180.0 7750.0
7.5559 2.5639 -3.9013 -176.7 -56.2999 180.0 7766.6667
7.562 2.5644 -3.8973 -176.7 -56.2999 180.0 7783.3333
7.5684 2.5648 -3.893 -176.7 -56.2999 180.0 7800.0
7.5744 2.5652 -3.889 -176.7 -56.2999 180.0 7816.6667
7.5786 2.5655 -3.8862 -176.7 -56.2999 180.0 7833.3333
7.5841 2.5659 -3.8826 -176.7 -56.2999 180.0 7850.0
7.5924 2.5665 -3.8769 -176.7 -56.2999 180.0 7866.6667
7.5997 2.567 -3.8721 -176.7 -56.2999 180.0 7883.3333
7.6044 2.5673 -3.869 -176.7 -56.2999 180.0 7900.0
7.6098 2.5676 -3.8654 -176.7 -56.2999 180.0 7916.6667
7.6186 2.5683 -3.8595 -176.7 -56.2999 180.0 7933.3333
7.6243 2.5687 -3.8557 -176.7 -56.2999 180.0 7950.0
7.6287 2.569 -3.8528 -176.7 -56.2999 180.0 7966.6667
7.6359 2.5695 -3.848 -176.7 -56.2999 180.0 7983.3333
7.6456 2.5701 -3.8415 -176.7 -56.2999 180.0 8000.0
7.6523 2.5706 -3.8371 -176.7 -56.2999 180.0 8016.6667
7.6589 2.571 -3.8327 -176.7 -56.2999 180.0 8033.3333
7.6648 2.5714 -3.8287 -176.7 -56.2999 180.0 8050.0
7.6726 2.572 -3.8235 -176.7 -56.2999 180.0 8066.6667
7.6796 2.5725 -3.8188 -176.7 -56.2999 180.0 8083.3333
7.6868 2.573 -3.814 -176.7 -56.2999 180.0 8100.0
7.6946 2.5735 -3.8089 -176.7 -56.2999 180.0 8116.6667
7.7013 2.574 -3.8044 -176.7 -56.2999 180.0 8133.3333
7.709 2.5745 -3.7992 -176.7 -56.2999 180.0 8150.0
7.7161 2.5751 -3.7945 -176.7 -56.2999 180.0 8166.6667
7.7229 2.5755 -3.79 -176.7 -56.2999 180.0 8183.3333
7.731 2.576 -3.7845 -176.7 -56.2999 180.0 8200.0
7.738 2.5765 -3.7799 -176.7 -56.2999 180.0 8216.6667
7.7453 2.577 -3.7751 -176.7 -56.2999 180.0 8233.3333
7.7525 2.5775 -3.7702 -176.7 -56.2999 180.0 8250.0
7.7576 2.5779 -3.7669 -176.7 -56.2999 180.0 8266.6667
7.7631 2.5783 -3.7632 -176.7 -56.2999 180.0 8283.3333
7.7696 2.5787 -3.7588 -176.7 -56.2999 180.0 8300.0
7.7767 2.5793 -3.7541 -176.7 -56.2999 180.0 8316.6667
7.7843 2.5798 -3.749 -176.7 -56.2999 180.0 8333.3333
7.7924 2.5803 -3.7436 -176.7 -56.2999 180.0 8350.0
7.8014 2.5809 -3.7376 -176.7 -56.2999 180.0 8366.6667
7.8103 2.5815 -3.7317 -176.7 -56.2999 180.0 8383.3333
7.8165 2.5819 -3.7276 -176.7 -56.2999 180.0 8400.0
7.8242 2.5825 -3.7224 -176.7 -56.2999 180.0 8416.6667
7.8323 2.5831 -3.717 -176.7 -56.2999 180.0 8433.3333
7.8396 2.5836 -3.7122 -176.7 -56.2999 180.0 8450.0
7.8463 2.5841 -3.7077 -176.7 -56.2999 180.0 8466.6667
7.8537 2.5846 -3.7027 -176.7 -56.2999 180.0 8483.3333
7.8613 2.5851 -3.6977 -176.7 -56.2999 180.0 8500.0
7.8682 2.5856 -3.6931 -176.7 -56.2999 180.0 8516.6667
7.8757 2.5861 -3.6881 -176.7 -56.2999 180.0 8533.3333
7.883 2.5866 -3.6832 -176.7 -56.2999 180.0 8550.0
7.89 2.5871 -3.6785 -176.7 -56.2999 180.0 8566.6667
7.8975 2.5876 -3.6735 -176.7 -56.2999 180.0 8583.3333
7.9048 2.5881 -3.6686 -176.7 -56.2999 180.0 8600.0
7.9118 2.5886 -3.664 -176.7 -56.2999 180.0 8616.6667
7.9178 2.589 -3.66 -176.7 -56.2999 180.0 8633.3333
7.9252 2.5895 -3.655 -176.7 -56.2999 180.0 8650.0
7.9338 2.5901 -3.6494 -176.7 -56.2999 180.0 8666.6667
7.9397 2.5906 -3.6454 -176.7 -56.2999 180.0 8683.3333
7.9476 2.591 -3.6401 -176.7 -56.2999 180.0 8700.0
7.9536 2.5915 -3.6361 -176.7 -56.2999 180.0 8716.6667
7.9582 2.5919 -3.633 -176.7 -56.2999 180.0 8733.3333
7.9646 2.5923 -3.6287 -176.7 -56.2999 180.0 8750.0
7.9745 2.5929 -3.6222 -176.7 -56.2999 180.0 8766.6667
7.9838 2.5936 -3.6159 -176.7 -56.2999 180.0 8783.3333
7.992 2.5942 -3.6105 -176.7 -56.2999 180.0 8800.0
7.9968 2.5945 -3.6073 -176.7 -56.2999 180.0 8816.6667
8.0013 2.5948 -3.6044 -176.7 -56.2999 180.0 8833.3333
8.0098 2.5954 -3.5986 -176.7 -56.2999 180.0 8850.0
8.0198 2.5961 -3.5919 -176.7 -56.2999 180.0 8866.6667
8.028 2.5967 -3.5865 -176.7 -56.2999 180.0 8883.3333
8.035 2.5972 -3.5818 -176.7 -56.2998 180.0 8900.0
8.0425 2.5977 -3.5768 -176.7 -56.2998 180.0 8916.6667
8.05 2.5982 -3.5719 -176.7 -56.2998 -180.0 8933.3333
8.0554 2.5986 -3.5682 -176.7 -56.2998 -180.0 8950.0
8.0634 2.5991 -3.5629 -176.7 -56.2998 180.0 8966.6667
8.0711 2.5996 -3.5577 -176.7 -56.2998 180.0 8983.3333
8.077 2.6 -3.5538 -176.7 -56.2998 180.0 9000.0
8.0854 2.6006 -3.5482 -176.7 -56.2998 180.0 9016.6667
8.0929 2.6011 -3.5431 -176.7 -56.2998 180.0 9033.3333
8.1 2.6016 -3.5385 -176.7 -56.2998 180.0 9050.0
8.1073 2.6021 -3.5337 -176.7 -56.2998 180.0 9066.6667
8.1149 2.6026 -3.5285 -176.7 -56.2998 180.0 9083.3333
8.122 2.6031 -3.5238 -176.7 -56.2998 180.0 9100.0
8.1291 2.6036 -3.5191 -176.7 -56.2998 180.0 9116.6667
8.1363 2.6041 -3.5142 -176.7 -56.2998 -180.0 9133.3333
8.1438 2.6047 -3.5092 -176.8295 -56.288 -179.9999 9150.0
8.1509 2.6051 -3.5045 -177.3579 -56.239 -179.9999 9166.6667
8.158 2.6054 -3.4998 -177.8187 -56.1802 -179.9999 9183.3333
8.1651 2.6056 -3.4949 -178.1706 -56.091 -180.0 9200.0
8.172 2.6058 -3.4903 -178.5667 -56.0365 -179.9999 9216.6667
8.1781 2.606 -3.4862 -178.9834 -55.9531 -180.0 9233.3333
8.187 2.6061 -3.4801 -179.3765 -55.8558 -180.0 9250.0
8.1927 2.6062 -3.4763 -179.5781 -55.8142 -180.0 9266.6667
8.1999 2.6062 -3.4714 -179.65 -55.7998 -180.0 9283.3333
8.2077 2.6062 -3.4661 -179.65 -55.7998 -180.0 9300.0
8.2125 2.6063 -3.4628 -179.65 -55.7998 -180.0 9316.6667
8.2168 2.6064 -3.4599 -179.65 -55.7998 -180.0 9333.3333
8.2261 2.6064 -3.4535 -179.65 -55.7998 -180.0 9350.0
8.2377 2.6065 -3.4457 -179.65 -55.7998 180.0 9366.6667
8.2446 2.6065 -3.441 -179.65 -55.7998 180.0 9383.3333
8.252 2.6066 -3.436 -179.65 -55.7998 180.0 9400.0
8.2587 2.6066 -3.4314 -179.65 -55.7998 180.0 9416.6667
8.2657 2.6067 -3.4267 -179.65 -55.7998 180.0 9433.3333
8.2708 2.6067 -3.4232 -179.65 -55.7998 180.0 9450.0
8.2756 2.6067 -3.42 -179.6302 -55.7998 180.0 9466.6667
8.2836 2.6068 -3.4145 -179.5906 -55.7998 -180.0 9483.3333
8.2954 2.607 -3.4065 -179.1316 -55.8051 -180.0 9500.0
8.3025 2.6072 -3.4018 -178.8246 -55.8928 -180.0 9516.6667
8.3096 2.6075 -3.3969 -178.4392 -55.8998 -180.0 9533.3333
8.3155 2.6077 -3.3929 -178.0251 -55.9748 -179.9999 9550.0
8.3235 2.6081 -3.3875 -177.6941 -55.9998 -180.0 9566.6667
8.3306 2.6084 -3.3827 -177.4807 -55.9998 -180.0 9583.3333
8.3374 2.6088 -3.3781 -177.3 -55.9998 -180.0 9600.0
8.3453 2.6093 -3.3727 -177.1775 -55.9998 -180.0 9616.6667
8.3526 2.6098 -3.3678 -177.1069 -55.9998 -180.0 9633.3333
8.3599 2.6103 -3.363 -177.0088 -55.9998 -180.0 9650.0
8.3672 2.6107 -3.3581 -176.9292 -55.9998 -180.0 9666.6667
8.3745 2.6112 -3.3531 -176.8569 -55.9998 -180.0 9683.3333
8.3818 2.6117 -3.3481 -176.7125 -55.9998 -180.0 9700.0
8.389 2.6122 -3.3433 -176.5574 -55.9785 180.0 9716.6667
8.3958 2.6127 -3.3387 -176.4627 -55.9498 180.0 9733.3333
8.4034 2.6133 -3.3336 -176.4 -55.9498 180.0 9750.0
8.4096 2.6138 -3.3294 -176.4 -55.9498 -180.0 9766.6667
8.4136 2.6141 -3.3266 -176.4 -55.9498 -180.0 9783.3333
8.4209 2.6146 -3.3217 -176.4 -55.9498 -180.0 9800.0
8.431 2.6154 -3.3149 -176.4 -55.9498 -180.0 9816.6667
8.4395 2.6161 -3.3092 -176.4 -55.9498 -180.0 9833.3333
8.4447 2.6165 -3.3056 -176.4 -55.9498 -180.0 9850.0
8.4504 2.6169 -3.3018 -176.4 -55.9498 -180.0 9866.6667
8.4608 2.6176 -3.2949 -176.4 -55.9498 -180.0 9883.3333
8.4679 2.6182 -3.2901 -176.4 -55.9498 -180.0 9900.0
8.4726 2.6186 -3.2869 -176.4 -55.9498 -180.0 9916.6667
8.4783 2.619 -3.283 -176.4 -55.9498 -180.0 9933.3333
8.4866 2.6197 -3.2773 -176.4 -55.9498 -180.0 9950.0
8.4969 2.6204 -3.2704 -176.4 -55.9498 -180.0 9966.6667
8.5044 2.621 -3.2653 -176.4 -55.9498 -180.0 9983.3333
8.5118 2.6215 -3.2603 -176.4 -55.9498 -180.0 10000.0
8.5191 2.6221 -3.2553 -176.4 -55.9498 -180.0 10016.6667
8.5236 2.6225 -3.2524 -176.4 -55.9498 -180.0 10033.3333
8.5295 2.6229 -3.2485 -176.4 -55.9498 -180.0 10050.0
8.5391 2.6236 -3.2419 -176.4 -55.9498 -180.0 10066.6667
8.5479 2.6243 -3.236 -176.3942 -55.9498 180.0 10083.3333
8.5549 2.6249 -3.2312 -176.3525 -55.9498 180.0 10100.0
8.562 2.6254 -3.2264 -176.2578 -55.9498 180.0 10116.6667
8.5695 2.626 -3.2213 -176.1062 -55.9498 180.0 10133.3333
8.5757 2.6266 -3.2171 -175.8474 -55.9498 180.0 10150.0
8.5836 2.6273 -3.2119 -175.2878 -56.1206 -179.9998 10166.6667
8.5888 2.6278 -3.2084 -175.0408 -56.1498 -180.0 10183.3333
8.5932 2.6284 -3.2054 -174.7483 -56.1738 -179.9997 10200.0
8.6007 2.6294 -3.2004 -174.115 -56.2738 -179.9997 10216.6667
8.6111 2.6308 -3.1935 -173.5735 -56.4026 -179.9997 10233.3333
8.619 2.6319 -3.1883 -173.2752 -56.4998 -179.9999 10250.0
8.623 2.6325 -3.1857 -173.0953 -56.5681 -179.9999 10266.6667
8.6274 2.6331 -3.1828 -172.934 -56.6218 -179.9999 10283.3333
8.6377 2.6347 -3.176 -172.8278 -56.6498 -180.0 10300.0
8.6486 2.6363 -3.1688 -172.8001 -56.6498 -180.0 10316.6667
8.6558 2.6374 -3.164 -172.8 -56.6498 -180.0 10333.3333
8.6632 2.6385 -3.1592 -172.8 -56.6498 -180.0 10350.0
8.6692 2.6394 -3.1553 -172.8 -56.6498 -180.0 10366.6667
8.6742 2.6402 -3.1519 -172.8 -56.6498 -180.0 10383.3333
8.6805 2.6411 -3.1478 -172.8 -56.6498 -180.0 10400.0
8.691 2.6428 -3.1409 -172.8 -56.6498 -180.0 10416.6667
8.6999 2.6441 -3.1351 -172.8 -56.6498 -180.0 10433.3333
8.7066 2.645 -3.1306 -172.8 -56.6498 -180.0 10450.0
8.7135 2.6461 -3.1261 -172.8 -56.6498 -180.0 10466.6667
8.7206 2.6472 -3.1214 -172.8 -56.6498 -180.0 10483.3333
8.728 2.6483 -3.1165 -172.8 -56.6498 -180.0 10500.0
8.7351 2.6494 -3.1119 -172.8 -56.6498 -180.0 10516.6667
8.7422 2.6504 -3.1072 -172.8 -56.6498 -180.0 10533.3333
8.7493 2.6515 -3.1026 -172.8 -56.6498 -180.0 10550.0
8.757 2.6528 -3.0975 -172.8 -56.6498 -180.0 10566.6667
8.7632 2.6537 -3.0934 -172.8 -56.6498 -180.0 10583.3333
8.7673 2.6543 -3.0907 -172.8 -56.6498 -180.0 10600.0
8.7739 2.6553 -3.0864 -172.8 -56.6498 -180.0 10616.6667
8.7843 2.6569 -3.0795 -172.8 -56.6498 -180.0 10633.3333
8.7933 2.6582 -3.0735 -172.8 -56.6498 -180.0 10650.0
8.7999 2.6592 -3.0692 -172.8 -56.6498 -180.0 10666.6667
8.8077 2.6604 -3.0641 -172.8 -56.6498 -180.0 10683.3333
8.815 2.6615 -3.0593 -172.8 -56.6498 -180.0 10700.0
8.822 2.6626 -3.0547 -172.8 -56.6498 -180.0 10716.6667
8.8293 2.6637 -3.0498 -172.8 -56.6498 -180.0 10733.3333
8.8367 2.6648 -3.045 -172.8 -56.6498 -180.0 10750.0
8.8438 2.6658 -3.0404 -172.8 -56.6498 -180.0 10766.6667
8.851 2.6669 -3.0356 -172.8 -56.6498 -180.0 10783.3333
8.8568 2.6678 -3.0317 -172.8 -56.6498 -180.0 10800.0
8.8612 2.6685 -3.0288 -172.8 -56.6498 -180.0 10816.6667
8.8679 2.6695 -3.0244 -172.8 -56.6498 -180.0 10833.3333
8.8775 2.671 -3.0182 -172.8 -56.6498 -180.0 10850.0
8.8868 2.6723 -3.012 -172.8 -56.6498 -180.0 10866.6667
8.8942 2.6735 -3.0072 -172.8 -56.6498 -180.0 10883.3333
8.9017 2.6746 -3.0022 -172.8 -56.6498 -180.0 10900.0
8.9085 2.6756 -2.9978 -172.8 -56.6498 -180.0 10916.6667
8.9138 2.6765 -2.9943 -172.8 -56.6498 -180.0 10933.3333
8.9183 2.6771 -2.9914 -172.8 -56.6498 -180.0 10950.0
8.9273 2.6784 -2.9854 -172.8 -56.6498 -180.0 10966.6667
8.9362 2.6798 -2.9796 -172.8 -56.6498 -180.0 10983.3333
8.9406 2.6805 -2.9767 -172.8 -56.6498 -180.0 11000.0
8.952 2.6822 -2.9691 -172.8 -56.6498 -180.0 11016.6667
8.9596 2.6833 -2.9642 -172.8 -56.6498 -180.0 11033.3333
8.9665 2.6844 -2.9596 -172.8 -56.6498 -180.0 11050.0
8.9733 2.6854 -2.9551 -172.8 -56.6498 -180.0 11066.6667
8.9808 2.6865 -2.9502 -172.8 -56.6498 -180.0 11083.3333
8.988 2.6876 -2.9455 -172.8 -56.6498 -180.0 11100.0
8.9955 2.6887 -2.9405 -172.8 -56.6498 -180.0 11116.6667
9.0023 2.6898 -2.9361 -172.8 -56.6498 -180.0 11133.3333
9.0093 2.6908 -2.9314 -172.8 -56.6498 -180.0 11150.0
9.017 2.6921 -2.9263 -172.8 -56.6498 -180.0 11166.6667
9.0245 2.6932 -2.9214 -172.8 -56.6498 -180.0 11183.3333
9.0297 2.694 -2.918 -172.8 -56.6498 -180.0 11200.0
9.0343 2.6947 -2.915 -172.8 -56.6498 -180.0 11216.6667
9.0416 2.6958 -2.9102 -172.8 -56.6498 -180.0 11233.3333
9.0523 2.6974 -2.9031 -172.8 -56.6498 -180.0 11250.0
9.0601 2.6985 -2.898 -172.8 -56.6498 -180.0 11266.6667
9.0669 2.6996 -2.8935 -172.8 -56.6498 -180.0 11283.3333
9.0731 2.7005 -2.8895 -172.8 -56.6498 -180.0 11300.0
9.0777 2.7012 -2.8865 -172.8 -56.6498 -180.0 11316.6667
9.0843 2.7023 -2.8821 -172.8 -56.6498 -180.0 11333.3333
9.0947 2.7038 -2.8752 -172.8 -56.6498 -180.0 11350.0
9.1042 2.7052 -2.869 -172.8 -56.6498 -180.0 11366.6667
9.1111 2.7063 -2.8645 -172.8 -56.6498 -180.0 11383.3333
9.1185 2.7074 -2.8596 -172.8 -56.6498 -180.0 11400.0
9.124 2.7083 -2.8559 -172.8 -56.6498 -180.0 11416.6667
9.1286 2.709 -2.8529 -172.8 -56.6498 -180.0 11433.3333
9.1355 2.71 -2.8484 -172.8 -56.6498 -180.0 11450.0
9.1454 2.7114 -2.8419 -172.8 -56.6498 -180.0 11466.6667
9.1546 2.7129 -2.8358 -172.8 -56.6498 -180.0 11483.3333
9.1616 2.7139 -2.8312 -172.9688 -56.6311 -179.9999 11500.0
9.1689 2.7149 -2.8263 -173.5443 -56.5802 -179.9999 11516.6667
9.1765 2.7158 -2.8213 -174.2575 -56.53 -179.9999 11533.3333
9.1824 2.7165 -2.8174 -174.7668 -56.4868 -179.9999 11550.0
9.1863 2.7169 -2.8148 -175.0446 -56.456 -180.0 11566.6667
9.1972 2.7178 -2.8077 -175.4334 -56.4081 -180.0 11583.3333
9.2053 2.7186 -2.8022 -175.5875 -56.3998 -180.0 11600.0
9.2125 2.7193 -2.7975 -175.6863 -56.3998 -180.0 11616.6667
9.2176 2.7198 -2.794 -175.7326 -56.3672 -180.0 11633.3333
9.2258 2.7204 -2.7886 -175.8062 -56.3498 -180.0 11650.0
9.2342 2.7212 -2.783 -175.85 -56.3498 -180.0 11666.6667
9.2413 2.7219 -2.7783 -175.9083 -56.3498 -180.0 11683.3333
9.2488 2.7225 -2.7733 -176.0088 -56.3498 -180.0 11700.0
9.2557 2.723 -2.7687 -176.2112 -56.3229 -179.9999 11716.6667
9.2617 2.7234 -2.7647 -176.6803 -56.2477 -179.9995 11733.3333
9.2665 2.7236 -2.7615 -177.4009 -56.1239 -179.9989 11750.0
9.2721 2.7236 -2.7576 -179.0721 -55.6918 -179.9934 11766.6667
9.281 2.7235 -2.7514 179.5508 -55.3277 -179.9988 11783.3333
9.2914 2.7233 -2.7442 178.6557 -55.0562 -179.9994 11800.0
9.2979 2.723 -2.7396 178.1263 -54.8505 -179.9997 11816.6667
9.3018 2.7228 -2.7368 177.8177 -54.7271 -179.9998 11833.3333
9.309 2.7223 -2.7317 177.0411 -54.3608 -179.9972 11850.0
9.3174 2.7216 -2.7255 176.2993 -53.9666 -179.9992 11866.6667
9.3257 2.7208 -2.7195 175.8686 -53.6687 -179.9999 11883.3333
9.3336 2.7202 -2.7136 175.7404 -53.5309 -180.0 11900.0
9.339 2.7196 -2.7096 175.7007 -53.4515 -180.0 11916.6667
9.3482 2.7188 -2.7028 175.5999 -53.3499 -180.0 11933.3333
9.3552 2.7181 -2.6975 175.5999 -53.3499 -180.0 11950.0
9.3596 2.7177 -2.6942 175.5999 -53.3499 -180.0 11966.6667
9.3648 2.7171 -2.6904 175.5999 -53.334 -180.0 11983.3333
9.373 2.7163 -2.6843 175.5968 -53.2905 -180.0 12000.0
9.3829 2.7154 -2.6769 175.5455 -53.128 -180.0 12016.6667
9.3897 2.7147 -2.6717 175.5016 -52.9087 -180.0 12033.3333
9.3965 2.714 -2.6665 175.4999 -52.7587 180.0 12050.0
9.4021 2.7135 -2.6623 175.4643 -52.6787 -180.0 12066.6667
9.4068 2.713 -2.6586 175.4292 -52.5259 -179.9999 12083.3333
9.4135 2.7123 -2.6534 175.3943 -52.3166 -180.0 12100.0
9.4234 2.7114 -2.6457 175.3499 -52.0343 -180.0 12116.6667
9.431 2.7105 -2.6397 175.3499 -51.6644 180.0 12133.3333
9.4364 2.71 -2.6354 175.3499 -51.4108 180.0 12150.0
9.4444 2.7091 -2.6289 175.3076 -50.8432 -179.9999 12166.6667
9.4512 2.7084 -2.6233 175.2999 -50.5391 180.0 12183.3333
9.4581 2.7077 -2.6176 175.2999 -50.0624 -180.0 12200.0
9.4639 2.7071 -2.6126 175.2999 -49.7205 180.0 12216.6667
9.4677 2.7066 -2.6094 175.2799 -49.2223 -179.9998 12233.3333
9.4734 2.7059 -2.6043 175.2499 -48.6264 -180.0 12250.0
9.4835 2.7049 -2.5953 175.2499 -48.2382 -180.0 12266.6667
9.4897 2.7041 -2.5897 175.2499 -47.9466 180.0 12283.3333
9.4965 2.7034 -2.5835 175.2499 -47.8221 180.0 12300.0
9.5014 2.7028 -2.5791 175.2499 -47.7999 180.0 12316.6667
9.5073 2.7022 -2.5737 175.2499 -47.7823 180.0 12333.3333
9.5157 2.7012 -2.566 175.2499 -47.7166 180.0 12350.0
9.5226 2.7005 -2.5599 175.2892 -47.5715 179.9999 12366.6667
9.5289 2.6998 -2.554 175.3895 -47.3707 179.9999 12383.3333
9.5356 2.6991 -2.548 175.4499 -47.1264 -180.0 12400.0
9.5414 2.6984 -2.5415 175.4499 -46.8874 180.0 12416.6667
9.5506 2.6977 -2.538 175.4499 -46.7352 180.0 12433.3333
9.562 2.6971 -2.5392 175.4499 -46.6095 180.0 12450.0
9.5692 2.6967 -2.5392 175.4499 -46.5134 -180.0 12466.6667
9.5785 2.6962 -2.5393 175.4499 -46.2419 -180.0 12483.3333
9.5958 2.6952 -2.5396 175.4499 -45.9099 180.0 12500.0
9.6131 2.6941 -2.5399 175.4499 -45.6097 -180.0 12516.6667
9.6236 2.6936 -2.5399 175.4499 -45.4632 180.0 12533.3333
9.6335 2.6931 -2.54 175.4582 -45.3666 180.0 12550.0
9.6427 2.6925 -2.5401 175.493 -45.2277 180.0 12566.6667
9.6558 2.6918 -2.5401 175.4999 -45.0729 -180.0 12583.3333
9.6703 2.691 -2.5401 175.4773 -44.7524 -179.9999 12600.0
9.6811 2.6903 -2.54 175.438 -44.2964 -179.9999 12616.6667
9.6916 2.6898 -2.5397 175.4034 -43.845 -180.0 12633.3333
9.7097 2.6888 -2.5392 175.353 -43.2843 -180.0 12650.0
9.7228 2.688 -2.5387 175.3009 -42.9561 -180.0 12666.6667
9.7342 2.6873 -2.5383 175.2999 -42.6322 -180.0 12683.3333
9.7469 2.6865 -2.5377 175.253 -42.1311 -180.0 12700.0
9.759 2.6859 -2.5371 175.2499 -41.7773 -180.0 12716.6667
9.7719 2.6851 -2.5362 175.2499 -41.3666 -180.0 12733.3333
9.784 2.6843 -2.5355 175.2499 -41.1616 -180.0 12750.0
9.7968 2.6836 -2.5345 175.2499 -40.8072 180.0 12766.6667
9.8088 2.6829 -2.5336 175.2499 -40.5117 180.0 12783.3333
9.8217 2.6822 -2.5326 175.2499 -40.3499 180.0 12800.0
9.8338 2.6815 -2.5316 175.3479 -40.1047 180.0 12816.6667
9.8458 2.6808 -2.5305 175.3499 -39.9077 180.0 12833.3333
9.8577 2.6801 -2.5295 175.397 -39.7116 180.0 12850.0
9.8701 2.6794 -2.5282 175.4921 -39.0548 179.9999 12866.6667
9.8763 2.6791 -2.5276 175.5589 -38.8525 179.9999 12883.3333
9.8901 2.6783 -2.526 175.5999 -38.5699 180.0 12900.0
9.9081 2.6773 -2.5238 175.6451 -38.0744 179.9999 12916.6667
9.918 2.6768 -2.5226 175.7349 -37.6253 179.9999 12933.3333
9.9275 2.6763 -2.5213 175.8119 -37.2279 179.9999 12950.0
9.9365 2.6759 -2.52 175.8786 -36.8279 179.9999 12966.6667
9.9504 2.6752 -2.5178 175.9597 -36.2824 179.9998 12983.3333
9.9669 2.6744 -2.5152 175.9999 -35.7599 180.0 13000.0
9.9804 2.6737 -2.5129 176.0627 -35.3803 179.9999 13016.6667
9.9906 2.6732 -2.5111 176.0999 -34.978 180.0 13033.3333
10.0036 2.6726 -2.5087 176.0999 -34.5632 180.0 13050.0
10.0141 2.6721 -2.5068 176.0999 -34.307 180.0 13066.6667
10.0215 2.6717 -2.5053 176.0999 -34.1385 180.0 13083.3333
10.0368 2.6709 -2.5022 176.0999 -33.5683 180.0 13100.0
10.0525 2.6701 -2.499 176.1977 -33.2555 180.0 13116.6667
10.0644 2.6696 -2.4965 176.1999 -33.0577 180.0 13133.3333
10.0764 2.669 -2.4939 176.1999 -32.8146 180.0 13150.0
10.0832 2.6687 -2.4924 176.23 -32.6793 180.0 13166.6667
10.0948 2.6681 -2.4898 176.2499 -32.4832 180.0 13183.3333
10.1099 2.6674 -2.4865 176.2499 -32.1191 180.0 13200.0
10.1174 2.6671 -2.4847 176.2499 -31.5742 180.0 13216.6667
10.1321 2.6663 -2.4809 176.2184 -30.9276 -179.9999 13233.3333
10.1477 2.6656 -2.4769 176.1686 -30.2749 -179.9999 13250.0
10.1588 2.6651 -2.4738 176.1232 -29.7566 -179.9999 13266.6667
10.1669 2.6647 -2.4715 176.0858 -29.4294 -180.0 13283.3333
10.1762 2.6642 -2.4689 176.0537 -29.2691 -180.0 13300.0
10.1943 2.6632 -2.4636 176.0067 -28.5166 -180.0 13316.6667
10.2074 2.6626 -2.4596 175.9999 -28.1759 -180.0 13333.3333
10.2197 2.6619 -2.4559 175.953 -27.9155 -180.0 13350.0
10.2312 2.6614 -2.4523 175.9499 -27.7156 -180.0 13366.6667
10.2435 2.6606 -2.4484 175.9499 -27.5082 -180.0 13383.3333
10.2527 2.6601 -2.4455 175.9151 -27.4303 -180.0 13400.0
10.2596 2.6598 -2.4434 175.8999 -27.2326 -180.0 13416.6667
10.2707 2.6592 -2.4398 175.8989 -26.9394 -180.0 13433.3333
10.289 2.6583 -2.4337 175.8499 -26.4138 -180.0 13450.0
10.2985 2.6577 -2.4303 175.8499 -25.8139 -180.0 13466.6667
10.3064 2.6572 -2.4274 175.8499 -25.2777 180.0 13483.3333
10.3181 2.6566 -2.4231 175.859 -24.7635 179.9999 13500.0
10.3313 2.6559 -2.418 175.9348 -24.0438 179.9999 13516.6667
10.3419 2.6554 -2.4139 176.0055 -23.3998 179.9998 13533.3333
10.3527 2.6548 -2.4094 176.0773 -22.6589 179.9998 13550.0
10.365 2.6542 -2.4041 176.1499 -21.7313 180.0 13566.6667
10.3746 2.6537 -2.3999 176.1499 -21.2683 -180.0 13583.3333
10.3845 2.6532 -2.3954 176.1499 -20.8038 -180.0 13600.0
10.3964 2.6525 -2.39 176.1499 -20.3371 -180.0 13616.6667
10.4089 2.6519 -2.3841 176.1499 -19.9165 180.0 13633.3333
10.4244 2.6511 -2.3767 176.1499 -19.5831 180.0 13650.0
10.4374 2.6503 -2.3705 176.1499 -19.354 180.0 13666.6667
10.4476 2.6498 -2.3656 176.1499 -19.2312 -180.0 13683.3333
10.459 2.6493 -2.3601 176.1155 -19.0966 -180.0 13700.0
10.4696 2.6487 -2.3549 176.0999 -18.9525 -180.0 13716.6667
10.4806 2.6481 -2.3495 176.0999 -18.8029 180.0 13733.3333
10.4922 2.6475 -2.3438 176.0999 -18.681 180.0 13750.0
10.5033 2.6469 -2.3383 176.0675 -18.585 -180.0 13766.6667
10.5106 2.6465 -2.3347 176.0499 -18.4375 -180.0 13783.3333
10.5216 2.6459 -2.3291 176.0356 -18.1855 -180.0 13800.0
10.5373 2.645 -2.3211 175.9999 -17.8018 -180.0 13816.6667
10.547 2.6445 -2.316 175.9999 -17.5568 -180.0 13833.3333
10.5582 2.6438 -2.3101 175.9811 -17.3437 -180.0 13850.0
10.5693 2.6432 -2.3044 175.9499 -17.1911 -180.0 13866.6667
10.5804 2.6426 -2.2985 175.9499 -17.044 -180.0 13883.3333
10.5893 2.6421 -2.2937 175.9499 -16.9259 -180.0 13900.0
10.5962 2.6417 -2.2901 175.9499 -16.8592 -180.0 13916.6667
10.6114 2.6408 -2.2818 175.9499 -16.5811 -180.0 13933.3333
10.6228 2.6402 -2.2756 175.9499 -16.3734 180.0 13950.0
10.6303 2.6397 -2.2715 175.9499 -16.1152 180.0 13966.6667
10.6374 2.6393 -2.2675 175.9499 -15.8232 -180.0 13983.3333
10.6484 2.6387 -2.2613 175.9499 -15.4899 -180.0 14000.0
10.6658 2.6376 -2.2512 175.901 -14.6677 -180.0 14016.6667
10.6763 2.637 -2.2449 175.8999 -14.2175 -180.0 14033.3333
10.6872 2.6364 -2.2383 175.8999 -13.5999 180.0 14050.0
10.6975 2.6358 -2.2319 175.8999 -13.2568 180.0 14066.6667
10.7078 2.6351 -2.2255 175.8519 -12.9137 -180.0 14083.3333
10.715 2.6347 -2.221 175.8499 -12.7462 -180.0 14100.0
10.722 2.6343 -2.2165 175.8499 -12.525 180.0 14116.6667
10.7335 2.6336 -2.2091 175.8499 -12.2124 180.0 14133.3333
10.7493 2.6326 -2.1989 175.8499 -11.95 180.0 14150.0
10.7592 2.632 -2.1925 175.8499 -11.7647 180.0 14166.6667
10.7698 2.6314 -2.1855 175.8499 -11.6062 -180.0 14183.3333
10.7798 2.6307 -2.1788 175.8499 -11.3647 -180.0 14200.0
10.7899 2.6301 -2.1722 175.8499 -11.2578 180.0 14216.6667
10.8006 2.6295 -2.165 175.8499 -11.1542 -180.0 14233.3333
10.8112 2.6288 -2.1578 175.8499 -10.95 -180.0 14250.0
10.8196 2.6283 -2.1522 175.8499 -10.7833 180.0 14266.6667
10.83 2.6277 -2.1449 175.8499 -10.3578 180.0 14283.3333
10.8402 2.627 -2.1378 175.8499 -10.0105 -180.0 14300.0
10.8503 2.6264 -2.1307 175.8499 -9.5235 -180.0 14316.6667
10.8608 2.6257 -2.1231 175.8499 -9.2031 180.0 14333.3333
10.8712 2.6251 -2.1156 175.8499 -8.9094 -180.0 14350.0
10.8814 2.6244 -2.108 175.8499 -8.5255 -180.0 14366.6667
10.8886 2.6239 -2.1027 175.8935 -8.291 179.9999 14383.3333
10.8951 2.6235 -2.0977 175.9624 -8.1 179.9999 14400.0
10.9052 2.623 -2.0901 176.0666 -7.6834 179.9999 14416.6667
10.9143 2.6224 -2.083 176.1653 -7.3104 179.9998 14433.3333
10.9239 2.6218 -2.0755 176.2594 -6.9763 180.0 14450.0
10.9361 2.6212 -2.0659 176.3388 -6.7779 180.0 14466.6667
10.9437 2.6207 -2.0599 176.3499 -6.695 180.0 14483.3333
10.9542 2.6201 -2.0516 176.3793 -6.5619 179.9999 14500.0
10.9683 2.6193 -2.0403 176.4499 -6.301 180.0 14516.6667
10.9755 2.619 -2.0344 176.4592 -6.1314 180.0 14533.3333
10.9822 2.6186 -2.0291 176.5259 -5.9981 180.0 14550.0
10.9928 2.618 -2.0204 176.5766 -5.8701 180.0 14566.6667
11.0059 2.6173 -2.0098 176.6243 -5.7024 180.0 14583.3333
11.0166 2.6167 -2.001 176.6764 -5.5207 180.0 14600.0
11.0255 2.6163 -1.9936 176.6999 -5.4246 180.0 14616.6667
11.0353 2.6157 -1.9854 176.7259 -5.2959 180.0 14633.3333
11.0445 2.6153 -1.9778 176.7713 -5.1358 180.0 14650.0
11.0507 2.6149 -1.9726 176.8268 -4.9873 179.9999 14666.6667
11.057 2.6146 -1.9673 176.923 -4.7629 179.9999 14683.3333
11.071 2.614 -1.9553 177.0999 -4.4376 179.9999 14700.0
11.082 2.6135 -1.9458 177.2244 -4.2011 180.0 14716.6667
11.0895 2.6132 -1.9394 177.2499 -4.1176 180.0 14733.3333
11.1001 2.6127 -1.9301 177.2832 -4.1001 180.0 14750.0
11.1103 2.6122 -1.9214 177.2999 -4.1001 180.0 14766.6667
11.1187 2.6119 -1.9141 177.3314 -4.0371 180.0 14783.3333
11.1281 2.6115 -1.9058 177.3812 -3.9376 180.0 14800.0
11.138 2.611 -1.8973 177.4332 -3.8668 180.0 14816.6667
11.1474 2.6106 -1.8891 177.4499 -3.8168 180.0 14833.3333
11.1563 2.6103 -1.8814 177.4823 -3.7677 180.0 14850.0
11.1659 2.6098 -1.8722 177.4999 -3.7501 180.0 14866.6667
11.1749 2.6097 -1.87 177.4999 -3.7501 -180.0 14883.3333
11.1833 2.6097 -1.8712 177.4999 -3.7177 -180.0 14900.0
11.1922 2.6097 -1.8717 177.4999 -3.7001 -180.0 14916.6667
11.201 2.6097 -1.8722 177.4999 -3.6334 180.0 14933.3333
11.2095 2.6097 -1.8728 177.4999 -3.6001 180.0 14950.0
11.218 2.6097 -1.8733 177.5313 -3.506 180.0 14966.6667
11.2267 2.6097 -1.8738 177.5499 -3.3589 180.0 14983.3333
11.2344 2.6097 -1.8743 177.5499 -3.3001 -180.0 15000.0
11.2433 2.6097 -1.8747 177.5499 -3.2234 -180.0 15016.6667
11.2533 2.6097 -1.8753 177.5499 -3.0334 180.0 15033.3333
11.2621 2.6097 -1.8758 177.5499 -2.7442 -180.0 15050.0
11.2697 2.6097 -1.876 177.5499 -2.4729 -180.0 15066.6667
11.2785 2.6097 -1.8764 177.5499 -2.2523 180.0 15083.3333
11.2877 2.6097 -1.8768 177.5499 -2.079 180.0 15100.0
11.2944 2.6097 -1.877 177.5499 -1.9468 180.0 15116.6667
11.3007 2.6097 -1.8772 177.5499 -1.8134 180.0 15133.3333
11.3088 2.6097 -1.8774 177.5499 -1.7675 180.0 15150.0
11.3213 2.6097 -1.8777 177.5499 -1.7212 180.0 15166.6667
11.3318 2.6097 -1.8781 177.5499 -1.6697 180.0 15183.3333
11.3402 2.6097 -1.8783 177.5499 -1.5563 180.0 15200.0
11.3493 2.6097 -1.8785 177.5813 -1.3431 180.0 15216.6667
11.3573 2.6097 -1.8787 177.5999 -1.1926 -180.0 15233.3333
11.366 2.6097 -1.8788 177.5999 -1.15 -180.0 15250.0
11.3748 2.6097 -1.879 177.5999 -1.0694 180.0 15266.6667
11.3822 2.6097 -1.8791 177.5999 -0.9781 -180.0 15283.3333
11.3907 2.6097 -1.8793 177.5999 -0.9501 180.0 15300.0
11.4008 2.6097 -1.8794 177.6188 -0.9312 180.0 15316.6667
11.4103 2.6097 -1.8795 177.6957 -0.8083 180.0 15333.3333
11.419 2.6097 -1.8796 177.7499 -0.6529 180.0 15350.0
11.4278 2.6097 -1.8798 177.7978 -0.4802 179.9999 15366.6667
11.4368 2.6097 -1.8798 177.8744 -0.252 180.0 15383.3333
11.4449 2.6097 -1.8798 177.8999 -0.0611 180.0 15400.0
11.4538 2.6097 -1.8798 177.9624 0.175 179.9999 15416.6667
11.4611 2.6097 -1.8797 178.0499 0.3958 180.0 15433.3333
11.4674 2.6097 -1.8797 178.0499 0.5 180.0 15450.0
11.4801 2.6097 -1.8795 178.3131 0.922 180.0 15466.6667
11.4884 2.6097 -1.8793 178.4446 1.1412 180.0 15483.3333
11.4966 2.6097 -1.8791 178.4499 1.3278 180.0 15500.0
11.5058 2.6097 -1.8788 178.4499 1.5334 180.0 15516.6667
11.5143 2.6097 -1.8786 178.4499 1.6403 180.0 15533.3333
11.5235 2.6097 -1.8783 178.4499 1.7439 180.0 15550.0
11.532 2.6097 -1.878 178.4499 1.7962 180.0 15566.6667
11.5405 2.6097 -1.8778 178.4499 1.8452 180.0 15583.3333
11.5491 2.6097 -1.8774 178.4499 2.0266 -180.0 15600.0
11.5582 2.6097 -1.8771 178.4499 2.3251 -180.0 15616.6667
11.5659 2.6097 -1.8768 178.4499 2.4651 180.0 15633.3333
11.5719 2.6097 -1.8765 178.4499 2.5721 -180.0 15650.0
11.5792 2.6097 -1.8762 178.4591 2.7143 180.0 15666.6667
11.5902 2.6097 -1.8756 178.501 3.0023 180.0 15683.3333
11.6021 2.6097 -1.8749 178.5552 3.1212 180.0 15700.0
11.6106 2.6097 -1.8744 178.599 3.2966 180.0 15716.6667
11.6174 2.6097 -1.874 178.5999 3.3409 180.0 15733.3333
11.628 2.6097 -1.8734 178.6463 3.443 180.0 15750.0
11.6362 2.6097 -1.8729 178.6499 3.5371 180.0 15766.6667
11.6446 2.6097 -1.8724 178.6499 3.5501 180.0 15783.3333
11.6538 2.6097 -1.8718 178.6499 3.5938 -180.0 15800.0
11.6622 2.6097 -1.8713 178.693 3.6001 180.0 15816.6667
11.6716 2.6097 -1.8707 178.6999 3.6001 -180.0 15833.3333
11.6767 2.6097 -1.8703 178.6999 3.6269 -180.0 15850.0
11.683 2.6097 -1.87 178.6999 3.6501 180.0 15866.6667
11.6952 2.6097 -1.8692 178.6999 3.6512 180.0 15883.3333
11.7064 2.6097 -1.8684 178.7052 3.7054 180.0 15900.0
11.7148 2.6097 -1.8679 178.749 3.7492 180.0 15916.6667
11.7234 2.6097 -1.8673 178.7499 3.7501 180.0 15933.3333
11.7292 2.6097 -1.8669 178.7499 3.7501 180.0 15950.0
11.7352 2.6097 -1.8665 178.7499 3.7917 -180.0 15966.6667
11.7448 2.6097 -1.8659 178.7499 3.8958 -180.0 15983.3333
11.7573 2.6097 -1.8651 178.7499 3.9941 -180.0 16000.0
11.7671 2.6097 -1.8643 178.7989 4.1469 180.0 16016.6667
11.7757 2.6097 -1.8637 178.7999 4.198 180.0 16033.3333
11.7827 2.6097 -1.8632 178.7999 4.36 -180.0 16050.0
11.7924 2.6097 -1.8624 178.8791 4.6771 179.9999 16066.6667
11.8018 2.6097 -1.8615 178.8999 4.9167 180.0 16083.3333
11.8103 2.6097 -1.8608 178.9411 5.0735 180.0 16100.0
11.8193 2.6097 -1.86 178.9499 5.1854 180.0 16116.6667
11.828 2.6097 -1.8592 178.9499 5.2422 180.0 16133.3333
11.836 2.6097 -1.8585 178.9499 5.2889 -180.0 16150.0
11.8449 2.6097 -1.8577 178.9499 5.3 -180.0 16166.6667
11.8536 2.6097 -1.8568 178.9499 5.3784 -180.0 16183.3333
11.862 2.6097 -1.856 178.9499 5.4382 180.0 16200.0
11.8706 2.6097 -1.8551 178.9872 5.599 180.0 16216.6667
11.879 2.6097 -1.8543 178.9999 5.6843 180.0 16233.3333
11.8855 2.6097 -1.8537 178.9999 5.7 -180.0 16250.0
11.8917 2.6097 -1.8531 178.9999 5.7167 180.0 16266.6667
11.9008 2.6097 -1.8521 178.9999 5.8208 180.0 16283.3333
11.9129 2.6097 -1.8509 178.9999 5.85 -180.0 16300.0
11.923 2.6097 -1.8499 178.9999 5.85 -180.0 16316.6667
11.9314 2.6097 -1.8491 178.9999 5.85 -180.0 16333.3333
11.9403 2.6097 -1.8479 178.9999 5.85 -180.0 16350.0
11.9496 2.6097 -1.8477 178.9999 5.85 -180.0 16366.6667
11.9572 2.6097 -1.8409 178.9999 5.85 -180.0 16383.3333
11.9649 2.6095 -1.8306 178.9999 5.85 -180.0 16400.0
11.9729 2.6093 -1.8209 178.9999 5.9529 -180.0 16416.6667
11.9794 2.6092 -1.8128 178.9999 6.0298 180.0 16433.3333
11.988 2.609 -1.8021 178.9999 6.0822 -180.0 16450.0
11.9957 2.6089 -1.7927 178.9999 6.1308 -180.0 16466.6667
12.003 2.6087 -1.7836 178.9999 6.1501 180.0 16483.3333
12.0092 2.6086 -1.7758 178.9999 6.1501 180.0 16500.0
12.0137 2.6085 -1.7702 178.9999 6.1501 180.0 16516.6667
12.0213 2.6084 -1.7608 178.9999 6.1501 180.0 16533.3333
12.0292 2.6082 -1.7511 178.9999 6.1501 180.0 16550.0
12.037 2.608 -1.7414 178.9999 6.1501 180.0 16566.6667
12.0496 2.6078 -1.7257 178.9999 6.1501 180.0 16583.3333
12.0581 2.6076 -1.7151 179.0468 6.2439 180.0 16600.0
12.0657 2.6075 -1.7058 179.0499 6.3423 180.0 16616.6667
12.0729 2.6074 -1.6966 179.0925 6.4779 180.0 16633.3333
12.0785 2.6073 -1.6895 179.1874 6.6168 179.9999 16650.0
12.0839 2.6072 -1.6827 179.2916 6.7834 179.9999 16666.6667
12.0918 2.6071 -1.6725 179.3957 6.9918 180.0 16683.3333
12.1029 2.607 -1.6581 179.5411 7.3766 180.0 16700.0
12.1107 2.607 -1.648 179.596 7.5383 180.0 16716.6667
12.1185 2.6069 -1.6378 179.6478 7.6939 180.0 16733.3333
12.1245 2.6068 -1.6297 179.6499 7.7402 180.0 16750.0
12.1329 2.6068 -1.6188 179.6499 7.7502 -180.0 16766.6667
12.1411 2.6067 -1.6081 179.6499 7.7502 -180.0 16783.3333
12.148 2.6067 -1.599 179.6499 7.7502 -180.0 16800.0
12.1556 2.6066 -1.5889 179.6499 7.7502 -180.0 16816.6667
12.163 2.6066 -1.5792 179.6499 7.7502 -180.0 16833.3333
12.1703 2.6065 -1.5696 179.6499 7.7502 -180.0 16850.0
12.178 2.6065 -1.5595 179.6895 7.7502 -180.0 16866.6667
12.1857 2.6064 -1.5492 179.7391 7.8678 180.0 16883.3333
12.1898 2.6064 -1.5439 179.7499 7.9483 180.0 16900.0
12.1962 2.6064 -1.5355 179.7582 8.0169 180.0 16916.6667
12.2077 2.6064 -1.52 179.7999 8.1002 180.0 16933.3333
12.2151 2.6063 -1.5102 179.7999 8.1002 180.0 16950.0
12.2226 2.6063 -1.5002 179.7999 8.1002 180.0 16966.6667
12.228 2.6063 -1.4931 179.7999 8.1002 180.0 16983.3333
12.2334 2.6062 -1.4858 179.7999 8.1002 180.0 17000.0
12.2414 2.6062 -1.4751 179.7999 8.1002 180.0 17016.6667
12.2512 2.6062 -1.4622 179.7999 8.1002 180.0 17033.3333
12.2597 2.6061 -1.4509 179.7999 8.1002 180.0 17050.0
12.2672 2.6061 -1.4408 179.7999 8.1002 180.0 17066.6667
12.2732 2.6061 -1.4328 179.7999 8.1002 180.0 17083.3333
12.2775 2.6061 -1.4271 179.7999 8.1002 180.0 17100.0
12.284 2.606 -1.4186 179.7999 8.1002 180.0 17116.6667
12.2945 2.606 -1.4045 179.7999 8.1002 180.0 17133.3333
12.3041 2.606 -1.3916 179.7999 8.1002 180.0 17150.0
12.3091 2.6059 -1.385 179.8052 8.1055 180.0 17166.6667
12.3147 2.6059 -1.3774 179.8386 8.1389 180.0 17183.3333
12.3222 2.6059 -1.3676 179.8499 8.196 180.0 17200.0
12.3294 2.6059 -1.3579 179.8567 8.2569 180.0 17216.6667
12.3359 2.6058 -1.3492 179.8876 8.2878 180.0 17233.3333
12.346 2.6058 -1.3356 179.8999 8.4178 180.0 17250.0
12.3555 2.6058 -1.3229 179.8999 8.5002 180.0 17266.6667
12.3619 2.6058 -1.3141 179.8999 8.5002 180.0 17283.3333
12.3689 2.6058 -1.3046 179.8999 8.5237 180.0 17300.0
12.3771 2.6058 -1.2935 179.8999 8.5502 180.0 17316.6667
12.3848 2.6058 -1.2831 179.8999 8.5502 180.0 17333.3333
12.3917 2.6057 -1.2736 179.8999 8.5972 180.0 17350.0
12.3993 2.6057 -1.2633 179.8999 8.722 180.0 17366.6667
12.4062 2.6057 -1.2538 179.8999 8.8659 -180.0 17383.3333
12.413 2.6057 -1.2445 179.8999 9.0063 -180.0 17400.0
12.4211 2.6057 -1.2333 179.8999 9.1209 -180.0 17416.6667
12.428 2.6057 -1.2238 179.8999 9.1887 180.0 17433.3333
12.4346 2.6057 -1.2145 179.8999 9.297 180.0 17450.0
12.4428 2.6056 -1.2033 179.8999 9.4178 -180.0 17466.6667
12.4494 2.6056 -1.1939 179.9157 9.4818 180.0 17483.3333
12.4558 2.6056 -1.185 179.9499 9.5701 180.0 17500.0
12.4646 2.6056 -1.1726 179.9499 9.6638 180.0 17516.6667
12.4708 2.6056 -1.1638 179.9499 9.7001 -180.0 17533.3333
12.4766 2.6056 -1.1556 179.9499 9.7001 -180.0 17550.0
12.4857 2.6056 -1.1427 179.9499 9.7001 -180.0 17566.6667
12.4923 2.6056 -1.1333 179.9499 9.7001 -180.0 17583.3333
12.4966 2.6056 -1.1272 179.9499 9.727 -180.0 17600.0
12.5027 2.6056 -1.1186 179.9499 9.7501 -180.0 17616.6667
12.5122 2.6056 -1.1052 179.9499 9.7679 -180.0 17633.3333
12.5213 2.6056 -1.0922 179.9499 9.9501 -180.0 17650.0
12.5281 2.6055 -1.0826 179.9499 9.9637 -180.0 17666.6667
12.5322 2.6055 -1.0766 179.9499 10.0253 -180.0 17683.3333
12.5375 2.6055 -1.0691 179.9499 10.1125 -180.0 17700.0
12.5463 2.6055 -1.0564 179.9499 10.225 -180.0 17716.6667
12.5563 2.6055 -1.0418 179.9499 10.3696 -180.0 17733.3333
12.5629 2.6055 -1.0323 179.9499 10.4941 -180.0 17750.0
12.5696 2.6055 -1.0224 179.9499 10.732 -180.0 17766.6667
12.5741 2.6055 -1.0158 179.9499 10.932 180.0 17783.3333
12.5791 2.6055 -1.0083 179.9499 11.1146 180.0 17800.0
12.5881 2.6055 -0.9949 179.9499 11.2867 180.0 17816.6667
12.5981 2.6055 -0.9798 179.9499 11.4 -180.0 17833.3333
12.6039 2.6055 -0.971 179.9499 11.4125 -180.0 17850.0
12.6113 2.6055 -0.9599 179.9499 11.45 180.0 17866.6667
12.6183 2.6054 -0.9494 179.9499 11.4657 180.0 17883.3333
12.6249 2.6054 -0.9394 179.9499 11.5294 180.0 17900.0
12.6316 2.6054 -0.9291 179.9499 11.6 180.0 17916.6667
12.638 2.6054 -0.9195 179.9499 11.6377 180.0 17933.3333
12.6428 2.6054 -0.9122 179.9499 11.7826 180.0 17950.0
12.6477 2.6054 -0.9046 179.9499 11.8293 180.0 17966.6667
12.6557 2.6054 -0.8922 179.9499 11.9245 -180.0 17983.3333
12.665 2.6054 -0.8778 179.9499 12.1101 -180.0 18000.0
12.6719 2.6054 -0.8672 179.9274 12.2677 -180.0 18016.6667
12.6786 2.6054 -0.8567 179.8999 12.5104 -180.0 18033.3333
12.6853 2.6054 -0.8461 179.8999 12.7 -180.0 18050.0
12.6908 2.6053 -0.8375 179.8999 12.7933 180.0 18066.6667
12.6949 2.6053 -0.8308 179.8999 13.0267 -180.0 18083.3333
12.6996 2.6053 -0.8231 179.8711 13.2519 -180.0 18100.0
12.7086 2.6053 -0.8084 179.8499 13.4189 -180.0 18116.6667
12.7179 2.6053 -0.7933 179.8499 13.4716 180.0 18133.3333
12.7238 2.6052 -0.7837 179.8499 13.5 180.0 18150.0
12.7308 2.6052 -0.7724 179.8499 13.5 180.0 18166.6667
12.7361 2.6052 -0.7638 179.8499 13.5 180.0 18183.3333
12.7398 2.6052 -0.7576 179.8499 13.5 180.0 18200.0
12.7451 2.6051 -0.7489 179.8499 13.5285 180.0 18216.6667
12.7544 2.6051 -0.7338 179.8499 13.5501 180.0 18233.3333
12.7632 2.6051 -0.7195 179.8499 13.5501 180.0 18250.0
12.7688 2.6051 -0.7103 179.8499 13.5501 180.0 18266.6667
12.775 2.605 -0.7001 179.8499 13.5687 180.0 18283.3333
12.7813 2.605 -0.6897 179.8499 13.6001 180.0 18300.0
12.7879 2.605 -0.679 179.8499 13.6001 180.0 18316.6667
12.7945 2.605 -0.6681 179.8499 13.6001 180.0 18333.3333
12.8007 2.605 -0.6579 179.8499 13.6001 180.0 18350.0
12.8072 2.6049 -0.6473 179.8499 13.6001 180.0 18366.6667
12.8139 2.6049 -0.6364 179.8499 13.6001 180.0 18383.3333
12.8207 2.6049 -0.6251 179.8499 13.6001 180.0 18400.0
12.8265 2.6049 -0.6157 179.8499 13.6001 180.0 18416.6667
12.8303 2.6048 -0.6094 179.8499 13.6001 180.0 18433.3333
12.8353 2.6048 -0.6013 179.8499 13.6001 180.0 18450.0
12.8441 2.6048 -0.5868 179.8499 13.6001 180.0 18466.6667
12.8527 2.6048 -0.5727 179.8499 13.6001 180.0 18483.3333
12.8589 2.6048 -0.5626 179.8499 13.6001 180.0 18500.0
12.8649 2.6047 -0.5528 179.8499 13.6001 180.0 18516.6667
12.8688 2.6047 -0.5464 179.8499 13.6001 180.0 18533.3333
12.874 2.6047 -0.5379 179.8499 13.6001 180.0 18550.0
12.883 2.6046 -0.5231 179.8499 13.6001 180.0 18566.6667
12.8899 2.6046 -0.5118 179.8499 13.6001 180.0 18583.3333
12.8934 2.6046 -0.506 179.8499 13.6001 180.0 18600.0
12.9019 2.6046 -0.4921 179.8499 13.6001 180.0 18616.6667
12.909 2.6046 -0.4804 179.8499 13.6001 180.0 18633.3333
12.9133 2.6046 -0.4735 179.8499 13.627 -180.0 18650.0
12.9187 2.6045 -0.4647 179.8499 13.6911 -180.0 18666.6667
12.9283 2.6045 -0.4486 179.8499 13.953 180.0 18683.3333
12.9359 2.6045 -0.4357 179.8499 14.1868 180.0 18700.0
12.9419 2.6044 -0.4259 179.8499 14.2871 180.0 18716.6667
12.9478 2.6044 -0.4159 179.8499 14.3399 -180.0 18733.3333
12.9524 2.6044 -0.4082 179.8499 14.376 -180.0 18750.0
12.9574 2.6044 -0.3997 179.8499 14.4 180.0 18766.6667
12.9651 2.6044 -0.3867 179.8499 14.402 -180.0 18783.3333
12.9734 2.6043 -0.3725 179.8499 14.5 -180.0 18800.0
12.9794 2.6043 -0.3623 179.806 14.5439 -180.0 18816.6667
12.9832 2.6043 -0.3559 179.7999 14.6051 -180.0 18833.3333
12.9885 2.6043 -0.3467 179.7999 14.65 -180.0 18850.0
12.9968 2.6042 -0.3324 179.7999 14.6656 180.0 18866.6667
13.0046 2.6042 -0.3192 179.7926 14.8146 -180.0 18883.3333
13.0109 2.6041 -0.3083 179.7499 14.9265 180.0 18900.0
13.017 2.6041 -0.2978 179.7421 15.0814 -180.0 18916.6667
13.0229 2.6041 -0.2872 179.6999 15.3049 -180.0 18933.3333
13.0289 2.604 -0.2767 179.694 15.7441 -180.0 18950.0
13.0346 2.604 -0.2662 179.6455 16.4807 -180.0 18966.6667
13.0396 2.6039 -0.2567 179.6017 16.7877 -180.0 18983.3333
13.0469 2.6038 -0.243 179.5999 17.0158 -180.0 19000.0
13.0525 2.6038 -0.2325 179.5999 17.1474 -180.0 19016.6667
13.0582 2.6037 -0.2219 179.5999 17.198 -180.0 19033.3333
13.0641 2.6036 -0.2104 179.5999 17.2 -180.0 19050.0
13.0698 2.6036 -0.1997 179.5999 17.2 180.0 19066.6667
13.0758 2.6035 -0.1884 179.5999 17.2 180.0 19083.3333
13.0814 2.6035 -0.1776 179.5999 17.2 180.0 19100.0
13.0871 2.6034 -0.1669 179.5999 17.2 180.0 19116.6667
13.0928 2.6033 -0.1561 179.5999 17.2 180.0 19133.3333
13.0969 2.6033 -0.1483 179.5999 17.2 180.0 19150.0
13.1032 2.6032 -0.1362 179.5999 17.2 180.0 19166.6667
13.1095 2.6031 -0.1244 179.5999 17.2333 180.0 19183.3333
13.1152 2.6031 -0.1134 179.5999 17.2844 180.0 19200.0
13.121 2.603 -0.1024 179.5999 17.3686 180.0 19216.6667
13.1267 2.603 -0.0916 179.5999 17.4333 180.0 19233.3333
13.1319 2.603 -0.0816 179.5999 17.45 180.0 19250.0
13.1378 2.6028 -0.0702 179.5999 17.45 180.0 19266.6667
13.1428 2.6028 -0.0606 179.5999 17.45 180.0 19283.3333
13.1463 2.6028 -0.0539 179.5978 17.4396 180.0 19300.0
13.1516 2.6027 -0.0437 179.5631 17.266 180.0 19316.6667
13.1611 2.6026 -0.0263 179.476 16.3512 179.9998 19333.3333
13.1682 2.6024 -0.0141 179.2203 14.7882 179.9992 19350.0
13.1742 2.6023 -0.0043 179.1126 13.9529 179.9999 19366.6667
13.1808 2.6022 0.0065 179.0999 13.5824 180.0 19383.3333
13.1856 2.6021 0.0144 179.0768 13.4308 180.0 19400.0
13.1895 2.602 0.0207 179.0443 13.3222 180.0 19416.6667
13.1955 2.6019 0.0305 179.0096 13.1486 180.0 19433.3333
13.2064 2.6015 0.0477 178.9142 12.8 180.0 19450.0
13.2135 2.6013 0.0588 178.6842 12.3186 179.9999 19466.6667
13.2199 2.6011 0.0686 178.5234 12.0392 180.0 19483.3333
13.2269 2.6009 0.0792 178.3764 11.7118 179.9999 19500.0
13.2312 2.6008 0.0856 178.179 11.3571 179.9995 19516.6667
13.2357 2.6006 0.0923 177.9593 11.0043 179.9999 19533.3333
13.2437 2.6001 0.104 177.6694 10.6783 179.9998 19550.0
13.252 2.5996 0.116 177.2982 10.3587 179.9996 19566.6667
13.2583 2.5992 0.125 176.9665 10.1 179.9998 19583.3333
13.2647 2.5987 0.1341 176.6999 9.9 180.0 19600.0
13.2744 2.598 0.1478 176.5147 9.7148 180.0 19616.6667
13.2826 2.5974 0.1584 176.3385 9.4982 179.9999 19633.3333
13.2828 2.5968 0.1671 176.1973 9.3816 180.0 19650.0
13.2809 2.5963 0.1742 176.1055 9.3056 180.0 19666.6667
13.2802 2.5959 0.1804 176.0291 9.2153 180.0 19683.3333
13.2788 2.5953 0.1888 175.9249 9.0417 180.0 19700.0
13.2769 2.5944 0.2015 175.8207 8.8812 180.0 19716.6667
13.2752 2.5936 0.2117 175.7555 8.7611 180.0 19733.3333
13.2739 2.593 0.2204 175.6617 8.6176 180.0 19750.0
13.2731 2.5925 0.2255 175.5888 8.5389 180.0 19766.6667
13.2717 2.5918 0.2354 175.501 8.3045 179.9999 19783.3333
13.2702 2.5908 0.2464 175.397 7.9942 180.0 19800.0
13.2691 2.5901 0.2544 175.3244 7.7726 180.0 19816.6667
13.2681 2.5895 0.2622 175.262 7.5554 179.9999 19833.3333
13.2673 2.589 0.2684 175.1869 7.361 180.0 19850.0
13.2663 2.5884 0.276 175.1144 7.1436 180.0 19866.6667
13.265 2.5873 0.2874 174.9822 6.7863 179.9999 19883.3333
13.2638 2.5864 0.2975 174.8632 6.4833 180.0 19900.0
13.2629 2.5856 0.3061 174.7205 6.1049 179.9999 19916.6667
13.262 2.5848 0.3147 174.6156 5.7971 180.0 19933.3333
13.2613 2.5841 0.322 174.4894 5.4184 179.9999 19950.0
13.2604 2.583 0.3323 174.3249 4.9251 179.9999 19966.6667
13.2597 2.5821 0.3412 174.2156 4.6392 180.0 19983.3333
13.2591 2.5813 0.3491 174.1221 4.4056 180.0 20000.0
13.2585 2.5804 0.358 174.0207 4.1126 180.0 20016.6667
13.2579 2.5795 0.3671 173.9166 3.8001 180.0 20033.3333
13.2574 2.5785 0.3757 173.7764 3.2971 179.9999 20050.0
13.257 2.5776 0.384 173.6695 2.798 179.9999 20066.6667
13.2566 2.5766 0.3931 173.5666 2.2833 179.9999 20083.3333
13.2564 2.5756 0.4012 173.4721 1.7722 179.9999 20100.0
13.2561 2.5746 0.4101 173.3707 1.2146 179.9999 20116.6667
13.2561 2.5736 0.4188 173.3107 0.6686 180.0 20133.3333
13.2561 2.5726 0.4267 173.2277 0.1167 179.9999 20150.0
13.2562 2.5715 0.436 173.161 -0.4389 180.0 20166.6667
13.2563 2.5705 0.4445 173.0758 -1.1056 179.9999 20183.3333
13.2565 2.5696 0.4518 173.0213 -1.5 -180.0 20200.0
13.2567 2.5689 0.4581 172.9692 -1.8187 179.9999 20216.6667
13.257 2.5679 0.4654 172.9026 -2.1853 180.0 20233.3333
13.2575 2.5665 0.4768 172.8578 -2.5368 180.0 20250.0
13.2581 2.5651 0.4879 172.8043 -2.9644 180.0 20266.6667
13.2585 2.5642 0.4951 172.7232 -3.2683 179.9999 20283.3333
13.2591 2.563 0.5044 172.6624 -3.65 180.0 20300.0
13.2596 2.562 0.5115 172.5971 -3.9875 179.9999 20316.6667
13.2601 2.5612 0.5174 172.4833 -4.4444 179.9995 20333.3333
13.2609 2.5601 0.5263 172.2749 -5.2083 179.9998 20350.0
13.2619 2.5587 0.5362 172.1452 -5.7889 179.9998 20366.6667
13.2629 2.5574 0.545 172.0224 -6.2842 179.9998 20383.3333
13.264 2.556 0.5546 171.8721 -6.7639 179.9998 20400.0
13.265 2.5548 0.5628 171.6855 -7.2803 179.9997 20416.6667
13.266 2.5538 0.5699 171.4928 -7.8167 180.0 20433.3333
13.2681 2.5517 0.5831 171.1899 -8.54 180.0 20450.0
13.2688 2.5509 0.5879 171.1344 -8.7622 179.9999 20466.6667
13.2699 2.5498 0.5948 171.0166 -9.1667 179.9996 20483.3333
13.2718 2.548 0.6057 170.8238 -9.787 179.9999 20500.0
13.273 2.5469 0.6124 170.7151 -10.1493 179.9999 20516.6667
13.2743 2.5457 0.6195 170.6376 -10.4493 179.9999 20533.3333
13.2767 2.5436 0.6318 170.5428 -10.8 179.9999 20550.0
13.2788 2.5419 0.6423 170.4685 -11.1696 180.0 20566.6667
13.2803 2.5405 0.6499 170.4195 -11.452 180.0 20583.3333
13.2821 2.5389 0.6587 170.3687 -11.7063 180.0 20600.0
13.284 2.5375 0.6673 170.3185 -12.0196 180.0 20616.6667
13.2856 2.5362 0.6751 170.2999 -12.2648 180.0 20633.3333
13.2874 2.5347 0.6833 170.2718 -12.4344 180.0 20650.0
13.2895 2.5331 0.6923 170.2499 -12.5854 180.0 20666.6667
13.2908 2.532 0.698 170.2312 -12.7061 180.0 20683.3333
13.2923 2.5309 0.7046 170.1999 -12.8101 180.0 20700.0
13.2952 2.5286 0.7176 170.1916 -12.9834 180.0 20716.6667
13.2972 2.5271 0.7257 170.1499 -13.1599 180.0 20733.3333
13.2992 2.5256 0.7342 170.1405 -13.2188 180.0 20750.0
13.3011 2.5241 0.7428 170.0999 -13.3217 180.0 20766.6667
13.3031 2.5226 0.751 170.0999 -13.4001 180.0 20783.3333
13.305 2.5212 0.7589 170.0999 -13.4061 -180.0 20800.0
13.3063 2.5202 0.7645 170.0999 -13.4394 -180.0 20816.6667
13.3077 2.5192 0.7701 170.0999 -13.4737 180.0 20833.3333
13.3103 2.5173 0.7808 170.0713 -13.5572 -180.0 20850.0
13.3132 2.5151 0.7929 169.986 -13.7001 180.0 20866.6667
13.3144 2.5142 0.7974 169.9513 -13.7001 180.0 20883.3333
13.3158 2.5131 0.8035 169.7832 -13.7668 180.0 20900.0
13.3187 2.5109 0.8154 169.6132 -13.8001 180.0 20916.6667
13.3211 2.509 0.825 169.4925 -13.8002 -180.0 20933.3333
13.3232 2.5074 0.8338 169.3535 -13.7681 180.0 20950.0
13.3253 2.5057 0.8421 169.2385 -13.6581 -180.0 20966.6667
13.327 2.5043 0.8495 169.1175 -13.3257 -179.9998 20983.3333
13.329 2.5026 0.8582 168.9655 -12.6221 -179.9997 21000.0
13.3308 2.5007 0.8671 168.8091 -11.3137 -179.9995 21016.6667
13.3322 2.4992 0.8748 168.5864 -9.6124 -179.9987 21033.3333
13.3332 2.4973 0.8834 168.2094 -6.9934 -179.9968 21050.0
13.3338 2.4953 0.8929 167.8185 -4.3522 -179.9988 21066.6667
13.3342 2.4935 0.9013 167.5783 -2.6277 -179.9993 21083.3333
13.3344 2.4915 0.9101 167.4686 -1.4377 -179.9999 21100.0
13.3345 2.4897 0.9182 167.4499 -0.4483 -180.0 21116.6667
13.3345 2.4878 0.9268 167.4499 0.6123 180.0 21133.3333
13.3342 2.486 0.935 167.5055 1.3276 179.9999 21150.0
13.3339 2.484 0.9436 167.5499 1.9254 180.0 21166.6667
13.3335 2.482 0.9527 167.6107 2.8077 179.9998 21183.3333
13.333 2.4804 0.9603 167.6499 3.8841 180.0 21200.0
13.3322 2.4786 0.9682 167.6499 5.4822 180.0 21216.6667
13.3311 2.4765 0.9775 167.6499 7.253 -180.0 21233.3333
13.33 2.475 0.9844 167.6499 8.3498 -180.0 21250.0
13.3292 2.474 0.9892 167.6499 9.1831 180.0 21266.6667
13.3276 2.4723 0.997 167.7676 10.8421 179.9988 21283.3333
13.3257 2.4703 1.0058 167.9496 12.4248 179.9987 21300.0
13.3234 2.4685 1.0147 168.2275 13.7442 179.9996 21316.6667
13.3204 2.4662 1.0257 168.6128 15.1814 179.999 21333.3333
13.3181 2.4645 1.0339 168.7885 15.7657 179.9999 21350.0
13.3164 2.4632 1.0397 168.9456 16.2054 179.9995 21366.6667
13.314 2.4617 1.0476 169.1587 16.7723 179.9999 21383.3333
13.3102 2.4594 1.0595 169.5999 17.8998 180.0 21400.0
13.307 2.4577 1.0686 170.1391 19.5174 179.9998 21416.6667
13.3044 2.4565 1.0756 170.4077 20.1945 179.9997 21433.3333
13.3009 2.455 1.0844 170.8697 21.6531 179.9996 21450.0
13.2975 2.4535 1.0927 171.1446 22.4352 180.0 21466.6667
13.2942 2.4525 1.0996 171.7079 24.47 179.9982 21483.3333
13.2911 2.4514 1.1062 172.0097 25.2898 179.9996 21500.0
13.2881 2.4505 1.1123 172.3654 26.2998 179.9974 21516.6667
13.2846 2.4496 1.119 172.7395 27.395 179.9998 21533.3333
13.2798 2.4483 1.128 172.938 27.8712 179.9999 21550.0
13.2744 2.4471 1.1377 173.5026 29.0518 179.9995 21566.6667
13.2702 2.4462 1.1452 173.7515 29.634 179.9998 21583.3333
13.2675 2.4455 1.1498 173.8998 29.9248 179.9998 21600.0
13.2638 2.4448 1.1561 174.0912 30.2831 179.9992 21616.6667
13.2576 2.4437 1.1664 174.5072 31.1154 179.9999 21633.3333
13.252 2.4426 1.1754 174.8735 31.9024 179.9998 21650.0
13.2472 2.442 1.1828 175.2682 32.7796 179.9997 21666.6667
13.2426 2.4413 1.1898 175.3851 33.0628 180.0 21683.3333
13.2396 2.4408 1.1943 175.5551 33.5146 179.9994 21700.0
13.2361 2.4404 1.1996 175.7317 33.9715 179.9999 21716.6667
13.2303 2.4397 1.2081 175.8767 34.2976 179.9999 21733.3333
13.2247 2.439 1.2162 175.9953 34.5089 179.9999 21750.0
13.2205 2.4384 1.2224 176.0499 34.5998 180.0 21766.6667
13.2157 2.4379 1.2293 176.0567 34.6194 179.9999 21783.3333
13.2083 2.4371 1.2395 176.3999 35.5998 180.0 21800.0
13.2025 2.4366 1.2476 176.6026 35.8765 179.999 21816.6667
13.1985 2.4362 1.2529 177.1346 37.1431 179.9967 21833.3333
13.1947 2.436 1.2576 177.516 37.9831 179.9991 21850.0
13.1891 2.4356 1.2646 177.7647 38.4646 180.0 21866.6667
13.1818 2.4352 1.2737 177.8538 38.5576 180.0 21883.3333
13.1763 2.4349 1.2806 177.8999 38.6565 -180.0 21900.0
13.1702 2.4344 1.2883 177.9234 38.7733 180.0 21916.6667
13.1649 2.4342 1.2949 178.0629 38.9063 180.0 21933.3333
13.1598 2.434 1.3012 178.1561 38.9592 180.0 21950.0
13.154 2.4337 1.3083 178.2499 39.0999 180.0 21966.6667
13.1484 2.4334 1.3152 178.2499 39.1064 180.0 21983.3333
13.1432 2.4332 1.3215 178.253 39.153 180.0 22000.0
13.1373 2.4329 1.3287 178.2999 39.1999 180.0 22016.6667
13.1316 2.4326 1.3358 178.2999 39.2068 180.0 22033.3333
13.1263 2.4324 1.3423 178.311 39.2777 180.0 22050.0
13.1211 2.4321 1.3486 178.4043 39.5066 180.0 22066.6667
13.1148 2.4319 1.356 178.5136 39.6774 180.0 22083.3333
13.1095 2.4317 1.3625 178.6104 39.871 -180.0 22100.0
13.1046 2.4315 1.3683 178.6981 40.0464 180.0 22116.6667
13.0979 2.4313 1.3762 178.8846 40.5132 179.9995 22133.3333
13.0924 2.4312 1.3823 179.1347 41.6799 179.9998 22150.0
13.0864 2.431 1.3891 179.1499 41.7499 180.0 22166.6667
13.0806 2.4309 1.3955 179.294 42.1341 180.0 22183.3333
13.0747 2.4309 1.4016 179.5821 43.044 179.9998 22200.0
13.0692 2.4308 1.4076 179.5999 43.1433 180.0 22216.6667
13.0639 2.4307 1.4134 179.6397 43.2692 180.0 22233.3333
13.057 2.4307 1.4205 179.7798 43.7765 179.9999 22250.0
13.0519 2.4307 1.4258 179.8636 43.9774 179.9999 22266.6667
13.0484 2.4307 1.4294 179.9286 44.093 180.0 22283.3333
13.0437 2.4307 1.4343 179.9861 44.1791 180.0 22300.0
13.0352 2.4307 1.4429 -179.9685 44.4531 179.9999 22316.6667
13.0285 2.4307 1.4496 -179.9114 44.7942 179.9999 22333.3333
13.0235 2.4307 1.4546 -179.8345 45.1682 179.9999 22350.0
13.0153 2.4308 1.4626 -179.7028 45.7384 180.0 22366.6667
13.0072 2.4309 1.4704 -179.7002 46.0498 180.0 22383.3333
13.0022 2.4309 1.4751 -179.7002 46.0498 180.0 22400.0
12.9988 2.4309 1.4788 -179.6788 46.0711 180.0 22416.6667
12.9917 2.431 1.4849 -179.6501 46.3113 180.0 22433.3333
12.9827 2.4311 1.4944 -179.6343 47.5577 180.0 22450.0
12.983 2.4311 1.5056 -179.5502 47.6065 180.0 22466.6667
12.9822 2.4312 1.5204 -179.5502 47.7615 180.0 22483.3333
12.9816 2.4313 1.5321 -179.5502 47.8448 180.0 22500.0
12.9811 2.4313 1.5442 -179.5502 47.9419 180.0 22516.6667
12.9804 2.4314 1.5565 -179.5502 47.9497 180.0 22533.3333
12.9799 2.4315 1.5648 -179.5502 48.1228 180.0 22550.0
12.9794 2.4315 1.5731 -179.5502 48.4459 180.0 22566.6667
12.9785 2.4316 1.5854 -179.5502 49.0228 -180.0 22583.3333
12.9773 2.4317 1.6008 -179.5502 49.3973 -180.0 22600.0
12.9764 2.4317 1.6124 -179.5502 49.6364 180.0 22616.6667
12.9755 2.4318 1.6231 -179.5502 49.8076 -180.0 22633.3333
12.9738 2.4319 1.6412 -179.5502 50.1998 -180.0 22650.0
12.9725 2.432 1.6554 -179.5502 50.4761 -180.0 22666.6667
12.9712 2.432 1.6676 -179.5502 50.7393 -180.0 22683.3333
12.9704 2.4321 1.6756 -179.5502 50.7805 -180.0 22700.0
12.9695 2.4321 1.6843 -179.5357 50.8142 180.0 22716.6667
12.9681 2.4322 1.6987 -179.5002 50.8497 180.0 22733.3333
12.9663 2.4323 1.7157 -179.5002 50.8521 180.0 22750.0
12.9654 2.4324 1.7248 -179.5002 50.8918 180.0 22766.6667
12.9637 2.4325 1.7405 -179.5002 50.9887 180.0 22783.3333
12.9623 2.4326 1.7532 -179.4561 51.088 180.0 22800.0
12.9613 2.4327 1.7635 -179.3769 51.3198 179.9999 22816.6667
12.9601 2.4327 1.7733 -179.2796 51.6359 179.9997 22833.3333
12.9589 2.4328 1.7829 -179.1754 52.0165 179.9998 22850.0
12.9573 2.433 1.795 -179.0712 52.5026 179.9998 22866.6667
12.9545 2.4332 1.813 -179.0502 53.9331 180.0 22883.3333
12.952 2.4334 1.8257 -179.0502 56.0276 180.0 22900.0
12.9502 2.4335 1.8338 -179.1026 57.0776 -179.9996 22916.6667
12.9478 2.4335 1.8443 -179.1634 57.7631 -179.9999 22933.3333
12.9441 2.4337 1.8597 -179.2068 58.4098 -180.0 22950.0
12.9404 2.4338 1.8747 -179.2502 58.7998 -180.0 22966.6667
12.9378 2.4339 1.8855 -179.2502 58.7998 -180.0 22983.3333
12.9347 2.434 1.8981 -179.2502 58.7998 -180.0 23000.0
12.9318 2.4342 1.9099 -179.2502 58.7998 -180.0 23016.6667
12.9287 2.4343 1.9225 -179.2502 58.8292 -180.0 23033.3333
12.9258 2.4344 1.9339 -179.2502 58.9656 -180.0 23050.0
12.9232 2.4345 1.9445 -179.2524 59.0654 -180.0 23066.6667
12.9197 2.4346 1.9581 -179.3002 59.4218 -180.0 23083.3333
12.9165 2.4347 1.9704 -179.3002 59.5675 180.0 23100.0
12.9135 2.4348 1.982 -179.3002 59.6626 -180.0 23116.6667
12.911 2.4349 1.9914 -179.3002 59.742 -180.0 23133.3333
12.9095 2.435 1.9969 -179.3002 59.8035 -180.0 23150.0
12.9059 2.4351 2.0106 -179.3002 59.8621 -180.0 23166.6667
12.9006 2.4352 2.0306 -179.3002 59.8999 -180.0 23183.3333
12.898 2.4353 2.0403 -179.3002 59.9131 180.0 23200.0
12.895 2.4354 2.0516 -179.3002 59.9499 180.0 23216.6667
12.8914 2.4356 2.0652 -179.3002 59.9634 -180.0 23233.3333
12.8881 2.4357 2.0774 -179.3002 60.0293 180.0 23250.0
12.885 2.4358 2.0888 -179.3002 60.1518 -180.0 23266.6667
12.882 2.4359 2.1 -179.3002 60.3462 180.0 23283.3333
12.8789 2.436 2.1109 -179.3002 60.5684 -180.0 23300.0
12.8767 2.4361 2.1188 -179.3002 60.7227 -180.0 23316.6667
12.8743 2.4362 2.1272 -179.3002 60.8961 180.0 23333.3333
12.8703 2.4363 2.1408 -179.3002 61.0884 180.0 23350.0
12.8646 2.4364 2.16 -179.3002 61.6873 180.0 23366.6667
12.8609 2.4366 2.172 -179.3002 61.9267 -180.0 23383.3333
12.8577 2.4367 2.1826 -179.3002 62.1165 180.0 23400.0
12.8535 2.4368 2.1957 -179.3002 62.5142 180.0 23416.6667
12.8499 2.4369 2.207 -179.3002 62.6775 180.0 23433.3333
12.8474 2.437 2.2148 -179.3002 62.8612 180.0 23450.0
12.8447 2.437 2.2228 -179.3002 63.121 -180.0 23466.6667
12.8407 2.4371 2.2349 -179.3002 63.5544 -180.0 23483.3333
12.8352 2.4372 2.2509 -179.3002 64.083 -180.0 23500.0
12.8298 2.4374 2.2656 -179.2227 64.8719 179.9997 23516.6667
12.8255 2.4376 2.2773 -179.2002 65.4811 180.0 23533.3333
12.8215 2.4377 2.2877 -179.132 65.9418 179.9998 23550.0
12.8178 2.4377 2.297 -179.1002 66.5171 180.0 23566.6667
12.8142 2.4378 2.3057 -179.0832 67.2077 179.9996 23583.3333
12.8099 2.438 2.3157 -179.0165 68.0077 179.9996 23600.0
12.8042 2.4382 2.329 -179.0002 68.453 180.0 23616.6667
12.7977 2.4384 2.3437 -178.9421 68.8914 179.9997 23633.3333
12.7919 2.4386 2.3564 -178.9002 69.4435 180.0 23650.0
12.7868 2.4387 2.3674 -178.9002 69.8379 180.0 23666.6667
12.7814 2.4389 2.3788 -178.9002 70.1928 -180.0 23683.3333
12.7774 2.439 2.3872 -178.9002 70.4459 180.0 23700.0
12.774 2.4391 2.3944 -178.9002 70.6136 -180.0 23716.6667
12.7685 2.4393 2.4057 -178.9002 70.9607 180.0 23733.3333
12.7627 2.4395 2.4173 -178.855 71.2815 179.9997 23750.0
12.7557 2.4398 2.4313 -178.8002 71.5619 180.0 23766.6667
12.749 2.44 2.4447 -178.8002 71.7572 180.0 23783.3333
12.745 2.4401 2.4526 -178.8002 71.9135 180.0 23800.0
12.7384 2.4403 2.4653 -178.8002 72.145 -180.0 23816.6667
12.7345 2.4404 2.4728 -178.8002 72.2476 -180.0 23833.3333
12.7292 2.4406 2.483 -178.8002 72.4269 -180.0 23850.0
12.7221 2.4408 2.4967 -178.8002 72.7029 -180.0 23866.6667
12.7163 2.441 2.5073 -178.8002 73.0363 180.0 23883.3333
12.7098 2.4413 2.5196 -178.7114 73.4052 179.9999 23900.0
12.7053 2.4414 2.5279 -178.7002 73.5107 180.0 23916.6667
12.6985 2.4416 2.54 -178.7002 73.7788 180.0 23933.3333
12.6911 2.4418 2.5533 -178.7002 74.2052 180.0 23950.0
12.6857 2.442 2.563 -178.7002 74.5172 180.0 23966.6667
12.6787 2.4423 2.5751 -178.7002 74.8051 180.0 23983.3333
12.6726 2.4425 2.5858 -178.7002 75.0067 180.0 24000.0
12.6683 2.4426 2.5932 -178.7002 75.163 180.0 24016.6667
12.664 2.4427 2.6005 -178.7002 75.4514 -180.0 24033.3333
12.6557 2.443 2.6141 -178.7002 76.069 -180.0 24050.0
12.6476 2.4432 2.6273 -178.7002 76.8261 -180.0 24066.6667
12.6407 2.4434 2.638 -178.7002 77.7038 -180.0 24083.3333
12.6335 2.4436 2.6488 -178.7002 78.4525 -180.0 24100.0
12.6275 2.4438 2.6577 -178.7251 79.2083 -179.9994 24116.6667
12.6201 2.444 2.6681 -178.7502 80.2862 -180.0 24133.3333
12.612 2.4442 2.6791 -178.7502 81.4025 -180.0 24150.0
12.6049 2.4444 2.6884 -178.7746 82.5123 -179.9989 24166.6667
12.5972 2.4446 2.6981 -178.8002 83.4192 -180.0 24183.3333
12.5902 2.4447 2.7068 -178.8002 84.0995 -180.0 24200.0
12.5825 2.4449 2.7159 -178.8002 84.8621 180.0 24216.6667
12.5735 2.4451 2.7264 -178.8002 85.5069 -180.0 24233.3333
12.5651 2.4453 2.7361 -178.8209 86.2057 -179.9989 24250.0
12.557 2.4455 2.7451 -178.8502 86.706 -180.0 24266.6667
12.5491 2.4456 2.7539 -178.8677 87.0544 -179.9989 24283.3333
12.5413 2.4457 2.7624 -178.9002 87.5946 -180.0 24300.0
12.5338 2.4459 2.7704 -178.9002 88.1752 -180.0 24316.6667
12.5239 2.4461 2.7807 -178.9002 88.8769 -180.0 24333.3333
12.5155 2.4463 2.7893 -178.9042 89.1259 -179.9981 24350.0
12.5069 2.4464 2.798 -178.9502 89.7483 -180.0 24366.6667
12.4983 2.4466 2.8065 1.0498 89.7789 0.0 24383.3333
12.49 2.4468 2.8147 1.0498 89.5007 0.0 24400.0
12.4807 2.447 2.8235 1.0498 88.7137 0.0 24416.6667
12.4707 2.4471 2.8331 1.0498 88.4251 0.0 24433.3333
12.463 2.4472 2.8402 1.0498 88.0255 0.0 24450.0
12.4548 2.4474 2.8478 1.1143 87.5014 0.0031 24466.6667
12.4455 2.4476 2.8561 1.1969 86.9617 0.0026 24483.3333
12.4378 2.4477 2.8629 1.2706 86.3968 0.0023 24500.0
12.4309 2.4479 2.8687 1.3321 85.7179 0.002 24516.6667
12.4192 2.4482 2.8785 1.4115 84.9935 0.002 24533.3333
12.4063 2.4485 2.8891 1.5066 84.5099 0.0006 24550.0
12.3964 2.4487 2.8973 1.5498 84.2583 0.0 24566.6667
12.3867 2.449 2.9051 1.6088 83.9463 0.0007 24583.3333
12.3769 2.4492 2.9129 1.6498 83.7171 0.0 24600.0
12.3694 2.4494 2.919 1.6864 83.5602 0.0004 24616.6667
12.3627 2.4496 2.9241 1.7576 83.3659 0.0004 24633.3333
12.3543 2.4498 2.9307 1.8514 82.9338 0.0017 24650.0
12.3439 2.4502 2.9388 1.9311 82.5625 0.0006 24666.6667
12.3336 2.4505 2.9465 1.9972 82.2625 0.0001 24683.3333
12.3262 2.4507 2.9522 2.0578 81.9076 0.0009 24700.0
12.314 2.4512 2.9611 2.1716 81.3485 0.0032 24716.6667
12.2986 2.4517 2.972 2.376 80.3593 0.0007 24733.3333
12.2888 2.4521 2.9787 2.5012 79.6005 0.0015 24750.0
12.2786 2.4525 2.9856 2.7189 78.7672 0.0024 24766.6667
12.2704 2.4528 2.9908 2.9564 77.9172 0.0004 24783.3333
12.2572 2.4534 2.9989 3.2682 76.274 0.0008 24800.0
12.247 2.454 3.0048 3.5547 75.0255 0.0002 24816.6667
12.2419 2.4542 3.0077 3.6752 74.4004 0.0016 24833.3333
12.2315 2.4548 3.0133 3.8306 73.6373 0.0019 24850.0
12.2152 2.4557 3.0219 4.0215 72.775 0.0002 24866.6667
12.2037 2.4564 3.0279 4.1166 72.4588 0.0001 24883.3333
12.1947 2.4569 3.0326 4.1998 72.2505 0.0 24900.0
12.1819 2.4577 3.0391 4.2979 71.8582 0.0 24916.6667
12.1704 2.4584 3.0448 4.3859 71.4636 0.0001 24933.3333
12.1598 2.459 3.05 4.4777 71.206 0.0001 24950.0
12.1481 2.4598 3.0557 4.4998 70.9921 0.0 24966.6667
12.1378 2.4604 3.0608 4.5368 70.9134 0.0 24983.3333
