0.0 3.0 10.0 0.0 0.0 0.0 0.0
0.0 3.0 10.0 0.0 0.0 0.0 16.6667
0.0 3.0 10.0 0.0 0.0 0.0 33.3333
0.0 3.0 10.0 0.0 0.0 0.0 50.0
0.0 3.0 10.0 0.0 0.0 0.0 66.6667
0.0 3.0 10.0 0.0 0.0 0.0 83.3333
0.0 3.0 10.0 0.0 0.0 0.0 100.0
0.0 3.0 10.0 0.0 0.0 0.0 116.6667
0.0 3.0 10.0 0.0 0.0 0.0 133.3333
0.0 3.0 10.0 0.0 0.0 0.0 150.0
0.0 3.0 10.0 0.0 0.0 0.0 166.6667
0.0 3.0 10.0 0.0 0.0 0.0 183.3333
0.0 3.0 10.0 0.0 0.0 0.0 200.0
0.0 3.0 10.0 0.0 0.0 0.0 216.6667
0.0 3.0 10.0 0.0 0.0 0.0 233.3333
0.0 3.0 10.0 0.0 0.0 0.0 250.0
0.0 3.0 10.0 0.0 0.0 0.0 266.6667
0.0 3.0 10.0 0.0 0.0 0.0 283.3333
0.0 3.0 10.0 0.0 0.0 0.0 300.0
0.0 3.0 10.0 0.0 0.0 0.0 316.6667
0.0 3.0 10.0 0.0 0.0 0.0 333.3333
0.0 3.0 10.0 0.0 0.0 0.0 350.0
0.0 3.0 10.0 0.0 0.0 0.0 366.6667
0.0 3.0 10.0 0.0 0.0 0.0 383.3333
0.0 3.0 10.0 0.0 0.0 0.0 400.0
0.0 3.0 10.0 0.0 0.0 0.0 416.6667
0.0 3.0 10.0 0.0 0.0 0.0 433.3333
0.0 3.0 10.0 0.0 0.0 0.0 450.0
0.0 3.0 10.0 0.0 0.0 0.0 466.6667
0.0 3.0 10.0 0.0 0.0 0.0 483.3333
0.0 3.0 10.0 0.0 0.0 0.0 500.0
0.0 3.0 10.0 0.0 0.0 0.0 516.6667
0.0 3.0 10.0 0.0 0.0 0.0 533.3333
0.0 3.0 10.0 0.0 0.0 0.0 550.0
0.0 3.0 10.0 0.0 0.0 0.0 566.6667
0.0 3.0 10.0 0.0 0.0 0.0 583.3333
0.0 3.0 10.0 0.0 0.0 0.0 600.0
0.0 3.0 10.0 0.0 0.0 0.0 616.6667
0.0 3.0 10.0 0.0 0.0 0.0 633.3333
0.0 3.0 10.0 0.0 0.0 0.0 650.0
0.0 3.0 10.0 0.0 0.0 0.0 666.6667
0.0 3.0 10.0 0.0 0.0 0.0 683.3333
0.0 3.0 10.0 0.0 0.0 0.0 700.0
0.0 3.0 10.0 0.0 0.0 0.0 716.6667
0.0 3.0 10.0 0.0 0.0 0.0 733.3333
0.0 3.0 10.0 0.0 0.0 0.0 750.0
0.0 3.0 10.0 0.0 0.0 0.0 766.6667
0.0 3.0 10.0 0.0 0.0 0.0 783.3333
0.0 3.0 10.0 0.0 0.0 0.0 800.0
0.0 3.0 10.0 0.0 0.0 0.0 816.6667
0.0 3.0 10.0 0.0 0.0 0.0 833.3333
0.0 3.0 10.0 0.0 0.0 0.0 850.0
0.0 3.0 10.0 0.0 0.0 0.0 866.6667
0.0 3.0 10.0 0.0 0.0 0.0 883.3333
0.0 3.0 10.0 0.0 0.0 0.0 900.0
0.0 3.0 10.0 0.0 0.0 0.0 916.6667
0.0 3.0 10.0 0.0 0.0 0.0 933.3333
0.0 3.0 10.0 0.0 0.0 0.0 950.0
0.0 3.0 10.0 0.0 0.0 0.0 966.6667
0.0 3.0 10.0 0.0 0.0 0.0 983.3333
0.0 3.0 10.0 0.0 0.0 0.0 1000.0
0.0 3.0 10.0 0.0 0.0 0.0 1016.6667
0.0 3.0 10.0 0.0 0.0 0.0 1033.3333
0.0 3.0 10.0 0.0 0.0 0.0 1050.0
0.0 3.0 10.0 0.0 0.0 0.0 1066.6667
0.0 3.0 10.0 0.0 0.0 0.0 1083.3333
0.0 3.0 10.0 0.0 0.0 0.0 1100.0
0.0 3.0 10.0 0.0 0.0 0.0 1116.6667
0.0 3.0 10.0 0.0 0.0 0.0 1133.3333
0.0 3.0 10.0 0.0 0.0 0.0 1150.0
0.0 3.0 10.0 0.0 0.0 0.0 1166.6667
0.0 3.0 10.0 0.0 0.0 0.0 1183.3333
0.0 3.0 10.0 0.0 0.0 0.0 1200.0
0.0 3.0 10.0 0.0 0.0 0.0 1216.6667
0.0 3.0 10.0 0.0 0.0 0.0 1233.3333
0.0 3.0 10.0 0.0 0.0 0.0 1250.0
0.0 3.0 10.0 0.0 0.0 0.0 1266.6667
0.0 3.0 10.0 0.0 0.0 0.0 1283.3333
0.0 3.0 10.0 0.0 0.0 0.0 1300.0
0.0 3.0 10.0 0.0 0.0 0.0 1316.6667
0.0 3.0 10.0 0.0 0.0 0.0 1333.3333
0.0 3.0 10.0 0.0 0.0 0.0 1350.0
0.0 3.0 10.0 0.0 0.0 0.0 1366.6667
0.0 3.0 10.0 0.0 0.0 0.0 1383.3333
0.0 3.0 10.0 0.0 0.0 0.0 1400.0
0.0 3.0 10.0 0.0 0.0 0.0 1416.6667
0.0 3.0 10.0 0.0 0.0 0.0 1433.3333
0.0 3.0 10.0 0.0 0.0 0.0 1450.0
0.0 3.0 10.0 0.0 0.0 0.0 1466.6667
0.0 3.0 10.0 0.0 0.0 0.0 1483.3333
0.0 3.0 10.0 0.0 0.0 0.0 1500.0
0.0 3.0 10.0 0.0 0.0 0.0 1516.6667
0.0 3.0 10.0 0.0 0.0 0.0 1533.3333
0.0 3.0 10.0 0.0 0.0 0.0 1550.0
0.0 3.0 10.0 0.0 0.0 0.0 1566.6667
0.0 3.0 10.0 0.0 0.0 0.0 1583.3333
0.0 3.0 10.0 0.0 0.0 0.0 1600.0
0.0 3.0 10.0 0.0 0.0 0.0 1616.6667
0.0 3.0 10.0 0.0 0.0 0.0 1633.3333
0.0 3.0 10.0 0.0 0.0 0.0 1650.0
0.0 3.0 10.0 0.0 0.0 0.0 1666.6667
0.0 3.0 10.0 0.0 0.0 0.0 1683.3333
0.0 3.0 10.0 0.0 0.0 0.0 1700.0
0.0 3.0 10.0 0.0 0.0 0.0 1716.6667
0.0 3.0 10.0 0.0 0.0 0.0 1733.3333
0.0 3.0 10.0 0.0 0.0 0.0 1750.0
0.0 3.0 10.0 0.0 0.0 0.0 1766.6667
0.0 3.0 10.0 0.0 0.0 0.0 1783.3333
0.0 3.0 10.0 0.0 0.0 0.0 1800.0
0.0 3.0 10.0 0.0 0.0 0.0 1816.6667
0.0 3.0 10.0 0.0 0.0 0.0 1833.3333
0.0 3.0 10.0 0.0 0.0 0.0 1850.0
0.0 3.0 10.0 0.0 0.0 0.0 1866.6667
0.0 3.0 10.0 0.0 0.0 0.0 1883.3333
0.0 3.0 10.0 0.0 0.0 0.0 1900.0
0.0 3.0 10.0 0.0 0.0 0.0 1916.6667
0.0 3.0 10.0 0.0 0.0 0.0 1933.3333
0.0 3.0 10.0 0.0 0.0 0.0 1950.0
0.0 3.0 10.0 0.0 0.0 0.0 1966.6667
0.0 3.0 10.0 0.0 0.0 0.0 1983.3333
0.0 3.0 10.0 0.0 0.0 0.0 2000.0
0.0 3.0 10.0 0.0 0.0 0.0 2016.6667
0.0 3.0 10.0 0.0 0.0 0.0 2033.3333
0.0 3.0 10.0 0.0 0.0 0.0 2050.0
0.0 3.0 10.0 0.0 0.0 0.0 2066.6667
0.0 3.0 10.0 0.0 0.0 0.0 2083.3333
0.0 3.0 10.0 0.0 0.0 0.0 2100.0
0.0 3.0 10.0 0.0 0.0 0.0 2116.6667
0.0 3.0 10.0 0.0 0.0 0.0 2133.3333
0.0 3.0 10.0 0.0 0.0 0.0 2150.0
0.0 3.0 10.0 0.0 0.0 0.0 2166.6667
0.0 3.0 10.0 0.0 0.0 0.0 2183.3333
0.0 3.0 10.0 0.0 0.0 0.0 2200.0
0.0 3.0 10.0 0.0 0.0 0.0 2216.6667
0.0 3.0 10.0 0.0 0.0 0.0 2233.3333
0.0 3.0 10.0 0.0 0.0 0.0 2250.0
0.0 3.0 10.0 0.0 0.0 0.0 2266.6667
0.0 3.0 10.0 0.0 0.0 0.0 2283.3333
0.0 3.0 10.0 0.0 0.0 0.0 2300.0
0.0 3.0 10.0 0.0 0.0 0.0 2316.6667
0.0 3.0 10.0 0.0 0.0 0.0 2333.3333
0.0 3.0 10.0 0.0 0.0 0.0 2350.0
0.0 3.0 10.0 0.0 0.0 0.0 2366.6667
0.0 3.0 10.0 0.0 0.0 0.0 2383.3333
0.0 3.0 10.0 0.0 0.0 0.0 2400.0
0.0 3.0 10.0 0.0 0.0 0.0 2416.6667
0.0 3.0 10.0 0.0 0.0 0.0 2433.3333
0.0 3.0 10.0 0.0 0.0 0.0 2450.0
0.0 3.0 10.0 0.0 0.0 0.0 2466.6667
0.0 3.0 10.0 0.0 0.0 0.0 2483.3333
0.0 3.0 10.0 0.0 0.0 0.0 2500.0
0.0 3.0 10.0 0.0 0.0 0.0 2516.6667
0.0 3.0 10.0 0.0 0.0 0.0 2533.3333
0.0 3.0 10.0 0.0 0.0 0.0 2550.0
0.0 3.0 10.0 0.0 0.0 0.0 2566.6667
0.0 3.0 10.0 0.0 0.0 0.0 2583.3333
0.0 3.0 10.0 0.0 0.0 0.0 2600.0
0.0 3.0 10.0 0.0 0.0 0.0 2616.6667
0.0 3.0 10.0 0.0 0.0 0.0 2633.3333
0.0 3.0 10.0 0.0 0.0 0.0 2650.0
0.0 3.0 10.0 0.0 0.0 0.0 2666.6667
0.0 3.0 10.0 0.0 0.0 0.0 2683.3333
0.0 3.0 10.0 0.0 0.0 0.0 2700.0
0.0 3.0 10.0 0.0 0.0 0.0 2716.6667
0.0 3.0 10.0 0.0 0.0 0.0 2733.3333
0.0 3.0 10.0 0.0 0.0 0.0 2750.0
0.0 3.0 10.0 0.0 0.0 0.0 2766.6667
0.0 3.0 10.0 0.0 0.0 0.0 2783.3333
0.0 3.0 10.0 0.0 0.0 0.0 2800.0
0.0 3.0 10.0 0.0 0.0 0.0 2816.6667
0.0 3.0 10.0 0.0 0.0 0.0 2833.3333
0.0 3.0 10.0 0.0 0.0 0.0 2850.0
0.0 3.0 10.0 0.0 0.0 0.0 2866.6667
0.0 3.0 10.0 0.0 0.0 0.0 2883.3333
0.0 3.0 10.0 0.0 0.0 0.0 2900.0
0.0 3.0 10.0 0.0 0.0 0.0 2916.6667
0.0 3.0 10.0 0.0 0.0 0.0 2933.3333
0.0 3.0 10.0 0.0 0.0 0.0 2950.0
0.0 3.0 10.0 0.0 0.0 0.0 2966.6667
0.0 3.0 10.0 0.0 0.0 0.0 2983.3333
0.0 3.0 10.0 0.0 0.0 0.0 3000.0
0.0 3.0 10.0 0.0 0.0 0.0 3016.6667
0.0 3.0 10.0 0.0 0.0 0.0 3033.3333
0.0 3.0 10.0 0.0 0.0 0.0 3050.0
0.0 3.0 10.0 0.0 0.0 0.0 3066.6667
0.0 3.0 10.0 0.0 0.0 0.0 3083.3333
0.0 3.0 10.0 0.0 0.0 0.0 3100.0
0.0 3.0 10.0 0.0 0.0 0.0 3116.6667
0.0 3.0 10.0 0.0 0.0 0.0 3133.3333
0.0 3.0 10.0 0.0 0.0 0.0 3150.0
0.0 3.0 10.0 0.0 0.0 0.0 3166.6667
0.0 3.0 10.0 0.0 0.0 0.0 3183.3333
0.0 3.0 10.0 0.0 0.0 0.0 3200.0
0.0 3.0 10.0 0.0 0.0 0.0 3216.6667
0.0 3.0 10.0 0.0 0.0 0.0 3233.3333
0.0 3.0 10.0 0.0 0.0 0.0 3250.0
0.0 3.0 10.0 0.0 0.0 0.0 3266.6667
0.0 3.0 10.0 0.0 0.0 0.0 3283.3333
0.0 3.0 10.0 0.0 0.0 0.0 3300.0
0.0 3.0 10.0 0.0 0.0 0.0 3316.6667
0.0 3.0 10.0 0.0 0.0 0.0 3333.3333
0.0 3.0 10.0 0.0 0.0 0.0 3350.0
0.0 3.0 10.0 0.0 0.0 0.0 3366.6667
0.0 3.0 10.0 0.0 0.0 0.0 3383.3333
0.0 3.0 10.0 0.0 0.0 0.0 3400.0
0.0 3.0 10.0 0.0 0.0 0.0 3416.6667
0.0 3.0 10.0 0.0 0.0 0.0 3433.3333
0.0 3.0 10.0 0.0 0.0 0.0 3450.0
0.0 3.0 10.0 0.0 0.0 0.0 3466.6667
0.0 3.0 10.0 0.0 0.0 0.0 3483.3333
0.0 3.0 10.0 0.0 0.0 0.0 3500.0
0.0 3.0 10.0 0.0 0.0 0.0 3516.6667
0.0 3.0 10.0 0.0 0.0 0.0 3533.3333
0.0 3.0 10.0 0.0 0.0 0.0 3550.0
0.0 3.0 10.0 0.0 0.0 0.0 3566.6667
0.0 3.0 10.0 0.0 0.0 0.0 3583.3333
0.0 3.0 10.0 0.0 0.0 0.0 3600.0
0.0 3.0 10.0 0.0 0.0 0.0 3616.6667
0.0 3.0 10.0 0.0 0.0 0.0 3633.3333
0.0 3.0 10.0 0.0 0.0 0.0 3650.0
0.0 3.0 10.0 0.0 0.0 0.0 3666.6667
0.0 3.0 10.0 0.0 0.0 0.0 3683.3333
0.0 3.0 10.0 0.0 0.0 0.0 3700.0
0.0 3.0 10.0 0.0 0.0 0.0 3716.6667
0.0 3.0 10.0 0.0 0.0 0.0 3733.3333
0.0 3.0 10.0 0.0 0.0 0.0 3750.0
0.0 3.0 10.0 0.0 0.0 0.0 3766.6667
0.0 3.0 10.0 0.0 0.0 0.0 3783.3333
0.0 3.0 10.0 0.0 0.0 0.0 3800.0
0.0 3.0 10.0 0.0 0.0 0.0 3816.6667
0.0 3.0 10.0 0.0 0.0 0.0 3833.3333
0.0 3.0 10.0 0.0 0.0 0.0 3850.0
0.0 3.0 10.0 0.0 0.0 0.0 3866.6667
0.0 3.0 10.0 0.0 0.0 0.0 3883.3333
0.0 3.0 10.0 0.0 0.0 0.0 3900.0
0.0 3.0 10.0 0.0 0.0 0.0 3916.6667
0.0 3.0 10.0 0.0 0.0 0.0 3933.3333
0.0 3.0 10.0 0.0 0.0 0.0 3950.0
0.0 3.0 10.0 0.0 0.0 0.0 3966.6667
0.0 3.0 10.0 0.0 0.0 0.0 3983.3333
0.0 3.0 10.0 0.0 0.0 0.0 4000.0
0.0 3.0 10.0 0.0 0.0 0.0 4016.6667
0.0 3.0 10.0 0.0 0.0 0.0 4033.3333
0.0 3.0 10.0 0.0 0.0 0.0 4050.0
0.0 3.0 10.0 0.0 0.0 0.0 4066.6667
0.0 3.0 10.0 0.0 0.0 0.0 4083.3333
0.0 3.0 10.0 0.0 0.0 0.0 4100.0
0.0 3.0 10.0 0.0 0.0 0.0 4116.6667
0.0 3.0 10.0 0.0 0.0 0.0 4133.3333
0.0 3.0 10.0 0.0 0.0 0.0 4150.0
0.0 3.0 10.0 0.0 0.0 0.0 4166.6667
0.0 3.0 10.0 0.0 0.0 0.0 4183.3333
0.0 3.0 10.0 0.0 0.0 0.0 4200.0
0.0 3.0 10.0 0.0 0.0 0.0 4216.6667
0.0 3.0 10.0 0.0 0.0 0.0 4233.3333
0.0 3.0 10.0 0.0 0.0 0.0 4250.0
0.0 3.0 10.0 0.0 0.0 0.0 4266.6667
0.0 3.0 10.0 0.0 0.0 0.0 4283.3333
0.0 3.0 10.0 0.0 0.0 0.0 4300.0
0.0 3.0 10.0 0.0 0.0 0.0 4316.6667
0.0 3.0 10.0 0.0 0.0 0.0 4333.3333
0.0 3.0 10.0 0.0 0.0 0.0 4350.0
0.0 3.0 10.0 0.0 0.0 0.0 4366.6667
0.0 3.0 10.0 0.0 0.0 0.0 4383.3333
0.0 3.0 10.0 0.0 0.0 0.0 4400.0
0.0 3.0 10.0 0.0 0.0 0.0 4416.6667
0.0 3.0 10.0 0.0 0.0 0.0 4433.3333
0.0 3.0 10.0 0.0 0.0 0.0 4450.0
0.0 3.0 10.0 0.0 0.0 0.0 4466.6667
0.0 3.0 10.0 0.0 0.0 0.0 4483.3333
0.0 3.0 10.0 0.0 0.0 0.0 4500.0
0.0 3.0 10.0 0.0 0.0 0.0 4516.6667
0.0 3.0 10.0 0.0 0.0 0.0 4533.3333
0.0 3.0 10.0 0.0 0.0 0.0 4550.0
0.0 3.0 10.0 0.0 0.0 0.0 4566.6667
0.0 3.0 10.0 0.0 0.0 0.0 4583.3333
0.0 3.0 10.0 0.0 0.0 0.0 4600.0
0.0 3.0 10.0 0.0 0.0 0.0 4616.6667
0.0 3.0 10.0 0.0 0.0 0.0 4633.3333
0.0 3.0 10.0 0.0 0.0 0.0 4650.0
0.0 3.0 10.0 0.0 0.0 0.0 4666.6667
0.0 3.0 10.0 0.0 0.0 0.0 4683.3333
0.0 3.0 10.0 0.0 0.0 0.0 4700.0
0.0 3.0 10.0 0.0 0.0 0.0 4716.6667
0.0 3.0 10.0 0.0 0.0 0.0 4733.3333
0.0 3.0 10.0 0.0 0.0 0.0 4750.0
0.0 3.0 10.0 0.0 0.0 0.0 4766.6667
0.0 3.0 10.0 0.0 0.0 0.0 4783.3333
0.0 3.0 10.0 0.0 0.0 0.0 4800.0
0.0 3.0 10.0 0.0 0.0 0.0 4816.6667
0.0 3.0 10.0 0.0 0.0 0.0 4833.3333
0.0 3.0 10.0 0.0 0.0 0.0 4850.0
0.0 3.0 10.0 0.0 0.0 0.0 4866.6667
0.0 3.0 10.0 0.0 0.0 0.0 4883.3333
0.0 3.0 10.0 0.0 0.0 0.0 4900.0
0.0 3.0 10.0 0.0 0.0 0.0 4916.6667
0.0 3.0 10.0 0.0 0.0 0.0 4933.3333
0.0 3.0 10.0 0.0 0.0 0.0 4950.0
0.0 3.0 10.0 0.0 0.0 0.0 4966.6667
0.0 3.0 10.0 0.0 0.0 0.0 4983.3333
0.0 3.0 10.0 0.0 0.0 0.0 5000.0
0.0 3.0 10.0 0.0 0.0 0.0 5016.6667
0.0 3.0 10.0 0.0 0.0 0.0 5033.3333
0.0 3.0 10.0 0.0 0.0 0.0 5050.0
0.0 3.0 10.0 0.0 0.0 0.0 5066.6667
0.0 3.0 10.0 0.0 0.0 0.0 5083.3333
0.0 3.0 10.0 0.0 0.0 0.0 5100.0
0.0 3.0 10.0 0.0 0.0 0.0 5116.6667
0.0 3.0 10.0 0.0 0.0 0.0 5133.3333
0.0 3.0 10.0 0.0 0.0 0.0 5150.0
0.0 3.0 10.0 0.0 0.0 0.0 5166.6667
0.0 3.0 10.0 0.0 0.0 0.0 5183.3333
0.0 3.0 10.0 0.0 0.0 0.0 5200.0
0.0 3.0 10.0 0.0 0.0 0.0 5216.6667
0.0 3.0 10.0 0.0 0.0 0.0 5233.3333
0.0 3.0 10.0 0.0 0.0 0.0 5250.0
0.0 3.0 10.0 0.0 0.0 0.0 5266.6667
0.0 3.0 10.0 0.0 0.0 0.0 5283.3333
0.0 3.0 10.0 0.0 0.0 0.0 5300.0
0.0 3.0 10.0 0.0 0.0 0.0 5316.6667
0.0 3.0 10.0 0.0 0.0 0.0 5333.3333
0.0 3.0 10.0 0.0 0.0 0.0 5350.0
0.0 3.0 10.0 0.0 0.0 0.0 5366.6667
0.0 3.0 10.0 0.0 0.0 0.0 5383.3333
0.0 3.0 10.0 0.0 0.0 0.0 5400.0
0.0 3.0 10.0 0.0 0.0 0.0 5416.6667
0.0 3.0 10.0 0.0 0.0 0.0 5433.3333
0.0 3.0 10.0 0.0 0.0 0.0 5450.0
0.0 3.0 10.0 0.0 0.0 0.0 5466.6667
0.0 3.0 10.0 0.0 0.0 0.0 5483.3333
0.0 3.0 10.0 0.0 0.0 0.0 5500.0
0.0 3.0 10.0 0.0 0.0 0.0 5516.6667
0.0 3.0 10.0 0.0 0.0 0.0 5533.3333
0.0 3.0 10.0 0.0 0.0 0.0 5550.0
0.0 3.0 10.0 0.0 0.0 0.0 5566.6667
0.0 3.0 10.0 0.0 0.0 0.0 5583.3333
0.0 3.0 10.0 0.0 0.0 0.0 5600.0
0.0 3.0 10.0 0.0 0.0 0.0 5616.6667
0.0 3.0 10.0 0.0 0.0 0.0 5633.3333
0.0 3.0 10.0 0.0 0.0 0.0 5650.0
0.0 3.0 10.0 0.0 0.0 0.0 5666.6667
0.0 3.0 10.0 0.0 0.0 0.0 5683.3333
0.0 3.0 10.0 0.0 0.0 0.0 5700.0
0.0 3.0 10.0 0.0 0.0 0.0 5716.6667
0.0 3.0 10.0 0.0 0.0 0.0 5733.3333
0.0 3.0 10.0 0.0 0.0 0.0 5750.0
0.0 3.0 10.0 0.0 0.0 0.0 5766.6667
0.0 3.0 10.0 0.0 0.0 0.0 5783.3333
0.0 3.0 10.0 0.0 0.0 0.0 5800.0
0.0 3.0 10.0 0.0 0.0 0.0 5816.6667
0.0 3.0 10.0 0.0 0.0 0.0 5833.3333
0.0 3.0 10.0 0.0 0.0 0.0 5850.0
0.0 3.0 10.0 0.0 0.0 0.0 5866.6667
0.0 3.0 10.0 0.0 0.0 0.0 5883.3333
0.0 3.0 10.0 0.0 0.0 0.0 5900.0
0.0 3.0 10.0 0.0 0.0 0.0 5916.6667
0.0 3.0 10.0 0.0 0.0 0.0 5933.3333
0.0 3.0 10.0 0.0 0.0 0.0 5950.0
0.0 3.0 10.0 0.0 0.0 0.0 5966.6667
0.0 3.0 10.0 0.0 0.0 0.0 5983.3333
0.0 3.0 10.0 0.0 0.0 0.0 6000.0
0.0 3.0 10.0 0.0 0.0 0.0 6016.6667
0.0 3.0 10.0 0.0 0.0 0.0 6033.3333
0.0 3.0 10.0 0.0 0.0 0.0 6050.0
0.0 3.0 10.0 0.0 0.0 0.0 6066.6667
0.0 3.0 10.0 0.0 0.0 0.0 6083.3333
0.0 3.0 10.0 0.0 0.0 0.0 6100.0
0.0 3.0 10.0 0.0 0.0 0.0 6116.6667
0.0 3.0 10.0 0.0 0.0 0.0 6133.3333
0.0 3.0 10.0 0.0 0.0 0.0 6150.0
0.0 3.0 10.0 0.0 0.0 0.0 6166.6667
0.0 3.0 10.0 0.0 0.0 0.0 6183.3333
0.0 3.0 10.0 0.0 0.0 0.0 6200.0
0.0 3.0 10.0 0.0 0.0 0.0 6216.6667
0.0 3.0 10.0 0.0 0.0 0.0 6233.3333
0.0 3.0 10.0 0.0 0.0 0.0 6250.0
0.0 3.0 10.0 0.0 0.0 0.0 6266.6667
0.0 3.0 10.0 0.0 0.0 0.0 6283.3333
0.0 3.0 10.0 0.0 0.0 0.0 6300.0
0.0 3.0 10.0 0.0 0.0 0.0 6316.6667
0.0 3.0 10.0 0.0 0.0 0.0 6333.3333
0.0 3.0 10.0 0.0 0.0 0.0 6350.0
0.0 3.0 10.0 0.0 0.0 0.0 6366.6667
0.0 3.0 10.0 0.0 0.0 0.0 6383.3333
0.0 3.0 10.0 0.0 0.0 0.0 6400.0
0.0 3.0 10.0 0.0 0.0 0.0 6416.6667
0.0 3.0 10.0 0.0 0.0 0.0 6433.3333
0.0 3.0 10.0 0.0 0.0 0.0 6450.0
0.0 3.0 10.0 0.0 0.0 0.0 6466.6667
0.0 3.0 10.0 0.0 0.0 0.0 6483.3333
0.0 3.0 10.0 0.0 0.0 0.0 6500.0
0.0 3.0 10.0 0.0 0.0 0.0 6516.6667
0.0 3.0 10.0 0.0 0.0 0.0 6533.3333
0.0 3.0 10.0 0.0 0.0 0.0 6550.0
0.0 3.0 10.0 0.0 0.0 0.0 6566.6667
0.0 3.0 10.0 0.0 0.0 0.0 6583.3333
0.0 3.0 10.0 0.0 0.0 0.0 6600.0
0.0 3.0 10.0 0.0 0.0 0.0 6616.6667
0.0 3.0 10.0 0.0 0.0 0.0 6633.3333
0.0 3.0 10.0 0.0 0.0 0.0 6650.0
0.0 3.0 10.0 0.0 0.0 0.0 6666.6667
0.0 3.0 10.0 0.0 0.0 0.0 6683.3333
0.0 3.0 10.0 0.0 0.0 0.0 6700.0
0.0 3.0 10.0 0.0 0.0 0.0 6716.6667
0.0 3.0 10.0 0.0 0.0 0.0 6733.3333
0.0 3.0 10.0 0.0 0.0 0.0 6750.0
0.0 3.0 10.0 0.0 0.0 0.0 6766.6667
0.0 3.0 10.0 0.0 0.0 0.0 6783.3333
0.0 3.0 10.0 0.0 0.0 0.0 6800.0
0.0 3.0 10.0 0.0 0.0 0.0 6816.6667
0.0 3.0 10.0 0.0 0.0 0.0 6833.3333
0.0 3.0 10.0 0.0 0.0 0.0 6850.0
0.0 3.0 10.0 0.0 0.0 0.0 6866.6667
0.0 3.0 10.0 0.0 0.0 0.0 6883.3333
0.0 3.0 10.0 0.0 0.0 0.0 6900.0
0.0 3.0 10.0 0.0 0.0 0.0 6916.6667
0.0 3.0 10.0 0.0 0.0 0.0 6933.3333
0.0 3.0 10.0 0.0 0.0 0.0 6950.0
0.0 3.0 10.0 0.0 0.0 0.0 6966.6667
0.0 3.0 10.0 0.0 0.0 0.0 6983.3333
0.0 3.0 10.0 0.0 0.0 0.0 7000.0
0.0 3.0 10.0 0.0 0.0 0.0 7016.6667
0.0 3.0 10.0 0.0 0.0 0.0 7033.3333
0.0 3.0 10.0 0.0 0.0 0.0 7050.0
0.0 3.0 10.0 0.0 0.0 0.0 7066.6667
0.0 3.0 10.0 0.0 0.0 0.0 7083.3333
0.0 3.0 10.0 0.0 0.0 0.0 7100.0
0.0 3.0 10.0 0.0 0.0 0.0 7116.6667
0.0 3.0 10.0 0.0 0.0 0.0 7133.3333
0.0 3.0 10.0 0.0 0.0 0.0 7150.0
0.0 3.0 10.0 0.0 0.0 0.0 7166.6667
0.0 3.0 10.0 0.0 0.0 0.0 7183.3333
0.0 3.0 10.0 0.0 0.0 0.0 7200.0
0.0 3.0 10.0 0.0 0.0 0.0 7216.6667
0.0 3.0 10.0 0.0 0.0 0.0 7233.3333
0.0 3.0 10.0 0.0 0.0 0.0 7250.0
0.0 3.0 10.0 0.0 0.0 0.0 7266.6667
0.0 3.0 10.0 0.0 0.0 0.0 7283.3333
0.0 3.0 10.0 0.0 0.0 0.0 7300.0
0.0 3.0 10.0 0.0 0.0 0.0 7316.6667
0.0 3.0 10.0 0.0 0.0 0.0 7333.3333
0.0 3.0 10.0 0.0 0.0 0.0 7350.0
0.0 3.0 10.0 0.0 0.0 0.0 7366.6667
0.0 3.0 10.0 0.0 0.0 0.0 7383.3333
0.0 3.0 10.0 0.0 0.0 0.0 7400.0
0.0 3.0 10.0 0.0 0.0 0.0 7416.6667
0.0 3.0 10.0 0.0 0.0 0.0 7433.3333
0.0 3.0 10.0 0.0 0.0 0.0 7450.0
0.0 3.0 10.0 0.0 0.0 0.0 7466.6667
0.0 3.0 10.0 0.0 0.0 0.0 7483.3333
0.0 3.0 10.0 0.0 0.0 0.0 7500.0
0.0 3.0 10.0 0.0 0.0 0.0 7516.6667
0.0 3.0 10.0 0.0 0.0 0.0 7533.3333
0.0 3.0 10.0 0.0 0.0 0.0 7550.0
0.0 3.0 10.0 0.0 0.0 0.0 7566.6667
0.0 3.0 10.0 0.0 0.0 0.0 7583.3333
0.0 3.0 10.0 0.0 0.0 0.0 7600.0
0.0 3.0 10.0 0.0 0.0 0.0 7616.6667
0.0 3.0 10.0 0.0 0.0 0.0 7633.3333
0.0 3.0 10.0 0.0 0.0 0.0 7650.0
0.0 3.0 10.0 0.0 0.0 0.0 7666.6667
0.0 3.0 10.0 0.0 0.0 0.0 7683.3333
0.0 3.0 10.0 0.0 0.0 0.0 7700.0
0.0 3.0 10.0 0.0 0.0 0.0 7716.6667
0.0 3.0 10.0 0.0 0.0 0.0 7733.3333
0.0 3.0 10.0 0.0 0.0 0.0 7750.0
0.0 3.0 10.0 0.0 0.0 0.0 7766.6667
0.0 3.0 10.0 0.0 0.0 0.0 7783.3333
0.0 3.0 10.0 0.0 0.0 0.0 7800.0
0.0 3.0 10.0 0.0 0.0 0.0 7816.6667
0.0 3.0 10.0 0.0 0.0 0.0 7833.3333
0.0 3.0 10.0 0.0 0.0 0.0 7850.0
0.0 3.0 10.0 0.0 0.0 0.0 7866.6667
0.0 3.0 10.0 0.0 0.0 0.0 7883.3333
0.0 3.0 10.0 0.0 0.0 0.0 7900.0
0.0 3.0 10.0 0.0 0.0 0.0 7916.6667
0.0 3.0 10.0 0.0 0.0 0.0 7933.3333
0.0 3.0 10.0 0.0 0.0 0.0 7950.0
0.0 3.0 10.0 0.0 0.0 0.0 7966.6667
0.0 3.0 10.0 0.0 0.0 0.0 7983.3333
0.0 3.0 10.0 0.0 0.0 0.0 8000.0
0.0 3.0 10.0 0.0 0.0 0.0 8016.6667
0.0 3.0 10.0 0.0 0.0 0.0 8033.3333
0.0 3.0 10.0 0.0 0.0 0.0 8050.0
0.0 3.0 10.0 0.0 0.0 0.0 8066.6667
0.0 3.0 10.0 0.0 0.0 0.0 8083.3333
0.0 3.0 10.0 0.0 0.0 0.0 8100.0
0.0 3.0 10.0 0.0 0.0 0.0 8116.6667
0.0 3.0 10.0 0.0 0.0 0.0 8133.3333
0.0 3.0 10.0 0.0 0.0 0.0 8150.0
0.0 3.0 10.0 0.0 0.0 0.0 8166.6667
0.0 3.0 10.0 0.0 0.0 0.0 8183.3333
0.0 3.0 10.0 0.0 0.0 0.0 8200.0
0.0 3.0 10.0 0.0 0.0 0.0 8216.6667
0.0 3.0 10.0 0.0 0.0 0.0 8233.3333
0.0 3.0 10.0 0.0 0.0 0.0 8250.0
0.0 3.0 10.0 0.0 0.0 0.0 8266.6667
0.0 3.0 10.0 0.0 0.0 0.0 8283.3333
0.0 3.0 10.0 0.0 0.0 0.0 8300.0
