0.0 3.0 10.0 0.0 0.0 0.0 0.0
0.0 3.0 10.0 0.0 0.0 0.0 16.6667
0.0 3.0 10.0 0.0 0.0 0.0 33.3333
0.0 3.0 10.0 0.0 0.0 0.0 50.0
0.0 3.0 10.0 0.0 0.0 0.0 66.6667
0.0 3.0 10.0 0.0 0.0 0.0 83.3333
0.0 3.0 10.0 0.0 0.0 0.0 100.0
0.0 3.0 10.0 0.0 0.0 0.0 116.6667
0.0 3.0 10.0 0.0 0.0 0.0 133.3333
0.0 3.0 10.0 0.0 0.0 0.0 150.0
0.0 3.0 10.0 0.0 0.0 0.0 166.6667
0.0 3.0 10.0 0.0 0.0 0.0 183.3333
0.0 3.0 10.0 0.0 0.0 0.0 200.0
0.0 3.0 10.0 0.0 0.0 0.0 216.6667
0.0 3.0 10.0 0.0 0.0 0.0 233.3333
0.0 3.0 10.0 0.0 0.0 0.0 250.0
0.0 3.0 10.0 0.0 0.0 0.0 266.6667
0.0 3.0 10.0 0.0 0.0 0.0 283.3333
0.0 3.0 10.0001 0.0 0.0 0.0 300.0
0.0 3.0 9.9999 0.0 0.0 0.0 316.6667
0.0 3.0 10.0009 -0.1361 0.0 0.0 333.3333
-0.0002 2.9996 9.9792 -0.8643 0.3214 0.0008 350.0
-0.0006 2.9986 9.9424 -1.7167 0.75 0.0007 366.6667
-0.0014 2.9969 9.9089 -2.813 1.3928 0.0036 383.3333
-0.0027 2.9945 9.8769 -3.9277 2.0528 0.001 400.0
-0.0042 2.9915 9.842 -4.8333 2.5471 0.0006 416.6667
-0.006 2.9883 9.8094 -5.6508 2.9635 0.0004 433.3333
-0.0078 2.9846 9.7773 -6.4048 3.281 0.0002 450.0
-0.0092 2.9819 9.7535 -6.537 3.387 0.0 466.6667
-0.011 2.9785 9.7249 -6.6242 3.4581 0.0 483.3333
-0.0135 2.9738 9.6845 -6.7 3.4833 0.0 500.0
-0.0158 2.9691 9.6456 -6.75 3.5 0.0 516.6667
-0.0179 2.9651 9.6119 -6.75 3.5 0.0 533.3333
-0.02 2.9611 9.5774 -6.7529 3.5 0.0 550.0
-0.022 2.9571 9.5448 -6.8021 3.5 0.0 566.6667
-0.024 2.953 9.5107 -6.8652 3.5 0.0 583.3333
-0.0258 2.9496 9.4826 -7.0545 3.5 0.0 600.0
-0.0283 2.9443 9.4422 -7.3533 3.5 0.0 616.6667
-0.0303 2.94 9.4099 -7.5991 3.5 0.0 633.3333
-0.0324 2.9352 9.3754 -7.845 3.5 0.0 650.0
-0.0346 2.9301 9.3396 -8.101 3.5604 0.0001 666.6667
-0.0367 2.9251 9.3055 -8.2912 3.6 0.0 683.3333
-0.0385 2.9209 9.2771 -8.4462 3.6192 0.0 700.0
-0.0401 2.917 9.2521 -8.6048 3.6516 0.0 716.6667
-0.0422 2.9121 9.2204 -8.7238 3.6913 0.0 733.3333
-0.0444 2.9069 9.1866 -8.75 3.7 0.0 750.0
-0.0464 2.9019 9.1541 -8.75 3.7 0.0 766.6667
-0.0486 2.8968 9.1209 -8.75 3.7 0.0 783.3333
-0.0511 2.8909 9.0825 -8.75 3.7 0.0 800.0
-0.0535 2.8854 9.0465 -8.75 3.7 0.0 816.6667
-0.0554 2.8806 9.0156 -8.75 3.7 0.0 833.3333
-0.0572 2.8763 8.9877 -8.75 3.7 0.0 850.0
-0.0591 2.8719 8.9589 -8.75 3.7 0.0 866.6667
-0.0618 2.8651 8.9156 -8.75 3.7 0.0 883.3333
-0.0643 2.86 8.8822 -8.75 3.7 0.0 900.0
-0.0651 2.8549 8.8495 -8.75 3.7 0.0 916.6667
-0.0868 2.8511 8.8254 -8.75 3.7 0.0 933.3333
-0.1282 2.8456 8.7926 -8.75 3.7 0.0 950.0
-0.1711 2.8393 8.7545 -8.75 3.7 0.0 966.6667
-0.2031 2.8348 8.7269 -8.75 3.7 0.0 983.3333
-0.234 2.8304 8.6999 -8.75 3.7 0.0 1000.0
-0.2742 2.8246 8.6651 -8.75 3.7 0.0 1016.6667
-0.3081 2.8197 8.6356 -8.75 3.7 0.0 1033.3333
-0.3381 2.8154 8.6096 -8.75 3.7 0.0 1050.0
-0.3754 2.8101 8.5772 -8.75 3.7 0.0 1066.6667
-0.4102 2.8051 8.547 -8.75 3.7 0.0 1083.3333
-0.4499 2.7994 8.5125 -8.75 3.7 0.0 1100.0
-0.4864 2.7942 8.4809 -8.75 3.7 0.0 1116.6667
-0.5194 2.7894 8.4522 -8.75 3.7 0.0 1133.3333
-0.5563 2.7842 8.4202 -8.75 3.7 0.0 1150.0
-0.589 2.7795 8.3917 -8.75 3.7 0.0 1166.6667
-0.626 2.7742 8.3596 -8.75 3.7 0.0 1183.3333
-0.6685 2.7681 8.3228 -8.75 3.7 0.0 1200.0
-0.7023 2.7633 8.2934 -8.75 3.7 0.0 1216.6667
-0.7318 2.759 8.2678 -8.75 3.7 0.0 1233.3333
-0.7653 2.7541 8.2387 -8.75 3.7 0.0 1250.0
-0.8024 2.7489 8.2066 -8.75 3.7 0.0 1266.6667
-0.8386 2.7437 8.175 -8.75 3.7 0.0 1283.3333
-0.8806 2.7377 8.1386 -8.75 3.65 0.0 1300.0
-0.9073 2.7339 8.1153 -8.75 3.65 0.0 1316.6667
-0.941 2.729 8.086 -8.75 3.65 0.0 1333.3333
-0.9788 2.7236 8.0531 -8.75 3.6065 0.0 1350.0
-1.0087 2.7193 8.027 -8.75 3.5424 0.0 1366.6667
-1.039 2.715 8.0005 -8.75 3.5076 0.0 1383.3333
-1.0845 2.7084 7.9607 -8.75 3.5 0.0 1400.0
-1.1119 2.7045 7.9367 -8.75 3.4703 0.0 1416.6667
-1.1458 2.6995 7.9069 -8.7716 3.3637 0.0 1433.3333
-1.1902 2.6931 7.8676 -8.8194 3.0944 0.0 1450.0
-1.2282 2.6875 7.8334 -8.8702 2.7083 0.0 1466.6667
-1.2649 2.682 7.8 -8.9362 2.2464 -0.0001 1483.3333
-1.2944 2.6775 7.7724 -9.0125 1.75 0.0 1500.0
-1.3289 2.6722 7.7399 -9.1049 1.3704 0.0 1516.6667
-1.3482 2.6692 7.7216 -9.1358 1.1852 0.0 1533.3333
-1.3765 2.6646 7.6944 -9.195 0.95 -0.0001 1550.0
-1.4217 2.6575 7.6508 -9.2783 0.6722 -0.0001 1566.6667
-1.4669 2.6501 7.6069 -9.3949 0.4103 0.0 1583.3333
-1.4858 2.647 7.5884 -9.4276 0.3448 0.0 1600.0
-1.5101 2.643 7.5645 -9.4762 0.2476 -0.0001 1616.6667
-1.5594 2.6348 7.5159 -9.5952 0.0095 0.0 1633.3333
-1.5992 2.6281 7.4766 -9.6133 -0.17 0.0 1650.0
-1.6355 2.622 7.4404 -9.7108 -0.3324 0.0 1666.6667
-1.6674 2.6165 7.4083 -9.7598 -0.499 0.0 1683.3333
-1.7004 2.6108 7.375 -9.8187 -0.7562 0.0 1700.0
-1.734 2.605 7.3406 -9.9102 -1.0509 0.0 1716.6667
-1.764 2.5996 7.3097 -9.9569 -1.2775 0.0 1733.3333
-1.7963 2.5939 7.2762 -10.0062 -1.4688 0.0 1750.0
-1.8303 2.5878 7.2409 -10.0578 -1.6236 0.0 1766.6667
-1.8613 2.5822 7.2083 -10.1061 -1.7624 0.0 1783.3333
-1.8897 2.577 7.1786 -10.15 -1.8501 0.0 1800.0
-1.9232 2.5709 7.1431 -10.252 -2.006 0.0 1816.6667
-1.9559 2.5648 7.1084 -10.3011 -2.1512 0.0 1833.3333
-1.9905 2.5583 7.0717 -10.3529 -2.2058 0.0 1850.0
-2.0049 2.5557 7.0566 -10.3767 -2.2534 0.0 1866.6667
-2.02 2.5527 7.0402 -10.41 -2.3106 -0.0001 1883.3333
-2.0571 2.5449 6.9994 -10.9099 -2.8344 -0.0025 1900.0
-2.1032 2.5351 6.9485 -11.41 -3.3582 -0.0004 1916.6667
-2.1415 2.5269 6.9059 -11.5937 -3.5918 0.0 1933.3333
-2.1749 2.5197 6.8686 -11.6421 -3.6843 0.0 1950.0
-2.2002 2.5142 6.8403 -11.6825 -3.7652 0.0 1966.6667
-2.2298 2.5078 6.8073 -11.7 -3.8001 0.0 1983.3333
-2.2647 2.5002 6.7683 -11.7 -3.8001 0.0 2000.0
-2.298 2.493 6.731 -11.7 -3.8001 0.0 2016.6667
-2.3302 2.486 6.695 -11.7 -3.8001 0.0 2033.3333
-2.3615 2.4792 6.66 -11.7 -3.8001 0.0 2050.0
-2.3949 2.4719 6.6226 -11.7117 -3.8001 0.0 2066.6667
-2.4251 2.4653 6.5888 -11.75 -3.8001 0.0 2083.3333
-2.4609 2.4575 6.5489 -11.75 -3.8001 0.0 2100.0
-2.4857 2.4521 6.521 -11.7539 -3.804 0.0 2116.6667
-2.5175 2.445 6.4854 -11.8524 -3.9037 0.0 2133.3333
-2.554 2.4369 6.4444 -11.9588 -4.0677 0.0 2150.0
-2.5834 2.4303 6.4111 -12.014 -4.1781 0.0 2166.6667
-2.6114 2.424 6.3792 -12.1009 -4.3537 0.0 2183.3333
-2.6398 2.4174 6.3465 -12.1472 -4.5389 0.0 2200.0
-2.6695 2.4105 6.3119 -12.2422 -4.9647 0.0 2216.6667
-2.7012 2.403 6.2742 -12.3458 -5.7667 0.0 2233.3333
-2.7343 2.395 6.2343 -12.3529 -5.9765 0.0 2250.0
-2.763 2.3881 6.1992 -12.4 -6.4045 0.0 2266.6667
-2.7852 2.3826 6.1718 -12.4 -6.5182 0.0 2283.3333
-2.8102 2.3766 6.1411 -12.4 -6.58 0.0 2300.0
-2.8436 2.3685 6.0999 -12.4 -6.6 0.0 2316.6667
-2.8807 2.3594 6.0543 -12.4 -6.6262 0.0 2333.3333
-2.9116 2.3518 6.016 -12.4 -6.6708 0.0 2350.0
-2.9345 2.3462 5.9877 -12.4 -6.7111 0.0 2366.6667
-2.955 2.3413 5.9624 -12.4 -6.7806 0.0 2383.3333
-2.9856 2.3337 5.9242 -12.4 -6.85 0.0 2400.0
-3.0206 2.3251 5.8807 -12.4 -6.9146 0.0 2416.6667
-3.0519 2.3175 5.8417 -12.4 -6.95 0.0 2433.3333
-3.0808 2.3104 5.8056 -12.387 -6.9892 0.0 2450.0
-3.1079 2.3038 5.7717 -12.3507 -7.0979 0.0 2466.6667
-3.1403 2.2957 5.7308 -12.35 -7.1455 0.0 2483.3333
-3.1684 2.2889 5.6956 -12.35 -7.1501 0.0 2500.0
-3.2044 2.28 5.6502 -12.35 -7.1501 0.0 2516.6667
-3.2235 2.2753 5.6263 -12.35 -7.1501 0.0 2533.3333
-3.2515 2.2685 5.5911 -12.35 -7.179 0.0 2550.0
-3.2842 2.2604 5.5498 -12.3312 -7.2755 0.0 2566.6667
-3.3125 2.2535 5.5138 -12.3 -7.4207 0.0 2583.3333
-3.3434 2.2458 5.4746 -12.2941 -7.5619 0.0 2600.0
-3.3716 2.2389 5.4384 -12.25 -7.6814 0.0 2616.6667
-3.4008 2.2316 5.4007 -12.25 -7.9624 0.0 2633.3333
-3.4258 2.2254 5.3682 -12.25 -8.0501 0.0 2650.0
-3.4594 2.2169 5.324 -12.25 -8.4279 0.0 2666.6667
-3.4849 2.2105 5.2899 -12.25 -8.7099 0.0 2683.3333
-3.5122 2.2035 5.253 -12.25 -9.2001 0.0 2700.0
-3.5385 2.1968 5.217 -12.25 -9.6168 0.0 2716.6667
-3.5668 2.1891 5.1761 -12.3853 -11.003 -0.0002 2733.3333
-3.5921 2.1823 5.1387 -12.4 -11.5448 0.0 2750.0
-3.6185 2.1749 5.0989 -12.4 -12.0855 0.0 2766.6667
-3.6451 2.1674 5.0583 -12.4 -12.3668 0.0 2783.3333
-3.6734 2.1595 5.0149 -12.4 -12.5868 0.0 2800.0
-3.6968 2.1528 4.9788 -12.4 -12.7238 0.0 2816.6667
-3.7137 2.1481 4.9527 -12.3394 -12.7804 0.0 2833.3333
-3.7419 2.1402 4.9089 -12.2467 -12.9068 0.0 2850.0
-3.7697 2.1324 4.8654 -12.178 -13.066 0.0 2866.6667
-3.7915 2.1263 4.831 -12.0922 -13.2079 0.0001 2883.3333
-3.8196 2.1186 4.7865 -11.9026 -13.4133 0.0001 2900.0
-3.845 2.1116 4.7458 -11.7569 -13.5932 0.0001 2916.6667
-3.8672 2.1055 4.7101 -11.5616 -13.8142 0.0002 2933.3333
-3.8811 2.1018 4.6872 -11.3693 -14.1347 0.0002 2950.0
-3.9132 2.0932 4.6337 -11.1223 -14.4634 0.0001 2966.6667
-3.9441 2.0851 4.582 -10.9267 -14.7043 0.0001 2983.3333
-3.9666 2.0792 4.5441 -10.8295 -14.8615 0.0 3000.0
-3.9895 2.0732 4.5051 -10.7796 -14.9807 0.0 3016.6667
-4.0107 2.0676 4.4689 -10.6942 -15.1118 0.0 3033.3333
-4.0303 2.0625 4.4354 -10.6525 -15.1951 0.0 3050.0
-4.06 2.0548 4.3843 -10.5456 -15.3568 0.0 3066.6667
-4.085 2.0483 4.3409 -10.4449 -15.5102 0.0 3083.3333
-4.1014 2.044 4.3122 -10.4087 -15.5827 0.0 3100.0
-4.1235 2.0384 4.2736 -10.2493 -15.8112 0.0002 3116.6667
-4.1513 2.0313 4.2239 -10.0632 -16.0369 0.0001 3133.3333
-4.1736 2.0258 4.1841 -9.8891 -16.2131 0.0 3150.0
-4.188 2.0222 4.1584 -9.708 -16.4305 0.0001 3166.6667
-4.2248 2.0132 4.0903 -9.2972 -16.9529 0.0 3183.3333
-4.2454 2.0083 4.052 -9.1583 -17.0918 0.0 3200.0
-4.2664 2.0035 4.0123 -8.8736 -17.4687 0.0001 3216.6667
-4.2904 1.9978 3.9659 -8.6472 -17.9094 0.0 3233.3333
-4.3101 1.9933 3.9272 -8.5083 -18.3723 0.0 3250.0
-4.3292 1.9889 3.8889 -8.2939 -18.9361 0.0002 3266.6667
-4.3414 1.9861 3.8635 -8.0559 -19.8556 0.0012 3283.3333
-4.3614 1.9814 3.8183 -7.7717 -20.9929 0.0008 3300.0
-4.3872 1.9753 3.7574 -7.401 -22.3668 0.0027 3316.6667
-4.4024 1.9717 3.7174 -7.0155 -23.745 0.0003 3333.3333
-4.415 1.9686 3.6828 -6.7338 -25.0572 0.001 3350.0
-4.4298 1.9649 3.6387 -6.513 -26.5138 0.0007 3366.6667
-4.444 1.9612 3.5931 -6.3013 -27.9545 0.001 3383.3333
-4.4577 1.9573 3.5424 -6.0252 -29.5783 0.0027 3400.0
-4.4695 1.9538 3.4938 -5.7185 -31.2841 0.0004 3416.6667
-4.4773 1.9514 3.4584 -5.52 -32.4349 0.0003 3433.3333
-4.4886 1.9478 3.4054 -5.4 -33.1 0.0 3450.0
-4.5004 1.944 3.3484 -5.2711 -33.5851 0.0002 3466.6667
-4.5077 1.9415 3.3101 -5.1405 -34.1913 0.0001 3483.3333
-4.5149 1.939 3.2709 -5.0215 -34.7071 0.0001 3500.0
-4.5237 1.9359 3.2191 -4.8293 -35.3979 0.0002 3516.6667
-4.5302 1.9335 3.1791 -4.7349 -35.8258 0.0001 3533.3333
-4.5381 1.9306 3.1274 -4.6055 -36.2842 0.0003 3550.0
-4.5467 1.9273 3.0678 -4.4377 -36.9333 0.0003 3566.6667
-4.5521 1.925 3.0265 -4.3167 -37.5667 0.0001 3583.3333
-4.5564 1.9232 2.9913 -4.2381 -37.96 0.0001 3600.0
-4.5615 1.921 2.9472 -4.1381 -38.46 0.0002 3616.6667
-4.5671 1.9183 2.8945 -4.009 -39.1059 0.0003 3633.3333
-4.5711 1.916 2.8455 -3.8082 -40.3286 0.0017 3650.0
-4.5737 1.9139 2.798 -3.5972 -41.722 0.0004 3666.6667
-4.5755 1.9117 2.747 -3.4077 -43.0521 0.0012 3683.3333
-4.5758 1.91 2.6993 -3.1798 -44.4854 0.0005 3700.0
-4.5757 1.9083 2.6541 -3.0168 -45.3501 0.0002 3716.6667
-4.5744 1.9065 2.6041 -2.862 -46.4723 0.0013 3733.3333
-4.572 1.9049 2.5561 -2.6304 -47.9326 0.0006 3750.0
-4.5691 1.9037 2.5134 -2.4351 -48.8644 0.0008 3766.6667
-4.5644 1.9021 2.4609 -2.1347 -50.3168 0.0018 3783.3333
-4.5594 1.9013 2.4201 -1.8417 -51.7089 0.0007 3800.0
-4.5525 1.9003 2.3688 -1.6285 -52.6364 0.0001 3816.6667
-4.5463 1.8994 2.3252 -1.5006 -53.1668 0.0008 3833.3333
-4.5398 1.8988 2.2863 -1.25 -54.2501 0.0 3850.0
-4.5297 1.8983 2.2346 -0.809 -56.0148 0.0002 3866.6667
-4.5185 1.898 2.1806 -0.5696 -56.8922 0.0003 3883.3333
-4.5096 1.8978 2.141 -0.35 -57.5501 0.0 3900.0
-4.4991 1.8976 2.0961 -0.203 -58.1874 0.0 3916.6667
-4.4879 1.8976 2.0432 -0.0326 -58.7409 0.0001 3933.3333
-4.5044 1.8976 2.0201 0.0925 -59.0326 0.0 3950.0
-4.5147 1.8976 2.0073 0.2075 -59.4283 0.0006 3966.6667
-4.528 1.8976 1.9799 0.3261 -59.8554 0.0002 3983.3333
-4.5542 1.8976 1.9344 0.4641 -60.4072 0.0002 4000.0
-4.5725 1.8976 1.901 0.6673 -61.2549 0.0002 4016.6667
-4.5853 1.8976 1.8771 0.7468 -61.7311 0.0 4033.3333
-4.6015 1.8976 1.8463 0.8388 -62.1945 0.0001 4050.0
-4.6133 1.8976 1.8237 0.85 -62.7041 0.0 4066.6667
-4.6302 1.8976 1.789 0.9233 -63.8965 0.0005 4083.3333
-4.6475 1.8976 1.7524 0.95 -64.6251 0.0 4100.0
-4.6589 1.8976 1.7274 0.9656 -65.1914 0.0003 4116.6667
-4.6691 1.8976 1.7045 1.0382 -66.061 0.0003 4133.3333
-4.6852 1.8976 1.6664 1.05 -66.939 0.0 4150.0
-4.698 1.8976 1.6351 1.05 -67.8207 0.0 4166.6667
-4.7129 1.8976 1.5967 1.05 -68.9988 0.0 4183.3333
-4.7224 1.8976 1.5705 1.05 -69.7301 0.0 4200.0
-4.7345 1.8976 1.537 1.05 -70.2379 0.0 4216.6667
-4.743 1.8976 1.5128 1.05 -70.748 0.0 4233.3333
-4.7515 1.8976 1.487 1.0844 -71.4001 0.0006 4250.0
-4.7643 1.8976 1.447 1.15 -72.1811 0.0 4266.6667
-4.7767 1.8976 1.4075 1.1894 -72.6491 0.0002 4283.3333
-4.7853 1.8976 1.3794 1.2829 -73.0168 0.0004 4300.0
-4.7937 1.8976 1.3509 1.35 -73.4691 0.0 4316.6667
-4.8049 1.8976 1.3128 1.35 -73.6203 0.0 4333.3333
-4.8126 1.8976 1.2863 1.3649 -73.8301 0.0001 4350.0
-4.8212 1.8976 1.2563 1.4483 -73.9968 0.0 4366.6667
-4.83 1.8976 1.2251 1.45 -74.215 0.0 4383.3333
-4.8394 1.8976 1.1913 1.45 -74.456 0.0 4400.0
-4.8493 1.8976 1.1552 1.5257 -74.7658 0.0002 4416.6667
-4.8573 1.8976 1.1248 1.55 -75.0785 0.0 4433.3333
-4.8648 1.8976 1.0959 1.55 -75.4112 0.0 4450.0
-4.8735 1.8976 1.0611 1.55 -75.9256 0.0 4466.6667
-4.8816 1.8976 1.0269 1.55 -76.5571 0.0 4483.3333
-4.8881 1.8976 0.9989 1.55 -76.908 0.0 4500.0
-4.8963 1.8976 0.9629 1.55 -77.2923 0.0 4516.6667
-4.9005 1.8976 0.9445 1.5238 -77.4582 -0.0002 4533.3333
-4.9058 1.8976 0.9196 1.4948 -77.6369 -0.0001 4550.0
-4.9161 1.8976 0.871 1.4509 -77.944 0.0 4566.6667
-4.9233 1.8976 0.8365 1.3212 -78.165 -0.0002 4583.3333
-4.9316 1.8976 0.7967 1.2067 -78.2468 0.0 4600.0
-4.9388 1.8976 0.7624 1.1021 -78.2501 0.0 4616.6667
-4.9459 1.8976 0.7283 0.9983 -78.1976 0.0 4633.3333
-4.9515 1.8976 0.7016 0.9149 -78.0726 0.0001 4650.0
-4.9588 1.8976 0.6678 0.8572 -77.8793 0.0001 4666.6667
-4.9639 1.8976 0.644 0.8188 -77.8189 0.0 4683.3333
-4.9706 1.8976 0.6131 0.7634 -77.691 0.0003 4700.0
-4.9797 1.8976 0.5727 0.7 -77.4834 0.0 4716.6667
-4.9872 1.8976 0.5381 0.7 -77.2096 0.0 4733.3333
-4.9985 1.8976 0.5017 0.7 -76.4766 0.0 4750.0
-4.9953 1.8977 0.4669 0.7 -75.8783 0.0 4766.6667
-4.9687 1.8981 0.4255 0.7 -74.7683 0.0 4783.3333
-4.9542 1.8984 0.397 0.7 -73.6834 0.0 4800.0
-4.9406 1.8987 0.3713 0.7 -73.4057 0.0 4816.6667
-4.9137 1.8992 0.3214 0.7 -73.1053 0.0 4833.3333
-4.8814 1.8997 0.26 0.7 -72.8084 0.0 4850.0
-4.8633 1.9001 0.2256 0.7 -72.6739 0.0 4866.6667
-4.8425 1.9005 0.1857 0.7 -72.5549 0.0 4883.3333
-4.8194 1.901 0.1404 0.7802 -72.1102 -0.0002 4900.0
-4.8088 1.9013 0.1197 0.8188 -71.8325 -0.0001 4916.6667
-4.7982 1.9015 0.0983 0.8432 -71.6119 -0.0001 4933.3333
-4.7643 1.9023 0.0292 0.85 -71.2659 0.0 4950.0
-4.7344 1.9031 -0.0323 0.8986 -70.9068 -0.0003 4966.6667
-4.7163 1.9036 -0.0701 0.95 -70.6297 0.0 4983.3333
-4.696 1.9041 -0.113 0.9945 -70.3384 -0.0004 5000.0
-4.6762 1.9048 -0.1559 1.1294 -69.8189 -0.0002 5016.6667
-4.6568 1.9055 -0.1989 1.2259 -69.2208 -0.0005 5033.3333
-4.6423 1.9061 -0.2326 1.3102 -68.3527 -0.0002 5050.0
-4.6261 1.9068 -0.2716 1.4771 -67.561 -0.0004 5066.6667
-4.6027 1.9082 -0.3338 1.7053 -65.4762 -0.0001 5083.3333
-4.5866 1.9095 -0.3801 1.9563 -64.294 -0.0001 5100.0
-4.5712 1.9107 -0.4261 2.0695 -63.3138 -0.0006 5116.6667
-4.5608 1.9117 -0.4606 2.2594 -61.9502 -0.0012 5133.3333
-4.5475 1.9134 -0.5127 2.4936 -59.9981 -0.0046 5150.0
-4.5344 1.9154 -0.5706 2.7009 -57.9669 -0.001 5166.6667
-4.5249 1.9171 -0.6182 2.8 -56.4039 0.0 5183.3333
-4.516 1.9188 -0.6665 2.8237 -55.5355 -0.0002 5200.0
-4.5074 1.9206 -0.7164 2.9 -54.8474 0.0 5216.6667
-4.4992 1.9225 -0.7681 2.9 -54.1413 0.0 5233.3333
-4.49 1.9247 -0.8298 2.9 -53.4569 0.0 5250.0
-4.482 1.9268 -0.8873 2.9 -52.8502 0.0 5266.6667
-4.4752 1.9288 -0.944 2.9 -52.0002 0.0 5283.3333
-4.4688 1.9309 -0.9992 2.9 -51.6213 0.0 5300.0
-4.4631 1.9326 -1.0506 2.9 -51.3585 0.0 5316.6667
-4.4573 1.9346 -1.1062 2.9 -50.9986 0.0 5333.3333
-4.4529 1.9363 -1.1505 2.9 -50.8002 0.0 5350.0
-4.4466 1.9388 -1.2195 2.9 -50.212 0.0 5366.6667
-4.4417 1.9409 -1.2778 2.9 -49.928 0.0 5383.3333
-4.4363 1.9432 -1.3437 2.9 -49.7002 0.0 5400.0
-4.4323 1.945 -1.3948 2.9 -49.5335 0.0 5416.6667
-4.4294 1.9463 -1.4293 2.9 -49.2286 0.0 5433.3333
-4.4275 1.9477 -1.4708 2.8649 -48.5534 0.0017 5450.0
-4.4273 1.9498 -1.5356 2.6749 -46.3491 0.0042 5466.6667
-4.4286 1.952 -1.6066 2.4937 -44.3835 0.0011 5483.3333
-4.4314 1.9539 -1.6743 2.3205 -42.9252 0.0005 5500.0
-4.4358 1.9557 -1.7432 2.1775 -41.528 0.0004 5516.6667
-4.4397 1.9571 -1.7959 2.0832 -40.8502 0.0002 5533.3333
-4.4448 1.9586 -1.8543 2.0249 -40.1502 0.0001 5550.0
-4.4519 1.9603 -1.9235 2.0 -39.4419 0.0 5566.6667
-4.458 1.9619 -1.9925 1.9755 -38.9791 0.0 5583.3333
-4.4699 1.9631 -2.0444 1.95 -38.7552 0.0 5600.0
-4.4749 1.9639 -2.0781 1.95 -38.6719 0.0 5616.6667
-4.4405 1.9659 -2.1261 1.95 -38.6091 0.0 5633.3333
-4.416 1.9672 -2.1555 1.95 -38.6002 0.0 5650.0
-4.3894 1.9686 -2.1897 1.95 -38.5569 0.0 5666.6667
-4.3527 1.9707 -2.2356 1.95 -38.4824 0.0 5683.3333
-4.3195 1.9725 -2.2776 1.95 -38.4002 0.0 5700.0
-4.2899 1.9741 -2.315 1.95 -38.3301 0.0 5716.6667
-4.2647 1.9755 -2.347 1.95 -38.3002 0.0 5733.3333
-4.2337 1.9772 -2.3863 1.95 -38.3002 0.0 5750.0
-4.2054 1.9788 -2.4221 1.95 -38.2898 0.0 5766.6667
-4.1696 1.9807 -2.4676 1.9431 -38.1865 0.0 5783.3333
-4.1397 1.9823 -2.5057 1.9 -38.0767 0.0 5800.0
-4.1097 1.984 -2.5443 1.8954 -37.8863 0.0 5816.6667
-4.0812 1.9854 -2.5811 1.8478 -37.7446 0.0 5833.3333
-4.0475 1.9871 -2.6251 1.75 -37.4835 0.0 5850.0
-4.0197 1.9886 -2.6616 1.7447 -37.3309 0.0 5866.6667
-3.9903 1.9899 -2.7008 1.6131 -36.8484 0.0001 5883.3333
-3.9623 1.9911 -2.7391 1.4419 -36.2081 0.0003 5900.0
-3.9285 1.9923 -2.7868 1.219 -35.2359 0.0002 5916.6667
-3.9017 1.9932 -2.8266 1.0295 -34.2983 0.0003 5933.3333
-3.8775 1.9938 -2.86 0.7545 -33.3102 0.0009 5950.0
-3.8587 1.9941 -2.9028 0.4611 -31.8835 0.0012 5966.6667
-3.7988 1.9943 -2.9328 0.206 -30.3891 0.0009 5983.3333
-3.7191 1.9943 -2.952 0.0547 -28.6927 0.0006 6000.0
-3.6601 1.9943 -2.973 -0.0119 -27.046 0.0001 6016.6667
-3.6029 1.9942 -2.9926 -0.0465 -26.0044 0.0 6033.3333
-3.5318 1.9942 -3.0187 -0.05 -25.0002 0.0 6050.0
-3.4636 1.9941 -3.0445 -0.05 -24.2627 0.0 6066.6667
-3.3813 1.9941 -3.0767 -0.05 -23.6258 0.0 6083.3333
-3.3202 1.9941 -3.1009 -0.05 -23.3897 0.0 6100.0
-3.2755 1.994 -3.1185 -0.05 -23.2881 0.0 6116.6667
-3.1996 1.994 -3.1493 -0.05 -23.0121 0.0 6133.3333
-3.1177 1.994 -3.1828 -0.05 -22.7306 0.0 6150.0
-3.0565 1.9939 -3.2082 -0.05 -22.502 0.0 6166.6667
-2.9855 1.9938 -3.2382 -0.05 -22.1502 0.0 6183.3333
-2.9058 1.9938 -3.2721 -0.05 -21.8893 0.0 6200.0
-2.8498 1.9937 -3.2961 -0.05 -21.8531 0.0 6216.6667
-2.764 1.9937 -3.3338 -0.05 -21.366 0.0 6233.3333
-2.6814 1.9936 -3.3703 -0.05 -21.1058 0.0 6250.0
-2.6128 1.9936 -3.4015 -0.05 -20.9274 0.0 6266.6667
-2.539 1.9936 -3.4332 -0.05 -20.7724 0.0 6283.3333
-2.4943 1.9935 -3.4602 -0.05 -20.6002 0.0 6300.0
-2.4881 1.9935 -3.4966 -0.05 -20.3919 0.0 6316.6667
-2.4629 1.9934 -3.5725 -0.05 -19.9188 0.0 6333.3333
-2.4424 1.9933 -3.6295 -0.05 -19.112 0.0 6350.0
-2.422 1.9932 -3.6917 -0.0952 -18.2669 0.0 6366.6667
-2.4083 1.9932 -3.7334 -0.1 -17.7849 0.0 6383.3333
-2.3935 1.9929 -3.7851 -0.2203 -16.8102 0.0012 6400.0
-2.3763 1.9925 -3.8459 -0.4117 -15.6069 0.0 6416.6667
-2.3642 1.992 -3.8913 -0.4894 -15.1041 0.0008 6433.3333
-2.3499 1.9909 -3.9548 -0.962 -12.7462 0.0001 6450.0
-2.3407 1.99 -3.9989 -1.1622 -11.8462 0.0007 6466.6667
-2.3305 1.9887 -4.0539 -1.3019 -10.7761 0.0003 6483.3333
-2.3191 1.987 -4.1225 -1.35 -9.5397 0.0 6500.0
-2.3104 1.9857 -4.1804 -1.3667 -8.6002 0.0 6516.6667
-2.3018 1.9841 -4.2411 -1.4 -8.3431 0.0 6533.3333
-2.2926 1.9828 -4.2936 -1.4 -8.2354 0.0 6550.0
-2.2882 1.9821 -4.3254 -1.4 -8.2045 0.0 6566.6667
-2.2811 1.9802 -4.4004 -1.4 -8.2002 0.0 6583.3333
-2.2205 1.9787 -4.4522 -1.4 -8.112 0.0 6600.0
-2.1746 1.9779 -4.4834 -1.4 -8.0002 0.0 6616.6667
-2.0985 1.9761 -4.5432 -1.4311 -7.7946 0.0 6633.3333
-2.0268 1.9745 -4.5978 -1.45 -7.3335 0.0 6650.0
-1.9587 1.9729 -4.652 -1.45 -6.7383 0.0 6666.6667
-1.8906 1.9714 -4.7066 -1.45 -6.2402 0.0 6683.3333
-1.8393 1.9702 -4.7485 -1.4688 -5.7752 0.0001 6700.0
-1.7699 1.9685 -4.8065 -1.5 -5.1558 0.0 6716.6667
-1.7093 1.9671 -4.8574 -1.5208 -4.6835 0.0 6733.3333
-1.6613 1.9658 -4.9001 -1.5632 -4.266 0.0001 6750.0
-1.603 1.9643 -4.9487 -1.6 -3.711 0.0 6766.6667
-1.5504 1.9628 -5.0027 -1.6 -3.4535 0.0 6783.3333
-1.551 1.961 -5.0641 -1.6 -3.178 0.0 6800.0
-1.5465 1.9594 -5.1196 -1.6 -3.0913 0.0 6816.6667
-1.5438 1.9578 -5.1779 -1.6 -3.0502 0.0 6833.3333
-1.5418 1.9569 -5.2138 -1.6 -3.0502 0.0 6850.0
-1.5382 1.9549 -5.2808 -1.6 -3.0502 0.0 6866.6667
-1.5353 1.9534 -5.3348 -1.6 -3.0502 0.0 6883.3333
-1.5322 1.9518 -5.3937 -1.6 -3.0502 0.0 6900.0
-1.5285 1.9499 -5.4617 -1.6 -3.0502 0.0 6916.6667
-1.526 1.9485 -5.5117 -1.6 -3.0502 0.0 6933.3333
-1.5223 1.9467 -5.5743 -1.6 -3.0502 0.0 6950.0
-1.5203 1.9449 -5.6388 -1.6 -3.0502 0.0 6966.6667
-1.5034 1.9431 -5.7028 -1.6 -3.0502 0.0 6983.3333
-1.442 1.9418 -5.7469 -1.6 -3.0502 0.0 7000.0
-1.3728 1.9399 -5.8106 -1.6 -3.0502 0.0 7016.6667
-1.3181 1.9385 -5.8591 -1.6 -3.0502 0.0 7033.3333
-1.2508 1.9367 -5.9202 -1.6 -3.0502 0.0 7050.0
-1.1935 1.9352 -5.9701 -1.6 -3.0502 0.0 7066.6667
-1.1363 1.9336 -6.0257 -1.6 -3.0502 0.0 7083.3333
-1.1363 1.9318 -6.0881 -1.6 -3.0502 0.0 7100.0
-1.134 1.9307 -6.1271 -1.6 -3.0502 0.0 7116.6667
-1.1294 1.9291 -6.1839 -1.6246 -3.001 0.0 7133.3333
-1.1264 1.9271 -6.2533 -1.695 -2.8902 0.0001 7150.0
-1.1234 1.925 -6.3141 -1.875 -2.7002 0.0002 7166.6667
-1.1209 1.9226 -6.3744 -2.299 -2.4012 0.0001 7183.3333
-1.1188 1.9201 -6.432 -2.5375 -2.1627 0.0001 7200.0
-1.1167 1.9172 -6.4932 -2.7216 -1.9571 0.0 7216.6667
-1.115 1.9145 -6.5478 -2.8088 -1.7827 0.0 7233.3333
-1.1135 1.9118 -6.6007 -2.85 -1.7002 0.0 7250.0
-1.1112 1.9082 -6.6744 -2.85 -1.7002 0.0 7266.6667
-1.1096 1.9054 -6.7304 -2.85 -1.7002 0.0 7283.3333
-1.108 1.9026 -6.7868 -2.85 -1.6877 0.0 7300.0
-1.1063 1.8997 -6.8452 -2.8617 -1.5802 0.0 7316.6667
-1.1052 1.8972 -6.8933 -2.9037 -1.3317 0.0 7333.3333
-1.104 1.894 -6.9547 -2.95 -1.1002 0.0 7350.0
-1.1028 1.8905 -7.023 -3.0078 -0.9845 0.0 7366.6667
-1.102 1.8874 -7.0801 -3.05 -0.8929 0.0 7383.3333
-1.101 1.8842 -7.1419 -3.05 -0.8502 0.0 7400.0
-1.1003 1.8815 -7.1921 -3.05 -0.8502 0.0 7416.6667
-1.0995 1.8785 -7.2463 -3.05 -0.8502 0.0 7433.3333
-1.0986 1.8754 -7.3057 -3.05 -0.8502 0.0 7450.0
-1.0978 1.8722 -7.3654 -3.05 -0.8502 0.0 7466.6667
-1.097 1.8696 -7.4139 -3.05 -0.8502 0.0 7483.3333
-1.0961 1.8663 -7.4756 -3.05 -0.8502 0.0 7500.0
-1.0951 1.8627 -7.5432 -3.05 -0.8502 0.0 7516.6667
-1.0943 1.8598 -7.5989 -3.05 -0.8502 0.0 7533.3333
-1.0935 1.857 -7.6515 -3.05 -0.8502 0.0 7550.0
-1.0929 1.8551 -7.6869 -3.05 -0.8502 0.0 7566.6667
-1.0923 1.8528 -7.7298 -3.05 -0.8502 0.0 7583.3333
-1.0913 1.849 -7.7998 -3.05 -0.8502 0.0 7600.0
-1.0901 1.8449 -7.8788 -3.05 -0.8502 0.0 7616.6667
-1.0892 1.8414 -7.9441 -3.05 -0.8502 0.0 7633.3333
-1.0883 1.8384 -8.0008 -3.0393 -0.8502 0.0 7650.0
-1.0873 1.8347 -8.0703 -3.0 -0.8502 0.0 7666.6667
-1.0864 1.8315 -8.1338 -2.9771 -0.8502 0.0 7683.3333
-1.0855 1.8287 -8.1881 -2.91 -0.8502 0.0 7700.0
-1.0848 1.8261 -8.2382 -2.85 -0.8502 0.0 7716.6667
-1.0839 1.8231 -8.2988 -2.8259 -0.8502 0.0 7733.3333
-1.0832 1.8207 -8.349 -2.7364 -0.8502 0.0 7750.0
-1.0825 1.8188 -8.3916 -2.6606 -0.8502 0.0 7766.6667
-1.0814 1.8154 -8.4681 -2.5235 -0.8502 0.0 7783.3333
-1.0804 1.8126 -8.5354 -2.4067 -0.8502 0.0 7800.0
-1.0795 1.8102 -8.5965 -2.2042 -0.8502 0.0 7816.6667
-1.0788 1.8086 -8.6428 -2.1222 -0.8502 0.0 7833.3333
-1.078 1.8067 -8.697 -2.04 -0.8802 0.0 7850.0
-1.077 1.8045 -8.7595 -1.9759 -0.9002 0.0 7866.6667
-1.0759 1.8024 -8.8227 -1.9284 -0.9002 0.0 7883.3333
-1.0751 1.8004 -8.8814 -1.8611 -0.9002 0.0 7900.0
-1.0742 1.7987 -8.9382 -1.6937 -0.9002 0.0 7916.6667
-1.0731 1.7973 -8.999 -1.3833 -0.9169 0.0 7933.3333
-1.0723 1.7963 -9.0499 -1.06 -0.9602 0.0 7950.0
-1.0715 1.7958 -9.1024 -0.6687 -1.0002 0.0 7966.6667
-1.0702 1.7959 -9.1741 0.1574 -1.0002 0.0 7983.3333
-1.0691 1.7975 -9.2338 1.5 -1.0002 0.0 8000.0
-1.0681 1.7996 -9.2875 2.2018 -1.0002 0.0 8016.6667
-1.067 1.8032 -9.3517 3.1958 -1.045 0.0 8033.3333
-1.066 1.8067 -9.4045 3.7038 -1.1079 0.0001 8050.0
-1.0647 1.8113 -9.4651 4.2078 -1.1691 0.0001 8066.6667
-1.0634 1.8161 -9.5241 4.6548 -1.2002 0.0 8083.3333
-1.0625 1.8202 -9.5716 4.9 -1.2002 0.0 8100.0
-1.0612 1.826 -9.6349 5.2283 -1.2119 0.0 8116.6667
-1.06 1.8313 -9.6879 5.6657 -1.2502 0.0 8133.3333
-1.0585 1.8381 -9.7543 5.8611 -1.2502 0.0 8150.0
-1.0573 1.8438 -9.808 6.0463 -1.2502 0.0 8166.6667
-1.0559 1.8516 -9.8781 6.3648 -1.2502 0.0 8183.3333
-1.0547 1.8577 -9.9312 6.5499 -1.2502 0.0 8200.0
-1.0533 1.8648 -9.9917 6.7069 -1.2502 0.0 8216.6667
-1.0522 1.8714 -10.0459 6.8824 -1.2502 0.0 8233.3333
-1.0513 1.8762 -10.0855 7.0303 -1.2502 0.0 8250.0
-1.0501 1.8834 -10.1421 7.2684 -1.2502 0.0 8266.6667
-1.0483 1.8944 -10.223 7.6755 -1.2502 0.0 8283.3333
-1.047 1.9029 -10.284 7.9946 -1.2502 0.0 8300.0
-1.0459 1.9102 -10.3346 8.2274 -1.2757 0.0 8316.6667
-1.0445 1.919 -10.3933 8.4595 -1.3002 0.0 8333.3333
-1.0433 1.9275 -10.4483 8.6749 -1.3002 0.0 8350.0
-1.042 1.9362 -10.5041 8.8666 -1.3085 0.0 8366.6667
-1.0406 1.9456 -10.5637 8.9695 -1.3502 0.0 8383.3333
-1.0392 1.9548 -10.6215 9.0499 -1.3502 0.0 8400.0
-1.0378 1.9642 -10.6806 9.0499 -1.3503 0.0 8416.6667
-1.0368 1.9718 -10.7283 9.0499 -1.3503 0.0 8433.3333
-1.035 1.9837 -10.8028 9.097 -1.3502 0.0 8450.0
-1.0335 1.9936 -10.864 9.146 -1.3503 0.0 8466.6667
-1.0322 2.0022 -10.9174 9.1499 -1.3503 0.0 8483.3333
-1.031 2.0108 -10.9706 9.1832 -1.3503 0.0 8500.0
-1.0292 2.0232 -11.0468 9.1999 -1.3503 0.0 8516.6667
-1.0276 2.0343 -11.1156 9.1999 -1.3503 0.0 8533.3333
-1.0262 2.0439 -11.175 9.1999 -1.3503 0.0 8550.0
-1.0245 2.0552 -11.2443 9.1999 -1.3503 0.0 8566.6667
-1.023 2.0656 -11.309 9.1999 -1.3503 0.0 8583.3333
-1.0219 2.0734 -11.3573 9.1999 -1.3503 0.0 8600.0
-1.0204 2.0835 -11.4194 9.1999 -1.3503 0.0 8616.6667
-1.0186 2.0962 -11.4978 9.2192 -1.3503 0.0 8633.3333
-1.0174 2.1044 -11.548 9.2499 -1.3503 0.0 8650.0
-1.0158 2.1149 -11.6126 9.2559 -1.3503 0.0 8666.6667
-1.0142 2.1267 -11.6844 9.3114 -1.3503 0.0 8683.3333
-1.013 2.1353 -11.7367 9.3595 -1.3454 0.0 8700.0
-1.0117 2.1446 -11.7923 9.4388 -1.3058 0.0 8716.6667
-1.0102 2.1557 -11.8582 9.6092 -1.3002 0.0 8733.3333
-1.0086 2.1678 -11.9287 9.6932 -1.3002 0.0 8750.0
-1.0073 2.178 -11.9876 9.8221 -1.3002 0.0 8766.6667
-1.0056 2.1911 -12.0619 9.9451 -1.3002 0.0 8783.3333
-1.0042 2.2018 -12.1227 9.9921 -1.3002 0.0 8800.0
-1.0033 2.2088 -12.162 10.0788 -1.3002 0.0 8816.6667
-1.0018 2.2207 -12.2282 10.174 -1.3002 0.0 8833.3333
-0.9997 2.238 -12.3237 10.2594 -1.3002 0.0 8850.0
-0.998 2.251 -12.3953 10.3121 -1.3124 0.0 8866.6667
-0.9964 2.2637 -12.4651 10.3606 -1.3503 0.0 8883.3333
-0.9953 2.2714 -12.507 10.3939 -1.3503 0.0 8900.0
-0.9936 2.2842 -12.575 10.5639 -1.4323 0.0001 8916.6667
-0.9916 2.2982 -12.6483 10.7927 -1.5351 0.0001 8933.3333
-0.9898 2.3103 -12.7101 11.0826 -1.6438 0.0 8950.0
-0.9874 2.327 -12.7926 11.3984 -1.7249 0.0001 8966.6667
-0.9848 2.3435 -12.8708 11.8579 -1.8696 0.0003 8983.3333
-0.9822 2.3596 -12.945 12.22 -1.9803 0.0 9000.0
-0.9796 2.3761 -13.0194 12.5 -2.0336 0.0 9016.6667
-0.9773 2.3906 -13.0835 12.6472 -2.0739 0.0 9033.3333
-0.9749 2.405 -13.1471 12.7118 -2.1121 0.0 9050.0
-0.9724 2.4197 -13.2124 12.7693 -2.1599 0.0 9066.6667
-0.9701 2.4337 -13.2736 12.8643 -2.2051 0.0 9083.3333
-0.9668 2.4528 -13.3561 13.0133 -2.2636 0.0 9100.0
-0.9641 2.4688 -13.4247 13.0993 -2.3249 0.0 9116.6667
-0.9619 2.4807 -13.4749 13.2442 -2.3974 0.0 9133.3333
-0.9593 2.4954 -13.5367 13.4167 -2.4336 0.0 9150.0
-0.9557 2.5154 -13.619 13.5765 -2.4758 0.0 9166.6667
-0.9523 2.5342 -13.6962 13.6745 -2.5003 0.0 9183.3333
-0.9494 2.5509 -13.7645 13.7 -2.5003 0.0 9200.0
-0.9464 2.5677 -13.8332 13.7241 -2.5003 0.0 9216.6667
-0.9433 2.5845 -13.9021 13.7729 -2.5003 0.0 9233.3333
-0.9403 2.6009 -13.9685 13.8444 -2.6336 0.0001 9250.0
-0.9367 2.6179 -14.0368 13.9444 -3.2225 0.0002 9266.6667
-0.9306 2.6357 -14.1074 14.1533 -5.0003 0.0022 9283.3333
-0.924 2.6496 -14.1609 14.3928 -7.0146 0.0004 9300.0
-0.9147 2.6652 -14.2202 14.5413 -8.6475 0.0022 9316.6667
-0.8949 2.6859 -14.295 14.9529 -14.6454 0.0002 9333.3333
-0.8697 2.704 -14.3572 15.1 -21.9003 0.0 9350.0
-0.837 2.7253 -14.4291 15.0885 -24.6887 -0.0003 9366.6667
-0.814 2.7385 -14.4728 15.0161 -27.1162 -0.0004 9383.3333
-0.7986 2.7468 -14.4999 14.9582 -28.4051 -0.0004 9400.0
-0.7717 2.7614 -14.5475 14.9042 -29.3729 -0.0001 9416.6667
-0.7185 2.79 -14.6411 14.9 -29.5548 0.0 9433.3333
-0.6745 2.8137 -14.7186 14.9 -29.6003 0.0 9450.0
-0.646 2.8291 -14.7688 14.9 -29.6003 0.0 9466.6667
-0.6146 2.846 -14.8241 14.9 -29.6003 0.0 9483.3333
-0.5863 2.8613 -14.8741 14.9 -29.6195 0.0 9500.0
-0.5538 2.8788 -14.9311 14.9 -29.6636 0.0 9516.6667
-0.509 2.9026 -15.0085 14.9 -29.9941 0.0 9533.3333
-0.4756 2.9202 -15.0658 14.9 -30.296 0.0 9550.0
-0.4491 2.934 -15.1106 14.9 -30.5496 0.0 9566.6667
-0.4138 2.9522 -15.169 14.9 -31.3503 0.0 9583.3333
-0.3604 2.9777 -15.2503 14.6343 -33.6056 -0.0002 9600.0
-0.3283 2.9922 -15.2961 14.5365 -34.8179 -0.0004 9616.6667
-0.2839 3.0105 -15.3534 14.1949 -37.767 -0.0002 9633.3333
-0.2381 3.0279 -15.4062 13.9457 -40.9851 -0.0001 9650.0
-0.2065 3.0396 -15.4413 13.8735 -42.3981 -0.0004 9666.6667
-0.1564 3.0561 -15.4877 13.6456 -46.2205 -0.006 9683.3333
-0.0906 3.0764 -15.5425 13.3171 -49.9032 -0.0031 9700.0
-0.0387 3.0917 -15.5835 12.9696 -51.9942 -0.0026 9716.6667
0.0167 3.1065 -15.6229 12.287 -54.6967 -0.0147 9733.3333
0.0846 3.1216 -15.6622 10.9414 -60.1503 -0.0477 9750.0
0.1333 3.1308 -15.6843 9.9478 -64.7482 -0.0083 9766.6667
0.1818 3.1396 -15.704 9.5923 -67.3695 -0.0008 9783.3333
0.2613 3.1531 -15.731 9.1816 -70.8278 -0.007 9800.0
0.3421 3.1661 -15.7542 8.759 -74.1836 -0.0007 9816.6667
0.4085 3.1764 -15.7703 8.5584 -76.3159 -0.0006 9833.3333
0.4748 3.1865 -15.7853 8.503 -77.2944 -0.0001 9850.0
0.5455 3.1971 -15.8001 8.3532 -78.1826 -0.0001 9866.6667
0.6129 3.2071 -15.8133 8.2061 -78.9208 -0.0002 9883.3333
0.6656 3.2147 -15.8231 8.1242 -79.3312 -0.0004 9900.0
0.7356 3.2247 -15.8358 8.0711 -79.6835 -0.0002 9916.6667
0.8093 3.2353 -15.8488 8.0256 -79.9727 -0.0002 9933.3333
0.8787 3.2452 -15.8609 7.9753 -80.3252 -0.0003 9950.0
0.9521 3.2554 -15.8718 7.8947 -81.2791 -0.0038 9966.6667
1.0095 3.2634 -15.8793 7.7866 -82.5959 -0.0011 9983.3333
1.0597 3.2702 -15.885 7.7141 -83.5741 -0.0012 10000.0
1.1545 3.2829 -15.8907 7.5971 -86.7503 -0.003 10016.6667
1.2156 3.2908 -15.8912 7.5344 -89.2508 -0.0853 10033.3333
1.2736 3.2983 -15.8889 -172.6 -88.494 179.9999 10050.0
1.3421 3.3072 -15.885 -172.6 -86.6586 180.0 10066.6667
1.4178 3.3171 -15.8782 -172.6 -85.1183 180.0 10083.3333
1.5015 3.328 -15.8694 -172.6 -84.1198 180.0 10100.0
1.5657 3.3364 -15.8626 -172.6001 -83.9475 -180.0 10116.6667
1.6237 3.344 -15.8563 -172.6001 -83.8332 -180.0 10133.3333
1.7065 3.3548 -15.8473 -172.6001 -83.7497 -180.0 10150.0
1.768 3.3628 -15.8405 -172.5954 -83.7497 -180.0 10166.6667
1.8344 3.3716 -15.8332 -172.55 -83.7469 180.0 10183.3333
1.928 3.3839 -15.8226 -172.5343 -83.6341 180.0 10200.0
1.9865 3.3917 -15.8175 -172.477 -83.5431 179.9997 10216.6667
2.0302 3.3976 -15.8127 -172.4105 -83.3765 179.9998 10233.3333
2.1138 3.409 -15.7959 -172.3586 -82.938 179.9997 10250.0
2.1946 3.419 -15.8457 -172.2693 -82.6085 179.9997 10266.6667
2.2646 3.4274 -15.9036 -172.25 -82.3645 -180.0 10283.3333
2.3632 3.4393 -15.9777 -172.25 -82.1152 -180.0 10300.0
2.4448 3.4491 -16.0401 -172.25 -82.0537 -180.0 10316.6667
2.5039 3.4563 -16.0849 -172.2134 -81.9403 179.9999 10333.3333
2.6072 3.4687 -16.163 -172.2 -81.7898 180.0 10350.0
2.6947 3.4792 -16.2287 -172.2 -81.6634 180.0 10366.6667
2.7655 3.4878 -16.2817 -172.2 -81.5566 180.0 10383.3333
2.8551 3.4986 -16.3484 -172.153 -81.3597 179.9996 10400.0
2.944 3.5094 -16.4134 -172.1001 -80.959 180.0 10416.6667
3.006 3.5169 -16.4586 -172.1 -80.4211 180.0 10433.3333
3.065 3.5239 -16.4994 -172.1 -79.7878 -180.0 10450.0
3.179 3.5371 -16.5724 -172.1 -77.7132 -180.0 10466.6667
3.2822 3.5488 -16.6345 -172.1 -75.8325 180.0 10483.3333
3.3667 3.5583 -16.6809 -172.1 -73.9999 -180.0 10500.0
3.4558 3.5681 -16.7267 -172.1 -72.1029 -180.0 10516.6667
3.5493 3.5781 -16.7708 -172.1 -70.2469 -180.0 10533.3333
3.6451 3.5882 -16.8118 -172.1831 -67.9734 -179.9992 10550.0
3.7226 3.5962 -16.8408 -172.2696 -65.3974 -179.9986 10566.6667
3.8333 3.6073 -16.8774 -172.3 -63.1255 -180.0 10583.3333
3.9417 3.6179 -16.9076 -172.3498 -60.3179 -179.998 10600.0
4.0314 3.6263 -16.9253 -172.4237 -57.1551 -179.9991 10616.6667
4.1472 3.6372 -16.9445 -172.5 -54.0499 -180.0 10633.3333
4.2669 3.6485 -16.9595 -172.5 -51.5323 -180.0 10650.0
4.3657 3.6577 -16.9662 -172.5 -49.4059 -180.0 10666.6667
4.4522 3.6657 -16.9709 -172.5 -48.0058 -180.0 10683.3333
4.4906 3.6692 -16.973 -172.5556 -46.9843 -179.9994 10700.0
4.6025 3.6794 -16.9741 -172.6 -45.9117 -180.0 10716.6667
4.7694 3.6947 -16.9748 -172.6 -44.9613 180.0 10733.3333
4.8793 3.7047 -16.9745 -172.6 -44.5998 180.0 10750.0
4.9985 3.7156 -16.9735 -172.6231 -44.2657 -179.9999 10766.6667
5.0974 3.7245 -16.972 -172.65 -44.0028 -180.0 10783.3333
5.2078 3.7346 -16.9703 -172.65 -43.8705 -180.0 10800.0
5.3227 3.7451 -16.9683 -172.65 -43.7852 180.0 10816.6667
5.4351 3.7553 -16.9663 -172.65 -43.7365 180.0 10833.3333
5.5263 3.7635 -16.9646 -172.65 -43.6868 180.0 10850.0
5.6234 3.7724 -16.9626 -172.65 -43.5781 180.0 10866.6667
5.7364 3.7826 -16.9597 -172.65 -43.3442 -180.0 10883.3333
5.8643 3.7942 -16.9558 -172.65 -42.9137 -180.0 10900.0
5.9977 3.8065 -16.9494 -172.65 -42.3239 -180.0 10916.6667
6.1059 3.8161 -16.9458 -172.6709 -41.729 -179.9999 10933.3333
6.2113 3.8258 -16.9335 -172.8108 -40.5686 -179.9978 10950.0
6.315 3.8332 -16.9386 -173.0816 -38.535 -179.9998 10966.6667
6.3619 3.8319 -16.9883 -173.1917 -37.4061 -179.9992 10983.3333
6.4164 3.8322 -17.0241 -173.35 -35.6998 -180.0 11000.0
6.4999 3.8322 -17.0793 -173.5257 -33.7261 -179.9995 11016.6667
6.5587 3.8322 -17.1166 -173.6937 -32.1598 -179.9992 11033.3333
6.6391 3.8322 -17.1634 -173.9074 -30.2748 -179.9994 11050.0
6.721 3.8322 -17.2072 -174.178 -27.9409 -179.9996 11066.6667
6.7896 3.8322 -17.2406 -174.4559 -26.1739 -179.9993 11083.3333
6.8442 3.8322 -17.266 -174.6337 -24.8331 -179.9993 11100.0
6.9225 3.8322 -17.2994 -174.8938 -23.172 -179.9989 11116.6667
7.0 3.8322 -17.3295 -175.2762 -21.3251 -179.9945 11133.3333
7.0682 3.8322 -17.3521 -175.6781 -19.524 -179.998 11150.0
7.1607 3.8322 -17.3815 -176.2382 -17.6379 -179.9998 11166.6667
7.2372 3.8322 -17.4051 -176.3462 -17.1674 -180.0 11183.3333
7.2797 3.8322 -17.4181 -176.3797 -17.0313 -180.0 11200.0
7.3455 3.8322 -17.438 -176.437 -16.8882 -179.9999 11216.6667
7.4489 3.8322 -17.469 -176.5457 -16.707 -180.0 11233.3333
7.5298 3.8322 -17.4932 -176.55 -16.6527 -180.0 11250.0
7.6018 3.8322 -17.5148 -176.55 -16.6498 -180.0 11266.6667
7.6791 3.8322 -17.5379 -176.55 -16.6498 180.0 11283.3333
7.7548 3.8322 -17.5605 -176.55 -16.6344 180.0 11300.0
7.8287 3.8322 -17.5825 -176.55 -16.6024 180.0 11316.6667
7.9101 3.8322 -17.6063 -176.6501 -16.3665 -179.9999 11333.3333
7.9943 3.8322 -17.6307 -176.743 -16.1641 -180.0 11350.0
8.0777 3.8322 -17.6545 -176.8439 -15.9477 -179.9999 11366.6667
8.1541 3.8322 -17.6757 -177.0472 -15.4816 -179.9994 11383.3333
8.2188 3.8322 -17.6926 -177.35 -14.7998 180.0 11400.0
8.2925 3.8322 -17.7113 -177.5167 -14.2165 -179.9998 11416.6667
8.3904 3.8322 -17.734 -177.707 -13.041 -179.9996 11433.3333
8.4654 3.8322 -17.748 -178.001 -10.2498 -179.9945 11450.0
8.539 3.8322 -17.7546 -178.2501 -6.9133 -180.0 11466.6667
8.6227 3.8322 -17.7607 -178.2656 -3.5349 -179.9996 11483.3333
8.6688 3.8322 -17.7622 -178.3251 -1.3623 -179.9994 11500.0
8.7367 3.8322 -17.7534 -178.4427 3.4169 -179.9947 11516.6667
8.8351 3.8322 -17.7347 -178.6001 10.024 180.0 11533.3333
8.9267 3.8322 -17.7113 -178.6001 13.7145 -180.0 11550.0
9.0014 3.8322 -17.6888 -178.6575 16.1547 -179.9994 11566.6667
9.0715 3.8322 -17.6662 -178.7271 17.5311 -179.9998 11583.3333
9.1497 3.8322 -17.6405 -178.7889 18.0558 -179.9999 11600.0
9.2351 3.8322 -17.6121 -178.8506 18.3274 -179.9999 11616.6667
9.2974 3.8322 -17.5911 -178.914 18.5489 -180.0 11633.3333
9.2999 3.8322 -17.5902 -178.9834 18.792 -180.0 11650.0
9.2279 3.8322 -17.6151 -179.0334 19.0169 -180.0 11666.6667
9.1452 3.8322 -17.6439 -179.0708 19.1829 -180.0 11683.3333
9.0702 3.8322 -17.6702 -179.1001 19.319 -180.0 11700.0
8.9827 3.8322 -17.7012 -179.1079 19.4737 -180.0 11716.6667
8.9116 3.8322 -17.7266 -179.1562 19.6494 -180.0 11733.3333
8.8449 3.8322 -17.7508 -179.2001 20.0003 -180.0 11750.0
8.7565 3.8322 -17.7842 -179.3469 20.8248 -179.9994 11766.6667
8.6864 3.8322 -17.8135 -179.6245 22.6134 -179.9995 11783.3333
8.6207 3.8322 -17.8441 -179.8001 24.8502 -180.0 11800.0
8.5504 3.8322 -17.8796 -179.8981 26.7621 -180.0 11816.6667
8.4818 3.8322 -17.9178 -179.996 29.1062 -179.9999 11833.3333
8.411 3.8322 -17.9623 -180.0 32.2003 -180.0 11850.0
8.3497 3.8322 -18.0043 180.0 34.2835 180.0 11866.6667
8.2854 3.8322 -18.0502 179.9597 35.5397 -179.9999 11883.3333
8.2173 3.8322 -18.1025 179.95 37.2713 -180.0 11900.0
8.1605 3.8322 -18.1478 179.95 38.2445 -180.0 11916.6667
8.1072 3.8322 -18.1906 179.95 38.7042 -180.0 11933.3333
8.0371 3.8322 -18.2469 179.95 38.7502 -180.0 11950.0
7.9668 3.8322 -18.3033 179.95 38.7502 -180.0 11966.6667
7.9131 3.8322 -18.3465 179.95 38.781 180.0 11983.3333
7.852 3.8322 -18.3956 179.95 38.8252 180.0 12000.0
7.7731 3.8322 -18.4593 179.9245 39.0291 -180.0 12016.6667
7.7102 3.8322 -18.5117 179.9 39.2248 -180.0 12033.3333
7.6517 3.8322 -18.5565 179.9 39.2502 -180.0 12050.0
7.5958 3.8322 -18.6102 179.9 39.2502 -180.0 12066.6667
7.5434 3.8322 -18.646 179.9 39.252 -180.0 12083.3333
7.4086 3.832 -18.6329 179.9 39.3397 -180.0 12100.0
7.2731 3.8318 -18.6189 179.9 39.3502 -180.0 12116.6667
7.2102 3.8317 -18.6129 179.9 39.3503 180.0 12133.3333
7.0913 3.8316 -18.6008 179.9 39.3503 180.0 12150.0
6.9324 3.8315 -18.5851 179.9177 39.3149 -180.0 12166.6667
6.8289 3.8314 -18.5746 179.9667 39.2169 -180.0 12183.3333
6.726 3.8314 -18.564 180.0 39.1267 -180.0 12200.0
6.6158 3.8314 -18.5525 180.0 39.04 -180.0 12216.6667
6.5109 3.8314 -18.5415 -180.0 38.9818 180.0 12233.3333
6.3978 3.8314 -18.5292 -180.0 38.8502 180.0 12250.0
6.2875 3.8314 -18.5168 180.0 38.5561 180.0 12266.6667
6.1704 3.8314 -18.5032 180.0 38.3427 180.0 12283.3333
6.0773 3.8314 -18.4917 -180.0 37.9677 -180.0 12300.0
5.9699 3.8315 -18.4764 -179.9429 37.1884 -179.9997 12316.6667
5.8769 3.8316 -18.4622 -179.8813 36.3615 -179.9997 12333.3333
5.8048 3.8318 -18.4497 -179.8322 35.6017 -179.9996 12350.0
5.678 3.8322 -18.4265 -179.8001 34.9843 -180.0 12366.6667
5.5129 3.8326 -18.3963 -179.8001 34.6472 -180.0 12383.3333
5.4185 3.8328 -18.3789 -179.8001 34.4957 -180.0 12400.0
5.315 3.8331 -18.3594 -179.8001 34.3946 180.0 12416.6667
5.186 3.8334 -18.335 -179.8001 34.3116 180.0 12433.3333
5.0487 3.8337 -18.3089 -179.818 34.2323 180.0 12450.0
4.928 3.8339 -18.2858 -179.8501 34.1619 180.0 12466.6667
4.8414 3.8341 -18.2691 -179.8595 34.0814 180.0 12483.3333
4.7378 3.8342 -18.249 -179.8958 34.0089 180.0 12500.0
4.615 3.8343 -18.2246 -179.9408 33.8372 180.0 12516.6667
4.503 3.8343 -18.2024 -179.9892 33.6826 180.0 12533.3333
4.395 3.8342 -18.1798 179.9617 33.3826 -180.0 12550.0
4.2845 3.8341 -18.1578 179.8754 32.9649 179.9999 12566.6667
4.1877 3.8338 -18.1262 179.8043 32.6674 179.9999 12583.3333
4.1033 3.8336 -18.1215 179.7357 32.4025 179.9999 12600.0
4.0231 3.8336 -18.1733 179.6166 32.0057 179.9999 12616.6667
3.9525 3.8336 -18.22 179.5402 31.7709 179.9999 12633.3333
3.8738 3.8336 -18.2664 179.4562 31.5845 180.0 12650.0
3.7962 3.8336 -18.3141 179.3548 31.2972 179.9999 12666.6667
3.7309 3.8336 -18.353 179.2568 30.9423 179.9999 12683.3333
3.6624 3.8336 -18.3938 179.1382 30.6354 179.9999 12700.0
3.596 3.8336 -18.4325 178.9944 30.2705 179.9999 12716.6667
3.5318 3.8336 -18.4695 178.8703 29.976 179.9999 12733.3333
3.4677 3.8336 -18.506 178.7778 29.7445 180.0 12750.0
3.4015 3.8336 -18.5435 178.6843 29.503 180.0 12766.6667
3.3233 3.8336 -18.5872 178.5781 29.2064 179.9999 12783.3333
3.2548 3.8336 -18.6252 178.3824 28.8053 179.9992 12800.0
3.2133 3.8337 -18.6478 178.0083 28.0006 179.998 12816.6667
3.1426 3.8335 -18.6811 177.6007 27.2292 179.9986 12833.3333
3.0473 3.8336 -18.7299 177.15 26.5 180.0 12850.0
2.9891 3.8344 -18.7674 176.5719 25.6667 179.9974 12866.6667
2.9225 3.8317 -18.7646 175.9012 24.6029 179.9925 12883.3333
2.8156 3.824 -18.7189 175.1147 23.2457 179.9904 12900.0
2.6859 3.8136 -18.6583 174.3631 21.9093 179.9979 12916.6667
2.549 3.802 -18.5979 173.7163 20.5833 179.9991 12933.3333
2.4303 3.7907 -18.5393 173.2144 19.45 179.999 12950.0
2.341 3.7833 -18.5061 172.8164 18.7167 179.9993 12966.6667
2.2755 3.7746 -18.4593 172.5071 18.0786 179.9997 12983.3333
2.2482 3.7607 -18.3629 172.0438 17.2721 179.9997 13000.0
2.2337 3.7537 -18.3165 171.8105 16.7388 179.9996 13016.6667
2.2065 3.739 -18.224 171.4415 15.9834 179.9995 13033.3333
2.1806 3.7236 -18.1281 171.1642 15.3358 179.9999 13050.0
2.1586 3.7116 -18.0551 171.0629 15.0825 180.0 13066.6667
2.1629 3.7033 -18.0002 170.887 14.6917 179.9997 13083.3333
2.0669 3.6871 -17.925 170.4783 13.9214 179.9991 13100.0
1.9568 3.672 -17.8618 170.127 13.2543 179.9993 13116.6667
1.8867 3.6612 -17.8161 169.8824 12.7614 179.9999 13133.3333
1.7817 3.6454 -17.75 169.6631 12.2789 179.9999 13150.0
1.688 3.6305 -17.6877 169.4851 11.7553 179.9998 13166.6667
1.589 3.6165 -17.6312 169.2931 11.2186 179.9998 13183.3333
1.5601 3.5982 -17.5427 168.7732 10.1467 179.9994 13200.0
1.5513 3.5836 -17.4734 168.2367 9.1509 179.999 13216.6667
1.5386 3.5651 -17.3901 167.6066 8.0778 179.9992 13233.3333
1.5299 3.5501 -17.3237 167.36 7.585 179.9998 13250.0
1.5203 3.5313 -17.2429 167.0154 6.7744 179.9993 13266.6667
1.5102 3.5098 -17.1515 166.8463 6.3659 179.9999 13283.3333
1.5025 3.493 -17.0808 166.8 6.235 180.0 13300.0
1.4949 3.4765 -17.0106 166.8 6.1905 180.0 13316.6667
1.4851 3.455 -16.9195 166.7833 6.1167 180.0 13333.3333
1.4767 3.436 -16.8393 166.75 6.0125 180.0 13350.0
1.4688 3.4181 -16.7639 166.7333 5.9167 180.0 13366.6667
1.4624 3.4029 -16.7001 166.7 5.7917 180.0 13383.3333
1.4553 3.3853 -16.6256 166.7 5.5 -180.0 13400.0
1.4489 3.3666 -16.5471 166.7 4.6667 180.0 13416.6667
1.4435 3.348 -16.4686 166.7 3.9926 180.0 13433.3333
1.4385 3.3298 -16.3916 166.7 3.7353 -180.0 13450.0
1.434 3.3124 -16.318 166.7351 3.5944 -180.0 13466.6667
1.4297 3.2962 -16.2489 166.7971 3.5264 -180.0 13483.3333
1.4251 3.2785 -16.1735 166.871 3.4789 -180.0 13500.0
1.4202 3.2591 -16.0893 166.9667 3.375 -180.0 13516.6667
1.4161 3.2418 -16.0137 167.1333 3.125 -180.0 13533.3333
1.4119 3.224 -15.9352 167.2523 2.9295 -179.9999 13550.0
1.4088 3.2056 -15.8528 167.3691 2.7579 -179.9999 13566.6667
1.4029 3.1875 -15.7717 167.45 2.65 180.0 13583.3333
1.4018 3.1703 -15.6945 167.45 2.65 180.0 13600.0
1.3954 3.1531 -15.6173 167.4562 2.6479 -180.0 13616.6667
1.3071 3.1354 -15.5407 167.6139 2.5895 -180.0 13633.3333
1.2358 3.1208 -15.476 167.7895 2.4579 -180.0 13650.0
1.1276 3.099 -15.3785 167.9088 2.3912 -180.0 13666.6667
1.0553 3.0845 -15.313 167.9965 2.3035 -180.0 13683.3333
0.9685 3.0685 -15.2399 168.2105 2.2158 -180.0 13700.0
0.9539 3.0527 -15.1631 168.451 2.0392 -179.9999 13716.6667
0.9545 3.0365 -15.0815 168.7083 1.8333 -179.9999 13733.3333
0.9515 3.0215 -15.0061 168.8278 1.6833 -180.0 13750.0
0.9502 3.0087 -14.941 168.8937 1.6063 -180.0 13766.6667
0.9478 2.9941 -14.8657 168.9517 1.5483 -180.0 13783.3333
0.9455 2.9754 -14.7693 169.035 1.465 -180.0 13800.0
0.9436 2.9606 -14.6919 169.1304 1.3696 -180.0 13816.6667
0.9415 2.942 -14.594 169.3046 1.2463 -180.0 13833.3333
0.9401 2.9284 -14.5197 169.5361 1.0611 -180.0 13850.0
0.9392 2.9179 -14.4623 169.6862 0.9138 -179.9999 13866.6667
0.9385 2.9072 -14.402 169.9529 0.708 -179.9996 13883.3333
0.9378 2.8924 -14.3146 170.33 0.43 -179.9998 13900.0
0.9378 2.8756 -14.2112 170.8147 0.0265 -179.9995 13916.6667
0.9383 2.8644 -14.1372 171.2933 -0.3433 -179.9999 13933.3333
0.9391 2.8521 -14.0553 171.4676 -0.5088 -180.0 13950.0
0.9399 2.8405 -13.9755 171.7518 -0.6518 -180.0 13966.6667
0.9407 2.8306 -13.9066 171.7956 -0.6956 -180.0 13983.3333
0.9417 2.8184 -13.822 171.8 -0.7 -180.0 14000.0
0.9427 2.8069 -13.7425 171.8 -0.7 -180.0 14016.6667
0.9438 2.7952 -13.6607 171.8 -0.7 -180.0 14033.3333
0.9448 2.7839 -13.5822 171.8 -0.7 -180.0 14050.0
0.9457 2.7716 -13.4969 171.8 -0.7 -180.0 14066.6667
0.9469 2.7589 -13.4086 171.8 -0.7478 -180.0 14083.3333
0.9475 2.7522 -13.3624 171.8 -0.7808 -180.0 14100.0
0.9488 2.7394 -13.2731 171.8278 -0.8278 -180.0 14116.6667
0.9501 2.728 -13.1936 171.85 -0.85 -180.0 14133.3333
0.9507 2.7223 -13.1542 171.85 -0.85 180.0 14150.0
0.9523 2.7063 -13.0422 171.85 -0.85 180.0 14166.6667
0.9534 2.695 -12.9631 171.8951 -0.85 -180.0 14183.3333
0.9549 2.6872 -12.9067 172.125 -0.925 -180.0 14200.0
0.955 2.6754 -12.8168 172.5333 -1.2 -179.9999 14216.6667
0.9731 2.6667 -12.7479 172.8481 -1.3878 -179.9998 14233.3333
0.9362 2.6581 -12.6736 173.1393 -1.5714 -179.9999 14250.0
0.8555 2.6489 -12.5928 173.3548 -1.7365 -180.0 14266.6667
0.7979 2.642 -12.5302 173.4708 -1.8104 -180.0 14283.3333
0.7191 2.6329 -12.447 173.5618 -1.8618 -180.0 14300.0
0.645 2.6244 -12.3681 173.6524 -1.9393 -179.9999 14316.6667
0.5654 2.6155 -12.2831 173.8475 -2.0975 -180.0 14333.3333
0.5074 2.6092 -12.2204 173.9853 -2.2353 -179.9999 14350.0
0.4352 2.6016 -12.1425 174.1722 -2.4222 -180.0 14366.6667
0.3639 2.5941 -12.0648 174.3 -2.55 -180.0 14383.3333
0.2894 2.5864 -11.9837 174.3 -2.55 -180.0 14400.0
0.219 2.5791 -11.9072 174.3 -2.554 -180.0 14416.6667
0.1495 2.5719 -11.8315 174.3 -2.5937 -180.0 14433.3333
0.0882 2.5654 -11.7645 174.3368 -2.6368 -180.0 14450.0
0.0112 2.5575 -11.6801 174.3765 -2.7295 -180.0 14466.6667
-0.0566 2.5507 -11.6056 174.4099 -2.8297 -180.0 14483.3333
-0.1016 2.5461 -11.5561 174.4359 -2.9078 -180.0 14500.0
-0.1761 2.5384 -11.4736 174.4692 -2.9883 -180.0 14516.6667
-0.2664 2.5293 -11.3736 174.5 -3.05 -180.0 14533.3333
-0.3331 2.5225 -11.2997 174.5 -3.05 -180.0 14550.0
-0.4022 2.5155 -11.2231 174.5142 -3.0642 -180.0 14566.6667
-0.467 2.509 -11.1512 174.5623 -3.1307 -180.0 14583.3333
-0.5308 2.5027 -11.0797 174.65 -3.35 -180.0 14600.0
-0.5953 2.4964 -11.007 174.7971 -3.5461 -180.0 14616.6667
-0.6618 2.4901 -10.9315 174.8907 -3.7769 -180.0 14633.3333
-0.7221 2.4844 -10.8624 175.0184 -3.9579 -180.0 14650.0
-0.8035 2.477 -10.7688 175.0987 -4.0974 -180.0 14666.6667
-0.8505 2.4727 -10.7146 175.134 -4.1681 -180.0 14683.3333
-0.9028 2.4679 -10.654 175.1696 -4.2391 -180.0 14700.0
-0.9766 2.4613 -10.5685 175.2058 -4.3174 -180.0 14716.6667
-1.0416 2.4554 -10.4928 175.242 -4.4261 -180.0 14733.3333
-1.1031 2.4499 -10.421 175.25 -4.45 -180.0 14750.0
-1.173 2.4435 -10.3396 175.25 -4.45 180.0 14766.6667
-1.2441 2.4371 -10.2569 175.25 -4.45 180.0 14783.3333
-1.2986 2.4322 -10.1934 175.25 -4.45 180.0 14800.0
-1.3459 2.428 -10.1383 175.25 -4.45 180.0 14816.6667
-1.4071 2.4225 -10.0671 175.25 -4.45 180.0 14833.3333
-1.4848 2.4155 -9.9765 175.25 -4.45 180.0 14850.0
-1.5473 2.4098 -9.9038 175.25 -4.45 180.0 14866.6667
-1.603 2.4048 -9.8388 175.25 -4.4826 -180.0 14883.3333
-1.6627 2.3994 -9.7691 175.25 -4.5205 -180.0 14900.0
-1.7221 2.3941 -9.6996 175.25 -4.574 180.0 14916.6667
-1.7773 2.3891 -9.6348 175.25 -4.6826 180.0 14933.3333
-1.8413 2.3832 -9.5589 175.2111 -4.9333 180.0 14950.0
-1.9085 2.377 -9.4786 175.2 -5.1689 180.0 14966.6667
-1.9655 2.3717 -9.4099 175.2 -5.4529 -180.0 14983.3333
-2.0238 2.3663 -9.3382 175.2 -5.8938 180.0 15000.0
-2.0805 2.3609 -9.2679 175.2 -6.2759 180.0 15016.6667
-2.1249 2.3566 -9.2111 175.2 -7.1457 -180.0 15033.3333
-2.1698 2.3521 -9.1499 175.2 -8.1403 180.0 15050.0
-2.2287 2.3462 -9.0666 175.3174 -9.5317 -179.9996 15066.6667
-2.2758 2.3414 -8.9985 175.35 -10.5852 -180.0 15083.3333
-2.3299 2.3359 -8.9151 175.4187 -11.9313 -179.9997 15100.0
-2.3748 2.3312 -8.8442 175.45 -12.7034 -180.0 15116.6667
-2.4141 2.327 -8.781 175.45 -13.0917 -180.0 15133.3333
-2.4688 2.3212 -8.6928 175.45 -13.2767 180.0 15150.0
-2.5157 2.3161 -8.617 175.45 -13.3657 180.0 15166.6667
-2.5616 2.3112 -8.5426 175.45 -13.431 180.0 15183.3333
-2.6105 2.306 -8.4631 175.45 -13.5333 180.0 15200.0
-2.6453 2.3022 -8.406 175.45 -13.6222 -180.0 15216.6667
-2.6903 2.2973 -8.3323 175.4467 -13.7567 180.0 15233.3333
-2.729 2.2932 -8.2683 175.405 -13.84 180.0 15250.0
-2.7765 2.2879 -8.1894 175.3633 -14.0333 180.0 15266.6667
-2.8241 2.2825 -8.1098 175.35 -14.2062 180.0 15283.3333
-2.8674 2.2776 -8.0369 175.3184 -14.3447 180.0 15300.0
-2.9018 2.2737 -7.9789 175.3 -14.4387 180.0 15316.6667
-2.9299 2.2705 -7.9313 175.3 -14.5025 180.0 15333.3333
-2.9655 2.2664 -7.8712 175.3 -14.5333 180.0 15350.0
-3.0203 2.2601 -7.778 175.3 -14.6048 -180.0 15366.6667
-3.0659 2.255 -7.7006 175.3 -14.6662 180.0 15383.3333
-3.0945 2.2516 -7.6518 175.3 -14.6923 180.0 15400.0
-3.1422 2.2461 -7.57 175.3 -14.8251 180.0 15416.6667
-3.1861 2.2411 -7.4945 175.3 -14.8979 180.0 15433.3333
-3.2163 2.2376 -7.4423 175.2652 -15.074 180.0 15450.0
-3.2519 2.2333 -7.3796 175.25 -15.5126 180.0 15466.6667
-3.2886 2.2288 -7.3135 175.25 -16.0554 180.0 15483.3333
-3.3239 2.2245 -7.2484 175.25 -16.5001 180.0 15500.0
-3.3657 2.2194 -7.1705 175.25 -16.962 -180.0 15516.6667
-3.4039 2.2146 -7.097 175.3049 -17.6344 -179.9998 15533.3333
-3.4333 2.2109 -7.0388 175.3891 -18.2436 -179.9998 15550.0
-3.4656 2.2067 -6.9733 175.45 -18.7287 -180.0 15566.6667
-3.5043 2.2018 -6.8946 175.45 -18.9442 -180.0 15583.3333
-3.5347 2.1979 -6.8316 175.4763 -19.229 -179.9999 15600.0
-3.5629 2.1944 -6.7729 175.55 -19.4634 -180.0 15616.6667
-3.5909 2.1908 -6.7143 175.55 -19.5468 180.0 15633.3333
-3.627 2.1862 -6.6388 175.55 -19.5501 180.0 15650.0
-3.6633 2.1816 -6.5629 175.55 -19.5501 180.0 15666.6667
-3.6985 2.1771 -6.4889 175.55 -19.5628 180.0 15683.3333
-3.7302 2.173 -6.4227 175.55 -19.6112 180.0 15700.0
-3.7587 2.1694 -6.3625 175.55 -19.6612 180.0 15716.6667
-3.7799 2.1667 -6.3179 175.55 -19.7307 180.0 15733.3333
-3.8124 2.1625 -6.249 175.55 -19.7834 180.0 15750.0
-3.8493 2.1577 -6.1709 175.55 -19.8282 180.0 15766.6667
-3.8861 2.153 -6.0926 175.55 -19.8991 180.0 15783.3333
-3.9181 2.1488 -6.0241 175.55 -19.9712 180.0 15800.0
-3.9448 2.1454 -5.9671 175.55 -20.0271 180.0 15816.6667
-3.9731 2.1417 -5.9065 175.55 -20.1021 -180.0 15833.3333
-3.9963 2.1387 -5.8564 175.55 -20.1266 180.0 15850.0
-4.0184 2.1358 -5.8088 175.5518 -20.1575 -180.0 15866.6667
-4.0449 2.1323 -5.7518 175.5981 -20.3427 -179.9999 15883.3333
-4.0783 2.128 -5.6779 175.6444 -20.5279 -180.0 15900.0
-4.1183 2.1229 -5.5867 175.8244 -21.2485 -179.9995 15916.6667
-4.1522 2.1186 -5.5075 175.9968 -21.9053 -179.9998 15933.3333
-4.1872 2.1144 -5.4232 176.1721 -22.4362 -179.9998 15950.0
-4.2155 2.111 -5.3541 176.292 -22.7342 -180.0 15966.6667
-4.2396 2.1081 -5.2949 176.3611 -22.8723 -180.0 15983.3333
-4.2693 2.1046 -5.2219 176.4125 -22.9626 -180.0 16000.0
-4.2923 2.1019 -5.1652 176.454 -23.008 -180.0 16016.6667
-4.3203 2.0987 -5.0954 176.4936 -23.0874 -180.0 16033.3333
-4.348 2.0955 -5.0266 176.5412 -23.1825 -180.0 16050.0
-4.3697 2.093 -4.9719 176.6151 -23.3303 -180.0 16066.6667
-4.3935 2.0904 -4.9117 176.6687 -23.4561 -180.0 16083.3333
-4.4242 2.087 -4.8338 176.7 -23.5532 -180.0 16100.0
-4.4545 2.0836 -4.7567 176.7044 -23.6045 -180.0 16116.6667
-4.4775 2.0811 -4.6979 176.7482 -23.6483 -180.0 16133.3333
-4.5133 2.0772 -4.6063 176.75 -23.7223 -180.0 16150.0
-4.5353 2.0747 -4.5496 176.75 -23.8149 -180.0 16166.6667
-4.5596 2.072 -4.4866 176.75 -23.9034 -180.0 16183.3333
-4.5812 2.0696 -4.4309 176.75 -23.9451 180.0 16200.0
-4.6089 2.0666 -4.3589 176.75 -23.9932 180.0 16216.6667
-4.6365 2.0634 -4.2868 176.75 -24.0957 180.0 16233.3333
-4.6586 2.061 -4.2291 176.75 -24.1001 -180.0 16250.0
-4.6771 2.0589 -4.1807 176.7825 -24.2303 -180.0 16266.6667
-4.7038 2.0559 -4.1088 176.8622 -24.6112 -179.9999 16283.3333
-4.7294 2.0531 -4.0385 176.9659 -24.9761 -179.9999 16300.0
-4.7457 2.0514 -3.993 177.0589 -25.2312 -180.0 16316.6667
-4.7609 2.0498 -3.951 177.1144 -25.4257 -179.9999 16333.3333
-4.7834 2.0474 -3.8847 177.2247 -25.9401 -179.9993 16350.0
-4.8112 2.0446 -3.7995 177.4 -26.9739 -180.0 16366.6667
-4.8334 2.0422 -3.7279 177.4333 -27.7501 -179.9998 16383.3333
-4.8502 2.0404 -3.6719 177.5272 -28.3865 -179.9999 16400.0
-4.8644 2.0389 -3.6229 177.6044 -28.779 -180.0 16416.6667
-4.885 2.0367 -3.5489 177.7 -29.4413 -180.0 16433.3333
-4.9009 2.035 -3.491 177.7048 -29.7191 -180.0 16450.0
-4.9153 2.0334 -3.4376 177.7444 -29.8779 -180.0 16466.6667
-4.9347 2.0315 -3.3652 177.7978 -30.0912 -180.0 16483.3333
-4.9525 2.0295 -3.2973 177.8037 -30.3094 -180.0 16500.0
-4.9616 2.0286 -3.2626 177.8654 -30.4636 -179.9999 16516.6667
-4.975 2.0272 -3.2086 177.9318 -30.7572 -179.9999 16533.3333
-4.9954 2.0251 -3.1257 178.0 -31.2118 180.0 16550.0
-5.0115 2.0234 -3.0593 178.0 -31.4148 180.0 16566.6667
-5.0249 2.022 -3.0019 178.0 -31.7853 -180.0 16583.3333
-5.0399 2.0203 -2.9359 178.0 -32.2236 -180.0 16600.0
-5.0506 2.0191 -2.8874 178.0 -32.6418 -180.0 16616.6667
-5.0653 2.0173 -2.816 178.0 -33.2297 -180.0 16633.3333
-5.0784 2.0156 -2.7507 178.0477 -33.7131 -179.9999 16650.0
-5.0879 2.0145 -2.7011 178.1 -34.055 -180.0 16666.6667
-5.0994 2.0131 -2.6405 178.1 -34.2543 -180.0 16683.3333
-5.1111 2.0116 -2.578 178.1 -34.4279 -180.0 16700.0
-5.121 2.0103 -2.5242 178.1 -34.5345 180.0 16716.6667
-5.1313 2.0089 -2.4673 178.124 -34.7825 -179.9999 16733.3333
-5.1404 2.0078 -2.4141 178.2 -35.3301 -180.0 16750.0
-5.1501 2.0063 -2.3516 178.2545 -36.3029 -179.9993 16766.6667
-5.1566 2.0054 -2.3007 178.4227 -37.6482 -179.9999 16783.3333
-5.1627 2.0044 -2.2478 178.5304 -38.4269 -179.9995 16800.0
-5.1686 2.0033 -2.1792 178.7298 -40.0395 -179.9999 16816.6667
-5.1722 2.0027 -2.1343 178.8237 -40.4167 -179.9998 16833.3333
-5.1754 2.002 -2.0842 178.9428 -41.25 -179.9999 16850.0
-5.1792 2.0012 -2.0212 178.95 -41.5448 -180.0 16866.6667
-5.1822 2.0006 -1.9682 179.0407 -41.7769 -180.0 16883.3333
-5.1852 1.9999 -1.9105 179.05 -42.0083 -180.0 16900.0
-5.1879 1.9993 -1.8524 179.1183 -42.2892 -179.9999 16916.6667
-5.1902 1.9987 -1.7993 179.15 -42.4957 -180.0 16933.3333
-5.1925 1.9981 -1.7434 179.15 -42.65 -180.0 16950.0
-5.1949 1.9975 -1.6805 179.15 -42.7971 180.0 16966.6667
-5.1967 1.997 -1.6328 179.15 -42.8408 180.0 16983.3333
-5.1986 1.9965 -1.581 179.15 -42.9265 180.0 17000.0
-5.2008 1.9957 -1.5136 179.15 -43.0767 180.0 17016.6667
-5.2027 1.9951 -1.4547 179.15 -43.2265 -180.0 17033.3333
-5.2042 1.9945 -1.4012 179.15 -43.3735 -180.0 17050.0
-5.2061 1.9938 -1.3301 179.15 -43.502 180.0 17066.6667
-5.2074 1.9932 -1.2753 179.15 -43.55 180.0 17083.3333
-5.2086 1.9928 -1.2308 179.15 -43.55 180.0 17100.0
-5.2104 1.992 -1.1606 179.15 -43.55 180.0 17116.6667
-5.2113 1.9916 -1.1223 179.15 -43.55 180.0 17133.3333
-5.2126 1.9911 -1.0727 179.15 -43.575 180.0 17150.0
-5.2143 1.9903 -0.9965 179.15 -43.7444 180.0 17166.6667
-5.2153 1.9897 -0.941 179.15 -43.9238 180.0 17183.3333
-5.2161 1.9892 -0.8912 179.1313 -44.1125 -180.0 17200.0
-5.2167 1.9886 -0.8387 179.1 -44.3417 180.0 17216.6667
-5.2171 1.9881 -0.7975 179.1 -44.4458 180.0 17233.3333
-5.2174 1.9875 -0.7388 179.1 -44.6184 180.0 17250.0
-5.2178 1.9869 -0.6806 179.1 -44.6927 180.0 17266.6667
-5.218 1.9864 -0.6355 179.1 -44.7 180.0 17283.3333
-5.2183 1.9856 -0.5702 179.1 -44.7857 180.0 17300.0
-5.2182 1.985 -0.5156 179.1 -45.0444 180.0 17316.6667
-5.2178 1.9844 -0.4679 179.1 -45.3725 180.0 17333.3333
-5.2173 1.9839 -0.4178 179.1 -45.6972 180.0 17350.0
-5.2162 1.9834 -0.3683 179.1332 -46.15 -179.9997 17366.6667
-5.2146 1.983 -0.3205 179.2 -46.9151 -180.0 17383.3333
-5.2126 1.9825 -0.2753 179.2 -47.425 -180.0 17400.0
-5.2096 1.9818 -0.2129 179.2 -47.837 180.0 17416.6667
-5.2069 1.9814 -0.1654 179.2018 -48.2065 -180.0 17433.3333
-5.2034 1.9809 -0.1096 179.2944 -48.5306 -180.0 17450.0
-5.2003 1.9805 -0.0613 179.3 -48.7241 -180.0 17466.6667
-5.1966 1.98 -0.0082 179.3896 -49.0188 -180.0 17483.3333
-5.1923 1.9797 0.0494 179.4 -49.3 180.0 17500.0
-5.1879 1.9793 0.1033 179.5 -49.6118 -180.0 17516.6667
-5.1835 1.979 0.1541 179.5 -49.9056 -180.0 17533.3333
-5.1791 1.9787 0.2025 179.5 -50.1833 -180.0 17550.0
-5.176 1.9785 0.2354 179.5579 -50.4611 -179.9998 17566.6667
-5.1725 1.9783 0.2691 179.6 -50.7784 -180.0 17583.3333
-5.1666 1.9781 0.3227 179.6 -51.1796 180.0 17600.0
-5.1577 1.9778 0.3996 179.6728 -51.5917 -179.9999 17616.6667
-5.1495 1.9776 0.4648 179.7648 -52.0894 -179.9998 17633.3333
-5.1437 1.9776 0.5094 179.8499 -52.4749 -179.9999 17650.0
-5.1377 1.9775 0.5529 179.9 -52.7929 -180.0 17666.6667
-5.1304 1.9774 0.6036 179.9065 -53.1259 -180.0 17683.3333
-5.1234 1.9774 0.6517 179.95 -53.3075 -180.0 17700.0
-5.1175 1.9774 0.6919 179.95 -53.4325 -180.0 17716.6667
-5.1095 1.9774 0.7422 179.9948 -53.8978 -180.0 17733.3333
-5.1017 1.9774 0.7916 180.0 -54.1078 -180.0 17750.0
-5.0928 1.9775 0.8443 -179.8814 -54.6249 -179.9998 17766.6667
-5.0826 1.9776 0.8997 -179.7612 -55.4166 -179.9999 17783.3333
-5.0717 1.9778 0.9541 -179.65 -56.3499 -180.0 17800.0
-5.0625 1.9781 0.9957 -179.5669 -57.3499 -179.9997 17816.6667
-5.054 1.9783 1.0298 -179.4927 -58.7093 -179.9992 17833.3333
-5.0383 1.9787 1.0889 -179.45 -59.8707 -180.0 17850.0
-5.0231 1.9791 1.1426 -179.45 -60.9166 -180.0 17866.6667
-5.0097 1.9794 1.1848 -179.4618 -61.9928 179.9999 17883.3333
-4.9921 1.9797 1.2398 -179.5347 -62.9617 179.9994 17900.0
-4.9767 1.9799 1.2835 -179.6493 -64.2999 179.9992 17916.6667
-4.959 1.98 1.3313 -179.7665 -65.3332 179.9998 17933.3333
-4.9417 1.9801 1.3761 -179.8156 -66.0841 179.9998 17950.0
-4.9244 1.9802 1.4193 -179.863 -66.8178 179.9999 17966.6667
-4.9024 1.9803 1.4727 -179.937 -67.3548 179.9997 17983.3333
-4.8851 1.9803 1.5139 179.9843 -67.7788 179.9999 18000.0
-4.8674 1.9803 1.5556 179.95 -67.9981 180.0 18016.6667
-4.8492 1.9802 1.5979 179.9472 -68.2055 180.0 18033.3333
-4.8364 1.9802 1.6278 179.9125 -68.2749 180.0 18050.0
-4.815 1.9802 1.6774 179.9 -68.3241 180.0 18066.6667
-4.788 1.9801 1.7397 179.9 -68.3499 -180.0 18083.3333
-4.7679 1.9799 1.7863 179.9 -68.371 -180.0 18100.0
-4.7503 1.9799 1.8269 179.9 -68.3999 180.0 18116.6667
-4.7317 1.9799 1.8699 179.9 -68.4114 -180.0 18133.3333
-4.7186 1.9798 1.9001 179.9 -68.4689 -180.0 18150.0
-4.7069 1.9798 1.9273 179.8897 -68.5206 180.0 18166.6667
-4.6901 1.9797 1.9658 179.8671 -68.5657 180.0 18183.3333
-4.6613 1.9795 2.0312 179.8234 -68.6532 179.9999 18200.0
-4.6316 1.9793 2.0986 179.7334 -68.8499 180.0 18216.6667
-4.6104 1.9791 2.1459 179.6592 -69.114 179.9998 18233.3333
-4.5861 1.9788 2.1994 179.6 -69.4293 -180.0 18250.0
-4.5684 1.9786 2.2379 179.5794 -69.5824 179.9999 18266.6667
-4.5488 1.9783 2.2805 179.55 -69.7134 180.0 18283.3333
-4.528 1.978 2.3255 179.5264 -69.8451 179.9998 18300.0
-4.5091 1.9777 2.3657 179.4453 -70.1713 179.9999 18316.6667
-4.4836 1.9772 2.4189 179.3294 -70.6936 179.9998 18333.3333
-4.4619 1.9768 2.4629 179.2401 -71.0999 179.9999 18350.0
-4.444 1.9764 2.499 179.1974 -71.3159 180.0 18366.6667
-4.4264 1.976 2.5341 179.131 -71.7159 179.9996 18383.3333
-4.4012 1.9753 2.5829 179.0474 -72.191 179.9996 18400.0
-4.3736 1.9745 2.6359 178.976 -72.5461 179.9999 18416.6667
-4.3492 1.9738 2.682 178.9272 -72.8332 179.9999 18433.3333
-4.3244 1.9732 2.7285 178.9 -73.1249 180.0 18450.0
-4.3016 1.9725 2.7708 178.9 -73.3139 180.0 18466.6667
-4.2814 1.9719 2.808 178.8842 -73.5132 179.9999 18483.3333
-4.2589 1.9713 2.8491 178.843 -73.7642 179.9998 18500.0
-4.2334 1.9705 2.8941 178.8032 -74.3991 179.9999 18516.6667
-4.2107 1.9698 2.9335 178.8 -74.9184 180.0 18533.3333
-4.1831 1.969 2.9806 178.8 -75.4199 180.0 18550.0
-4.1577 1.9683 3.0228 178.8 -76.0028 -180.0 18566.6667
-4.1339 1.9675 3.0619 178.8 -76.2629 -180.0 18583.3333
-4.1075 1.9668 3.1052 178.8 -76.5058 -180.0 18600.0
-4.0828 1.9661 3.1453 178.8 -76.5841 -180.0 18616.6667
-4.0556 1.9653 3.1893 178.8 -76.5999 -180.0 18633.3333
-4.0298 1.9646 3.2314 178.8 -76.5999 -180.0 18650.0
-4.0039 1.9639 3.2735 178.8 -76.6102 180.0 18666.6667
-3.971 1.963 3.3269 178.8186 -76.6685 -180.0 18683.3333
-3.947 1.9624 3.3657 178.8676 -76.7175 -180.0 18700.0
-3.9203 1.9616 3.4088 178.9177 -76.7676 -180.0 18716.6667
-3.8939 1.961 3.4514 178.95 -76.8175 -180.0 18733.3333
-3.8703 1.9605 3.4892 178.95 -76.8499 180.0 18750.0
-3.8449 1.9598 3.5302 178.9622 -76.8621 -180.0 18766.6667
-3.8155 1.9591 3.5773 179.0 -76.9666 -180.0 18783.3333
-3.7898 1.9585 3.6182 179.0312 -77.2262 -179.9997 18800.0
-3.7662 1.9581 3.655 179.1316 -77.6617 -179.9992 18816.6667
-3.7389 1.9576 3.6965 179.25 -78.3675 -180.0 18833.3333
-3.7126 1.9572 3.7355 179.2659 -79.0499 -179.9992 18850.0
-3.6848 1.9569 3.7748 179.35 -80.1589 -180.0 18866.6667
-3.6493 1.9564 3.8234 179.3711 -81.3753 -179.9979 18883.3333
-3.6256 1.9561 3.8534 179.4451 -82.8608 -179.9994 18900.0
-3.5983 1.9558 3.8871 179.45 -83.6976 -180.0 18916.6667
-3.5789 1.9556 3.9111 179.4827 -84.3098 -179.9982 18933.3333
-3.5541 1.9554 3.9404 179.5392 -84.8099 -179.9992 18950.0
-3.4989 1.955 4.0045 179.6403 -85.7199 -179.9991 18966.6667
-3.463 1.9548 4.0456 179.7456 -86.1832 -179.9998 18983.3333
-3.4329 1.9547 4.0793 179.75 -86.6889 -180.0 19000.0
-3.3963 1.9545 4.1199 179.75 -87.0432 180.0 19016.6667
-3.3593 1.9544 4.1609 179.7541 -87.0541 -180.0 19033.3333
-3.3258 1.9542 4.198 179.8 -87.0998 -180.0 19050.0
-3.3028 1.9541 4.2234 179.8 -87.0998 -180.0 19066.6667
-3.2651 1.954 4.2651 179.8 -87.1809 180.0 19083.3333
-3.2413 1.954 4.2913 179.8 -87.2874 180.0 19100.0
-3.2067 1.9538 4.3291 179.8 -87.4213 180.0 19116.6667
-3.16 1.9536 4.3796 179.7725 -87.85 179.9983 19133.3333
-3.1247 1.9534 4.417 179.7223 -88.3646 179.9983 19150.0
-3.095 1.9533 4.448 179.6839 -88.8011 179.9968 19166.6667
-3.0623 1.9531 4.4814 179.6468 -89.2523 179.9984 19183.3333
-3.0222 1.9527 4.5217 179.6 -89.8207 -180.0 19200.0
-2.9938 1.9526 4.55 -0.4166 -89.8637 0.0124 19216.6667
-2.9566 1.9523 4.586 -0.5047 -89.0149 0.0008 19233.3333
-2.9207 1.9519 4.62 -0.5541 -88.5682 0.0005 19250.0
-2.8792 1.9515 4.6589 -0.6 -88.1213 0.0 19266.6667
-2.8471 1.9512 4.6888 -0.6049 -87.9602 0.0004 19283.3333
-2.8073 1.9507 4.7253 -0.65 -87.5203 0.0 19300.0
-2.7775 1.9504 4.7525 -0.65 -87.3535 0.0 19316.6667
-2.7379 1.95 4.7882 -0.6956 -87.1233 0.0002 19333.3333
-2.7001 1.9494 4.8219 -0.7891 -86.615 0.0008 19350.0
-2.6744 1.9491 4.8445 -0.8 -86.3502 0.0 19366.6667
-2.6314 1.9485 4.8818 -0.8339 -85.9502 0.0006 19383.3333
-2.5868 1.9479 4.92 -0.892 -85.5002 0.002 19400.0
-2.5521 1.9473 4.9488 -0.9459 -85.0835 0.0003 19416.6667
-2.5131 1.9468 4.9809 -0.9953 -84.509 0.0002 19433.3333
-2.4806 1.9462 5.0073 -1.0756 -84.1502 0.0006 19450.0
-2.4438 1.9455 5.0369 -1.1328 -83.7585 0.0004 19466.6667
-2.3963 1.9446 5.0743 -1.2245 -83.2312 0.0007 19483.3333
-2.3663 1.9439 5.0976 -1.3706 -82.657 0.0025 19500.0
-2.3225 1.9429 5.1303 -1.5059 -81.9395 0.0012 19516.6667
-2.2739 1.9418 5.1661 -1.6083 -81.227 0.0009 19533.3333
-2.2312 1.9406 5.1965 -1.7109 -80.5301 0.0009 19550.0
-2.1938 1.9396 5.2226 -1.8448 -79.8559 0.0021 19566.6667
-2.155 1.9384 5.2488 -1.9657 -79.2299 0.0003 19583.3333
-2.1109 1.9371 5.2784 -2.0161 -78.7547 0.0001 19600.0
-2.078 1.9361 5.3002 -2.0557 -78.4835 0.0001 19616.6667
-2.0308 1.9346 5.3307 -2.1099 -77.8914 0.0001 19633.3333
-1.9908 1.9334 5.3563 -2.1595 -77.6033 0.0001 19650.0
-1.9447 1.9319 5.3855 -2.2132 -77.3216 0.0001 19666.6667
-1.9004 1.9305 5.4132 -2.2652 -77.0097 0.0001 19683.3333
-1.8662 1.9293 5.4343 -2.3073 -76.7216 0.0001 19700.0
-1.8145 1.9275 5.4657 -2.3647 -76.1773 0.0001 19716.6667
-1.7741 1.9261 5.4898 -2.4 -75.9032 0.0 19733.3333
-1.7402 1.925 5.5099 -2.4 -75.6002 0.0 19750.0
-1.7003 1.9236 5.533 -2.4879 -75.03 0.0002 19766.6667
-1.6493 1.9217 5.5617 -2.5508 -74.3858 0.0 19783.3333
-1.6089 1.9203 5.5838 -2.5889 -73.6661 0.0003 19800.0
-1.5769 1.9191 5.6009 -2.6245 -73.1342 0.0002 19816.6667
-1.5335 1.9174 5.6234 -2.6777 -72.4887 0.0007 19833.3333
-1.4744 1.9151 5.6528 -2.768 -71.5073 0.0001 19850.0
-1.4298 1.9134 5.6747 -2.8169 -71.0335 0.0002 19866.6667
-1.3976 1.9122 5.69 -2.8524 -70.555 0.0001 19883.3333
-1.3545 1.9105 5.7099 -2.8824 -69.9895 0.0003 19900.0
-1.3018 1.9084 5.7338 -2.9177 -69.387 0.0002 19916.6667
-1.2515 1.9064 5.7559 -2.9609 -68.7702 0.0001 19933.3333
-1.216 1.9049 5.7711 -3.0024 -68.2764 0.0 19950.0
-1.1825 1.9036 5.7853 -3.0421 -67.8796 0.0001 19966.6667
-1.1167 1.9009 5.8127 -3.05 -67.4891 0.0 19983.3333
-1.064 1.8987 5.8341 -3.1 -67.1502 0.0 20000.0
-1.0215 1.8969 5.8514 -3.1 -67.0113 0.0 20016.6667
-0.9741 1.895 5.8705 -3.1 -66.9044 0.0 20033.3333
-0.9232 1.8929 5.8908 -3.1025 -66.7352 0.0 20050.0
-0.8847 1.8913 5.9059 -3.1442 -66.4852 0.0 20066.6667
-0.8422 1.8895 5.9226 -3.15 -66.3308 0.0 20083.3333
-0.803 1.8879 5.9377 -3.15 -66.0216 0.0 20100.0
-0.7519 1.8858 5.957 -3.1742 -65.6576 0.0001 20116.6667
-0.6945 1.8833 5.9782 -3.223 -65.221 0.0001 20133.3333
-0.654 1.8816 5.9927 -3.25 -64.7433 0.0 20150.0
-0.6166 1.88 6.0057 -3.25 -64.3123 0.0 20166.6667
-0.559 1.8776 6.0252 -3.2887 -63.6606 0.0001 20183.3333
-0.5057 1.8752 6.0428 -3.3326 -63.1752 0.0001 20200.0
-0.4634 1.8734 6.0563 -3.35 -62.7317 0.0 20216.6667
-0.4136 1.8712 6.0719 -3.3778 -62.3613 0.0001 20233.3333
-0.3682 1.8692 6.0859 -3.4186 -62.065 0.0001 20250.0
-0.3352 1.8677 6.0957 -3.4494 -61.7564 0.0 20266.6667
-0.2944 1.8659 6.1074 -3.4857 -61.0756 0.0002 20283.3333
-0.2341 1.8632 6.1242 -3.5358 -60.6216 0.0 20300.0
-0.176 1.8606 6.1401 -3.55 -60.1502 0.0 20316.6667
-0.1292 1.8584 6.1523 -3.5747 -59.7042 0.0001 20333.3333
-0.092 1.8567 6.1619 -3.6 -59.3782 0.0 20350.0
-0.0545 1.855 6.1714 -3.6 -59.1782 0.0 20366.6667
0.0053 1.8523 6.1856 -3.6 -58.4713 0.0 20383.3333
0.0569 1.8499 6.1973 -3.6 -57.5645 0.0 20400.0
0.1049 1.8477 6.2068 -3.6 -56.058 0.0 20416.6667
0.154 1.8455 6.2137 -3.6 -54.2335 0.0 20433.3333
0.201 1.8434 6.2215 -3.6 -52.9237 0.0 20450.0
0.2538 1.8409 6.2258 -3.6 -52.2725 0.0 20466.6667
0.2808 1.8387 6.2013 -3.6 -51.5745 0.0 20483.3333
0.3007 1.8371 6.1861 -3.6 -51.1957 0.0 20500.0
0.3354 1.8342 6.1576 -3.6516 -50.336 0.0 20516.6667
0.3559 1.8325 6.1404 -3.6913 -49.9789 0.0 20533.3333
0.3859 1.8299 6.1148 -3.7407 -49.5753 0.0 20550.0
0.4123 1.8276 6.0921 -3.7902 -49.4199 0.0 20566.6667
0.4438 1.8249 6.0651 -3.8 -49.2574 0.0 20583.3333
0.4539 1.8241 6.0564 -3.8 -49.197 0.0 20600.0
0.4802 1.8217 6.0335 -3.8111 -49.1059 0.0 20616.6667
0.5246 1.8177 5.9949 -3.85 -48.8979 0.0 20633.3333
0.5405 1.8163 5.9808 -3.8579 -48.7608 0.0 20650.0
0.5689 1.8137 5.9557 -3.9 -48.5403 0.0 20666.6667
0.5959 1.8112 5.9317 -3.9 -48.2903 0.0 20683.3333
0.6192 1.8091 5.9108 -3.9 -48.0559 0.0 20700.0
0.6499 1.8062 5.8828 -3.9 -47.7047 0.0 20716.6667
0.6762 1.8038 5.8586 -3.9 -47.3552 0.0 20733.3333
0.7002 1.8015 5.8362 -3.9389 -46.9503 0.0 20750.0
0.7212 1.7995 5.8161 -3.95 -46.4386 0.0 20766.6667
0.7457 1.7972 5.7925 -3.95 -46.1266 0.0 20783.3333
0.7737 1.7945 5.7655 -3.95 -46.0003 0.0 20800.0
0.7998 1.792 5.7402 -3.95 -45.8836 0.0 20816.6667
0.8263 1.7895 5.7145 -3.95 -45.7899 0.0 20833.3333
0.851 1.7871 5.6904 -3.95 -45.7398 0.0 20850.0
0.8738 1.7848 5.6681 -3.95 -45.7003 0.0 20866.6667
0.9041 1.7819 5.6385 -3.95 -45.6876 0.0 20883.3333
0.928 1.7796 5.6152 -3.95 -45.6385 0.0 20900.0
0.9521 1.7773 5.5916 -3.95 -45.5799 0.0 20916.6667
0.9761 1.775 5.5679 -3.95 -45.492 0.0 20933.3333
1.0044 1.7722 5.5401 -3.95 -45.4378 0.0 20950.0
1.0241 1.7703 5.5206 -3.95 -45.4003 0.0 20966.6667
1.0495 1.7679 5.4956 -3.95 -45.4003 0.0 20983.3333
1.0794 1.7649 5.4661 -3.95 -45.4003 0.0 21000.0
1.0993 1.763 5.4465 -3.95 -45.3983 0.0 21016.6667
1.1238 1.7607 5.4223 -3.95 -45.3503 0.0 21033.3333
1.1482 1.7583 5.3982 -3.95 -45.3503 0.0 21050.0
1.179 1.7553 5.3677 -3.95 -45.2901 0.0 21066.6667
1.2013 1.7531 5.3456 -3.95 -45.2503 0.0 21083.3333
1.2278 1.7505 5.3193 -3.95 -45.2503 0.0 21100.0
1.2528 1.7481 5.2946 -3.95 -45.2503 0.0 21116.6667
1.2746 1.746 5.2729 -3.95 -45.2503 0.0 21133.3333
1.2989 1.7437 5.2489 -3.95 -45.2478 0.0 21150.0
1.319 1.7416 5.2288 -3.95 -45.2061 0.0 21166.6667
1.3478 1.7388 5.2002 -3.95 -45.097 0.0 21183.3333
1.3743 1.7363 5.1736 -3.95 -44.942 0.0 21200.0
1.3898 1.7348 5.1581 -3.95 -44.8725 0.0 21216.6667
1.4183 1.7319 5.1289 -3.9834 -44.3836 0.0001 21233.3333
1.4468 1.729 5.0992 -4.0251 -43.7753 0.0001 21250.0
1.4686 1.7267 5.0759 -4.065 -43.2512 0.0001 21266.6667
1.4926 1.7242 5.0499 -4.1 -42.7892 0.0 21283.3333
1.5165 1.7216 5.0236 -4.1 -42.2336 0.0 21300.0
1.5378 1.7194 4.9996 -4.1 -41.6781 0.0 21316.6667
1.5632 1.7166 4.9706 -4.1 -41.2181 0.0 21333.3333
1.5858 1.7141 4.9447 -4.1 -41.0121 0.0 21350.0
1.6096 1.7116 4.9171 -4.1 -40.9514 0.0 21366.6667
1.6321 1.7091 4.8912 -4.1 -40.9504 0.0 21383.3333
1.656 1.7065 4.8637 -4.1 -40.9504 0.0 21400.0
1.6723 1.7046 4.8448 -4.1 -40.9504 0.0 21416.6667
1.6937 1.7023 4.8203 -4.1 -40.9504 0.0 21433.3333
1.7256 1.6989 4.7835 -4.1 -40.9041 0.0 21450.0
1.7491 1.6963 4.7563 -4.1 -40.7995 0.0 21466.6667
1.7705 1.6939 4.7313 -4.1 -40.7046 0.0 21483.3333
1.7913 1.6917 4.7071 -4.0852 -40.6208 0.0 21500.0
1.8088 1.6898 4.6867 -4.0543 -40.559 0.0 21516.6667
1.8378 1.6865 4.6527 -4.05 -40.4996 0.0 21533.3333
1.856 1.6845 4.6314 -4.05 -40.4618 0.0 21550.0
1.8716 1.6829 4.6131 -4.0222 -40.3948 0.0 21566.6667
1.9002 1.6798 4.579 -3.9755 -40.2771 0.0 21583.3333
1.9313 1.6765 4.5435 -3.897 -40.0945 -0.0001 21600.0
1.9475 1.6746 4.518 -3.788 -39.8972 -0.0001 21616.6667
1.9733 1.6728 4.5019 -3.6617 -39.6994 -0.0001 21633.3333
2.0318 1.6703 4.4979 -3.5038 -39.4273 -0.0001 21650.0
2.0864 1.668 4.4919 -3.3596 -38.989 -0.0001 21666.6667
2.1313 1.6662 4.4868 -3.2108 -38.4837 -0.0005 21683.3333
2.1848 1.6642 4.4801 -3.0087 -37.7533 -0.0002 21700.0
2.2335 1.6625 4.4735 -2.8874 -37.1712 -0.0002 21716.6667
2.2822 1.6608 4.4662 -2.7558 -36.5131 -0.0004 21733.3333
2.325 1.6594 4.4591 -2.656 -35.7464 -0.0001 21750.0
2.3732 1.6579 4.4507 -2.4758 -35.2217 -0.0001 21766.6667
2.4237 1.6564 4.4416 -2.3604 -34.7025 0.0 21783.3333
2.4779 1.6549 4.4314 -2.25 -34.3004 0.0 21800.0
2.5173 1.6538 4.4237 -2.1706 -34.0623 -0.0001 21816.6667
2.5564 1.6528 4.4159 -2.085 -33.7408 -0.0001 21833.3333
2.6069 1.6515 4.4056 -2.0065 -33.4265 -0.0001 21850.0
2.651 1.6504 4.3963 -1.95 -33.1597 0.0 21866.6667
2.6806 1.6496 4.39 -1.95 -32.9745 0.0 21883.3333
2.7397 1.6483 4.3769 -1.8846 -32.6178 -0.0002 21900.0
2.8091 1.6467 4.3611 -1.7825 -32.1893 -0.0001 21916.6667
2.854 1.6457 4.3506 -1.7032 -31.9115 0.0 21933.3333
2.9049 1.6447 4.3381 -1.6 -31.2004 0.0 21950.0
2.9552 1.6438 4.3248 -1.5 -30.1242 0.0 21966.6667
3.0091 1.6427 4.31 -1.4841 -29.4734 -0.0001 21983.3333
3.0453 1.6421 4.2993 -1.4047 -28.8385 0.0 22000.0
3.1039 1.6411 4.2818 -1.4 -28.3123 0.0 22016.6667
3.1395 1.6404 4.2709 -1.4 -28.0742 0.0 22033.3333
3.1909 1.6395 4.255 -1.4 -27.7004 0.0 22050.0
3.2429 1.6385 4.2387 -1.4 -27.5416 0.0 22066.6667
3.2839 1.6378 4.2256 -1.4 -27.4539 0.0 22083.3333
3.3295 1.637 4.211 -1.4 -27.2322 0.0 22100.0
3.3828 1.636 4.1936 -1.4281 -26.9258 0.0 22116.6667
3.4325 1.635 4.1771 -1.5044 -26.6598 0.0001 22133.3333
3.4752 1.6341 4.1628 -1.6 -26.4886 0.0 22150.0
3.5222 1.6331 4.147 -1.6156 -26.3744 0.0 22166.6667
3.5694 1.6321 4.1309 -1.7617 -26.1387 0.0 22183.3333
3.6077 1.6311 4.1177 -1.845 -26.0554 0.0 22200.0
3.6691 1.6295 4.0963 -1.9592 -25.7412 0.0 22216.6667
3.7057 1.6286 4.0835 -2.0022 -25.6971 0.0 22233.3333
3.7577 1.6271 4.0652 -2.1118 -25.5386 0.0 22250.0
3.8032 1.6259 4.049 -2.2098 -25.4357 0.0 22266.6667
3.848 1.6245 4.033 -2.3027 -25.2924 0.0 22283.3333
3.8772 1.6236 4.0225 -2.336 -25.1924 0.0 22300.0
3.9337 1.6218 4.0019 -2.4191 -25.0468 0.0 22316.6667
3.9935 1.6199 3.9801 -2.494 -24.9123 0.0 22333.3333
4.0358 1.6184 3.9646 -2.5 -24.8215 0.0 22350.0
4.0738 1.6172 3.9506 -2.5317 -24.7687 0.0 22366.6667
4.1161 1.6157 3.935 -2.5746 -24.7013 0.0 22383.3333
4.1682 1.6139 3.9156 -2.6 -24.6171 0.0 22400.0
4.218 1.6123 3.8971 -2.6 -24.5437 0.0 22416.6667
4.2561 1.611 3.8829 -2.6 -24.5021 0.0 22433.3333
4.3104 1.6091 3.8625 -2.6056 -24.3393 0.0 22450.0
4.3528 1.6075 3.8464 -2.65 -24.246 0.0 22466.6667
4.4037 1.6058 3.827 -2.6569 -24.1229 0.0 22483.3333
4.4504 1.6042 3.809 -2.7 -23.9196 0.0 22500.0
4.5051 1.6021 3.7878 -2.7142 -23.6937 0.0 22516.6667
4.5422 1.6008 3.7732 -2.75 -23.5358 0.0 22533.3333
4.5905 1.599 3.7541 -2.7579 -23.4188 0.0 22550.0
4.6301 1.5975 3.7384 -2.8 -23.2426 0.0 22566.6667
4.6759 1.5959 3.72 -2.8 -23.0456 0.0 22583.3333
4.7302 1.5938 3.6978 -2.8088 -22.8239 0.0 22600.0
4.7731 1.5922 3.6802 -2.85 -22.6814 0.0 22616.6667
4.8091 1.5908 3.6654 -2.85 -22.5623 0.0 22633.3333
4.8515 1.5893 3.6479 -2.85 -22.5192 0.0 22650.0
4.911 1.5869 3.6232 -2.85 -22.4748 0.0 22666.6667
4.9612 1.585 3.6024 -2.85 -22.4282 0.0 22683.3333
4.9997 1.5836 3.5864 -2.85 -22.3691 0.0 22700.0
5.0486 1.5816 3.5659 -2.8677 -22.2473 0.0 22716.6667
5.0969 1.5798 3.5456 -2.9 -22.1306 0.0 22733.3333
5.1398 1.5782 3.5275 -2.9 -22.082 0.0 22750.0
5.1853 1.5764 3.5082 -2.9 -22.0325 0.0 22766.6667
5.2401 1.5742 3.4849 -2.9 -22.0004 0.0 22783.3333
5.2672 1.5732 3.4735 -2.9 -22.0004 0.0 22800.0
5.2846 1.5725 3.4661 -2.9 -22.0004 0.0 22816.6667
5.3454 1.5702 3.4404 -2.9 -22.0004 0.0 22833.3333
5.4159 1.5674 3.4105 -2.9 -22.0004 0.0 22850.0
5.458 1.5657 3.3926 -2.9 -22.0004 0.0 22866.6667
5.5009 1.5641 3.3745 -2.9 -22.0004 0.0 22883.3333
5.5431 1.5625 3.3566 -2.9 -22.0004 0.0 22900.0
5.5864 1.5608 3.3383 -2.9 -22.0004 0.0 22916.6667
5.6331 1.559 3.3185 -2.9 -22.0004 0.0 22933.3333
5.6779 1.5572 3.2995 -2.9 -22.0004 0.0 22950.0
5.7241 1.5554 3.2799 -2.9 -22.0004 0.0 22966.6667
5.767 1.5538 3.2617 -2.9 -22.0004 0.0 22983.3333
5.8204 1.5517 3.2391 -2.9 -22.0004 0.0 23000.0
5.8666 1.5499 3.2196 -2.9 -22.0004 0.0 23016.6667
5.9142 1.5481 3.1994 -2.9 -22.0004 0.0 23033.3333
5.9572 1.5464 3.1812 -2.9 -22.0004 0.0 23050.0
6.0019 1.5446 3.1623 -2.9 -22.0004 0.0 23066.6667
6.045 1.543 3.1438 -2.9 -22.0004 0.0 23083.3333
6.0889 1.5413 3.1256 -2.9 -22.0004 0.0 23100.0
6.1343 1.5394 3.105 -2.9 -22.0004 0.0 23116.6667
6.1872 1.5375 3.0859 -2.9 -22.0004 0.0 23133.3333
6.2202 1.5358 3.0633 -2.9 -22.0004 0.0 23150.0
6.1959 1.5341 3.0167 -2.9 -22.0004 0.0 23166.6667
6.1706 1.5318 2.9568 -2.9 -22.0004 0.0 23183.3333
6.1545 1.5303 2.9196 -2.9 -22.0004 0.0 23200.0
6.1362 1.5286 2.8767 -2.9 -22.0004 0.0 23216.6667
6.1165 1.5269 2.8301 -2.9 -22.0004 0.0 23233.3333
6.0981 1.5252 2.7871 -2.9 -22.0004 0.0 23250.0
6.0828 1.5239 2.7512 -2.8651 -22.0353 0.0 23266.6667
6.0602 1.5218 2.6975 -2.8131 -22.1611 0.0 23283.3333
6.0403 1.52 2.6498 -2.7618 -22.3533 0.0 23300.0
6.0199 1.5182 2.6004 -2.6656 -22.6115 0.0 23316.6667
6.0024 1.5168 2.5572 -2.5784 -22.9371 0.0001 23333.3333
5.9929 1.516 2.5338 -2.5108 -23.2272 0.0001 23350.0
5.9786 1.5148 2.4972 -2.4512 -23.495 0.0 23366.6667
5.9491 1.5125 2.4197 -2.3059 -24.1249 0.0 23383.3333
5.9315 1.511 2.3723 -2.3 -24.6304 0.0 23400.0
5.9149 1.5097 2.3265 -2.2209 -25.1067 0.0001 23416.6667
5.8975 1.5083 2.2765 -2.1167 -25.7837 0.0001 23433.3333
5.8831 1.5071 2.2332 -2.1 -26.6393 0.0 23450.0
5.8666 1.5058 2.1817 -2.0156 -27.2726 0.0001 23466.6667
5.8524 1.5046 2.1357 -2.0 -27.8031 0.0 23483.3333
5.8396 1.5035 2.0931 -1.9334 -28.2838 0.0001 23500.0
5.8254 1.5024 2.0446 -1.9 -28.7642 0.0 23516.6667
5.8108 1.5011 1.9929 -1.9 -29.2323 0.0 23533.3333
5.7965 1.4998 1.9402 -1.9 -29.6129 0.0 23550.0
5.7843 1.4987 1.8954 -1.9 -29.8095 0.0 23566.6667
5.7751 1.4979 1.861 -1.9 -29.9831 0.0 23583.3333
5.7621 1.4967 1.8121 -1.9 -30.1076 0.0 23600.0
5.7512 1.4957 1.7712 -1.9 -30.2326 0.0 23616.6667
5.7379 1.4944 1.7196 -1.9 -30.3929 0.0 23633.3333
5.7202 1.4927 1.6503 -1.9 -30.7977 0.0 23650.0
5.7112 1.4919 1.614 -1.9 -31.0101 0.0 23666.6667
5.6994 1.4907 1.5658 -1.9 -31.2338 0.0 23683.3333
5.685 1.4893 1.5053 -1.9 -31.6318 0.0 23700.0
5.6742 1.4881 1.4593 -1.9 -31.9061 0.0 23716.6667
5.6636 1.487 1.4128 -1.9 -32.1172 0.0 23733.3333
5.6523 1.4859 1.3622 -1.9 -32.4211 0.0 23750.0
5.6424 1.4847 1.3171 -1.9 -32.5803 0.0 23766.6667
5.6329 1.4837 1.2739 -1.9 -32.6505 0.0 23783.3333
5.6222 1.4825 1.225 -1.9 -32.6505 0.0 23800.0
5.6118 1.4814 1.1774 -1.9 -32.6505 0.0 23816.6667
5.6014 1.4803 1.1302 -1.9 -32.6505 0.0 23833.3333
5.589 1.4789 1.0733 -1.9 -32.6505 0.0 23850.0
5.5799 1.4779 1.0318 -1.9 -32.6505 0.0 23866.6667
5.5714 1.477 0.9932 -1.9 -32.6505 0.0 23883.3333
5.563 1.476 0.955 -1.9 -32.6505 0.0 23900.0
5.5534 1.475 0.9114 -1.9 -32.6505 0.0 23916.6667
5.5412 1.4736 0.8554 -1.9265 -32.677 0.0 23933.3333
5.5285 1.4722 0.7974 -1.95 -32.7005 0.0 23950.0
5.5176 1.471 0.7472 -1.95 -32.7005 0.0 23966.6667
5.5059 1.4697 0.6937 -1.95 -32.7005 0.0 23983.3333
5.4939 1.4683 0.6387 -1.95 -32.7005 0.0 24000.0
5.4868 1.4675 0.6062 -1.95 -32.7005 0.0 24016.6667
5.4745 1.4661 0.551 -1.998 -32.5083 0.0 24033.3333
5.4631 1.4648 0.5002 -2.05 -32.3005 0.0 24050.0
5.4528 1.4636 0.456 -2.0963 -31.8838 0.0 24066.6667
5.4393 1.4621 0.3988 -2.15 -31.7505 0.0 24083.3333
5.4269 1.4607 0.3472 -2.15 -31.7505 0.0 24100.0
5.4177 1.4595 0.3077 -2.15 -31.7505 0.0 24116.6667
5.4122 1.4582 0.2628 -2.15 -31.7505 0.0 24133.3333
5.39 1.4576 0.2282 -2.15 -31.7505 0.0 24150.0
5.3563 1.4577 0.211 -2.15 -31.7505 0.0 24166.6667
5.3319 1.4577 0.1951 -2.15 -31.7505 0.0 24183.3333
5.2971 1.4577 0.1735 -2.15 -31.7084 0.0 24200.0
5.2699 1.4577 0.1568 -2.15 -31.7005 0.0 24216.6667
5.2384 1.4577 0.1373 -2.15 -31.7005 0.0 24233.3333
5.2065 1.4577 0.1176 -2.15 -31.7005 0.0 24250.0
5.1771 1.4577 0.0994 -2.15 -31.7005 0.0 24266.6667
5.1457 1.4577 0.08 -2.15 -31.6911 0.0 24283.3333
5.1241 1.4577 0.0667 -2.15 -31.6548 0.0 24300.0
5.0945 1.4577 0.0485 -2.15 -31.6505 0.0 24316.6667
5.054 1.4577 0.0235 -2.15 -31.6505 0.0 24333.3333
5.0242 1.4577 0.0051 -2.15 -31.6505 0.0 24350.0
5.0009 1.4577 -0.0092 -2.15 -31.6505 0.0 24366.6667
4.9713 1.4577 -0.0274 -2.15 -31.6505 0.0 24383.3333
4.94 1.4577 -0.0467 -2.15 -31.6505 0.0 24400.0
4.9196 1.4577 -0.0593 -2.2064 -31.7069 0.0 24416.6667
4.8902 1.4577 -0.0777 -2.2943 -31.9431 -0.0002 24433.3333
4.8505 1.4577 -0.1031 -2.4332 -32.6338 -0.0003 24450.0
4.8223 1.4577 -0.1219 -2.5583 -33.5755 -0.0001 24466.6667
4.791 1.4577 -0.1433 -2.6104 -34.3984 -0.0001 24483.3333
4.7605 1.4577 -0.1649 -2.65 -35.3372 0.0 24500.0
4.7313 1.4577 -0.1861 -2.65 -36.0205 0.0 24516.6667
4.7078 1.4577 -0.2035 -2.65 -36.5016 0.0 24533.3333
4.6783 1.4577 -0.2256 -2.65 -36.827 0.0 24550.0
4.6506 1.4577 -0.2465 -2.65 -36.9505 0.0 24566.6667
4.6196 1.4577 -0.2698 -2.65 -36.976 0.0 24583.3333
4.5934 1.4577 -0.2896 -2.65 -37.0926 0.0 24600.0
4.5686 1.4577 -0.3085 -2.65 -37.3107 0.0 24616.6667
4.5404 1.4577 -0.3305 -2.65 -37.9083 0.0 24633.3333
4.5146 1.4577 -0.3509 -2.65 -38.3005 0.0 24650.0
4.489 1.4577 -0.3713 -2.65 -38.5946 0.0 24666.6667
4.4618 1.4577 -0.3931 -2.65 -38.7005 0.0 24683.3333
4.4333 1.4577 -0.416 -2.65 -38.7005 0.0 24700.0
4.4107 1.4577 -0.4341 -2.65 -38.7005 0.0 24716.6667
4.3836 1.4577 -0.4558 -2.65 -38.7025 0.0 24733.3333
4.358 1.4577 -0.4763 -2.65 -38.8005 0.0 24750.0
4.3325 1.4577 -0.497 -2.601 -39.0456 0.0 24766.6667
4.3102 1.4577 -0.5152 -2.6 -39.173 0.0 24783.3333
4.2819 1.4577 -0.5387 -2.5236 -39.5446 0.0001 24800.0
4.2526 1.4577 -0.5631 -2.5 -39.9461 0.0 24816.6667
4.2271 1.4577 -0.5847 -2.5 -40.3378 0.0 24833.3333
4.2036 1.4577 -0.6051 -2.5 -40.8283 0.0 24850.0
4.1806 1.4577 -0.6252 -2.5 -41.1352 0.0 24866.6667
4.1554 1.4577 -0.6474 -2.5 -41.3338 0.0 24883.3333
4.1308 1.4577 -0.6691 -2.5 -41.4266 0.0 24900.0
4.1082 1.4577 -0.6891 -2.5 -41.4991 0.0 24916.6667
4.0776 1.4577 -0.7162 -2.5 -41.5435 0.0 24933.3333
4.0509 1.4577 -0.74 -2.5333 -41.6505 0.0 24950.0
4.0287 1.4577 -0.7598 -2.55 -41.7408 0.0 24966.6667
4.0046 1.4577 -0.7815 -2.55 -41.8005 0.0 24983.3333
