0.0 3.0 10.0 0.0 0.0 0.0 0.0
0.0 3.0 10.0 0.0 0.0 0.0 16.6667
0.0 3.0 10.0 0.0 0.0 0.0 33.3333
0.0 3.0 10.0 0.0 0.0 0.0 50.0
0.0 3.0 10.0 0.0 0.0 0.0 66.6667
0.0 3.0 10.0 0.0 0.0 0.0 83.3333
0.0 3.0 10.0 0.0 0.0 0.0 100.0
0.0 3.0 10.0 0.0 0.0 0.0 116.6667
0.0 3.0 10.0 0.0 0.0 0.0 133.3333
0.0 3.0 10.0 0.0 0.0 0.0 150.0
0.0 3.0 10.0 0.0 0.0 0.0 166.6667
0.0 3.0 10.0 0.0 0.0 0.0 183.3333
0.0 3.0 10.0 0.0 0.0 0.0 200.0
0.0 3.0 10.0 0.0 0.0 0.0 216.6667
0.0 3.0 10.0 0.0 0.0 0.0 233.3333
0.0 3.0 10.0 0.0 0.0 0.0 250.0
0.0 3.0 10.0 0.0 0.0 0.0 266.6667
0.0 3.0 10.0 0.0 0.0 0.0 283.3333
0.0 3.0 10.0001 0.0 0.0 0.0 300.0
0.0 3.0 9.9999 0.0 0.0 0.0 316.6667
0.0 3.0 10.0009 -0.1361 0.0 0.0 333.3333
-0.0002 2.9996 9.9792 -0.8643 0.3214 0.0008 350.0
-0.0006 2.9986 9.9424 -1.7167 0.75 0.0007 366.6667
-0.0014 2.9969 9.9089 -2.813 1.3928 0.0036 383.3333
-0.0027 2.9945 9.8769 -3.9277 2.0528 0.001 400.0
-0.0042 2.9915 9.842 -4.8333 2.5471 0.0006 416.6667
-0.006 2.9883 9.8094 -5.6508 2.9635 0.0004 433.3333
-0.0078 2.9846 9.7773 -6.4048 3.281 0.0002 450.0
-0.0092 2.9819 9.7535 -6.537 3.387 0.0 466.6667
-0.011 2.9785 9.7249 -6.6242 3.4581 0.0 483.3333
-0.0135 2.9738 9.6845 -6.7 3.4833 0.0 500.0
-0.0158 2.9691 9.6456 -6.75 3.5 0.0 516.6667
-0.0179 2.9651 9.6119 -6.75 3.5 0.0 533.3333
-0.02 2.9611 9.5774 -6.7529 3.5 0.0 550.0
-0.022 2.9571 9.5448 -6.8021 3.5 0.0 566.6667
-0.024 2.953 9.5107 -6.8652 3.5 0.0 583.3333
-0.0258 2.9496 9.4826 -7.0545 3.5 0.0 600.0
-0.0283 2.9443 9.4422 -7.3533 3.5 0.0 616.6667
-0.0303 2.94 9.4099 -7.5991 3.5 0.0 633.3333
-0.0324 2.9352 9.3754 -7.845 3.5 0.0 650.0
-0.0346 2.9301 9.3396 -8.101 3.5604 0.0001 666.6667
-0.0367 2.9251 9.3055 -8.2912 3.6 0.0 683.3333
-0.0385 2.9209 9.2771 -8.4462 3.6192 0.0 700.0
-0.0401 2.917 9.2521 -8.6048 3.6516 0.0 716.6667
-0.0422 2.9121 9.2204 -8.7238 3.6913 0.0 733.3333
-0.0444 2.9069 9.1866 -8.75 3.7 0.0 750.0
-0.0464 2.9019 9.1541 -8.75 3.7 0.0 766.6667
-0.0486 2.8968 9.1209 -8.75 3.7 0.0 783.3333
-0.0511 2.8909 9.0825 -8.75 3.7 0.0 800.0
-0.0535 2.8854 9.0465 -8.75 3.7 0.0 816.6667
-0.0554 2.8806 9.0156 -8.75 3.7 0.0 833.3333
-0.0572 2.8763 8.9877 -8.75 3.7 0.0 850.0
-0.0591 2.8719 8.9589 -8.75 3.7 0.0 866.6667
-0.0618 2.8651 8.9156 -8.75 3.7 0.0 883.3333
-0.0643 2.86 8.8822 -8.75 3.7 0.0 900.0
-0.0651 2.8549 8.8495 -8.75 3.7 0.0 916.6667
-0.0868 2.8511 8.8254 -8.75 3.7 0.0 933.3333
-0.1282 2.8456 8.7926 -8.75 3.7 0.0 950.0
-0.1711 2.8393 8.7545 -8.75 3.7 0.0 966.6667
-0.2031 2.8348 8.7269 -8.75 3.7 0.0 983.3333
-0.234 2.8304 8.6999 -8.75 3.7 0.0 1000.0
-0.2742 2.8246 8.6651 -8.75 3.7 0.0 1016.6667
-0.3081 2.8197 8.6356 -8.75 3.7 0.0 1033.3333
-0.3381 2.8154 8.6096 -8.75 3.7 0.0 1050.0
-0.3754 2.8101 8.5772 -8.75 3.7 0.0 1066.6667
-0.4102 2.8051 8.547 -8.75 3.7 0.0 1083.3333
-0.4499 2.7994 8.5125 -8.75 3.7 0.0 1100.0
-0.4864 2.7942 8.4809 -8.75 3.7 0.0 1116.6667
-0.5194 2.7894 8.4522 -8.75 3.7 0.0 1133.3333
-0.5563 2.7842 8.4202 -8.75 3.7 0.0 1150.0
-0.589 2.7795 8.3917 -8.75 3.7 0.0 1166.6667
-0.626 2.7742 8.3596 -8.75 3.7 0.0 1183.3333
-0.6685 2.7681 8.3228 -8.75 3.7 0.0 1200.0
-0.7023 2.7633 8.2934 -8.75 3.7 0.0 1216.6667
-0.7318 2.759 8.2678 -8.75 3.7 0.0 1233.3333
-0.7653 2.7541 8.2387 -8.75 3.7 0.0 1250.0
-0.8024 2.7489 8.2066 -8.75 3.7 0.0 1266.6667
-0.8386 2.7437 8.175 -8.75 3.7 0.0 1283.3333
-0.8806 2.7377 8.1386 -8.75 3.65 0.0 1300.0
-0.9073 2.7339 8.1153 -8.75 3.65 0.0 1316.6667
-0.941 2.729 8.086 -8.75 3.65 0.0 1333.3333
-0.9788 2.7236 8.0531 -8.75 3.6065 0.0 1350.0
-1.0087 2.7193 8.027 -8.75 3.5424 0.0 1366.6667
-1.039 2.715 8.0005 -8.75 3.5076 0.0 1383.3333
-1.0845 2.7084 7.9607 -8.75 3.5 0.0 1400.0
-1.1119 2.7045 7.9367 -8.75 3.4703 0.0 1416.6667
-1.1458 2.6995 7.9069 -8.7716 3.3637 0.0 1433.3333
-1.1902 2.6931 7.8676 -8.8194 3.0944 0.0 1450.0
-1.2282 2.6875 7.8334 -8.8702 2.7083 0.0 1466.6667
-1.2649 2.682 7.8 -8.9362 2.2464 -0.0001 1483.3333
-1.2944 2.6775 7.7724 -9.0125 1.75 0.0 1500.0
-1.3289 2.6722 7.7399 -9.1049 1.3704 0.0 1516.6667
-1.3482 2.6692 7.7216 -9.1358 1.1852 0.0 1533.3333
-1.3765 2.6646 7.6944 -9.195 0.95 -0.0001 1550.0
-1.4217 2.6575 7.6508 -9.2783 0.6722 -0.0001 1566.6667
-1.4669 2.6501 7.6069 -9.3949 0.4103 0.0 1583.3333
-1.4858 2.647 7.5884 -9.4276 0.3448 0.0 1600.0
-1.5101 2.643 7.5645 -9.4762 0.2476 -0.0001 1616.6667
-1.5594 2.6348 7.5159 -9.5952 0.0095 0.0 1633.3333
-1.5992 2.6281 7.4766 -9.6133 -0.17 0.0 1650.0
-1.6355 2.622 7.4404 -9.7108 -0.3324 0.0 1666.6667
-1.6674 2.6165 7.4083 -9.7598 -0.499 0.0 1683.3333
-1.7004 2.6108 7.375 -9.8187 -0.7562 0.0 1700.0
-1.734 2.605 7.3406 -9.9102 -1.0509 0.0 1716.6667
-1.764 2.5996 7.3097 -9.9569 -1.2775 0.0 1733.3333
-1.7963 2.5939 7.2762 -10.0062 -1.4688 0.0 1750.0
-1.8303 2.5878 7.2409 -10.0578 -1.6236 0.0 1766.6667
-1.8613 2.5822 7.2083 -10.1061 -1.7624 0.0 1783.3333
-1.8897 2.577 7.1786 -10.15 -1.8501 0.0 1800.0
-1.9232 2.5709 7.1431 -10.252 -2.006 0.0 1816.6667
-1.9559 2.5648 7.1084 -10.3011 -2.1512 0.0 1833.3333
-1.9905 2.5583 7.0717 -10.3529 -2.2058 0.0 1850.0
-2.0049 2.5557 7.0566 -10.3767 -2.2534 0.0 1866.6667
-2.02 2.5527 7.0402 -10.41 -2.3106 -0.0001 1883.3333
-2.0571 2.5449 6.9994 -10.9099 -2.8344 -0.0025 1900.0
-2.1032 2.5351 6.9485 -11.41 -3.3582 -0.0004 1916.6667
-2.1415 2.5269 6.9059 -11.5937 -3.5918 0.0 1933.3333
-2.1749 2.5197 6.8686 -11.6421 -3.6843 0.0 1950.0
-2.2002 2.5142 6.8403 -11.6825 -3.7652 0.0 1966.6667
-2.2298 2.5078 6.8073 -11.7 -3.8001 0.0 1983.3333
-2.2647 2.5002 6.7683 -11.7 -3.8001 0.0 2000.0
-2.298 2.493 6.731 -11.7 -3.8001 0.0 2016.6667
-2.3302 2.486 6.695 -11.7 -3.8001 0.0 2033.3333
-2.3615 2.4792 6.66 -11.7 -3.8001 0.0 2050.0
-2.3949 2.4719 6.6226 -11.7117 -3.8001 0.0 2066.6667
-2.4251 2.4653 6.5888 -11.75 -3.8001 0.0 2083.3333
-2.4609 2.4575 6.5489 -11.75 -3.8001 0.0 2100.0
-2.4857 2.4521 6.521 -11.7539 -3.804 0.0 2116.6667
-2.5175 2.445 6.4854 -11.8524 -3.9037 0.0 2133.3333
-2.554 2.4369 6.4444 -11.9588 -4.0677 0.0 2150.0
-2.5834 2.4303 6.4111 -12.014 -4.1781 0.0 2166.6667
-2.6114 2.424 6.3792 -12.1009 -4.3537 0.0 2183.3333
-2.6398 2.4174 6.3465 -12.1472 -4.5389 0.0 2200.0
-2.6695 2.4105 6.3119 -12.2422 -4.9647 0.0 2216.6667
-2.7012 2.403 6.2742 -12.3458 -5.7667 0.0 2233.3333
-2.7343 2.395 6.2343 -12.3529 -5.9765 0.0 2250.0
-2.763 2.3881 6.1992 -12.4 -6.4045 0.0 2266.6667
-2.7852 2.3826 6.1718 -12.4 -6.5182 0.0 2283.3333
-2.8102 2.3766 6.1411 -12.4 -6.58 0.0 2300.0
-2.8436 2.3685 6.0999 -12.4 -6.6 0.0 2316.6667
-2.8807 2.3594 6.0543 -12.4 -6.6262 0.0 2333.3333
-2.9116 2.3518 6.016 -12.4 -6.6708 0.0 2350.0
-2.9345 2.3462 5.9877 -12.4 -6.7111 0.0 2366.6667
-2.955 2.3413 5.9624 -12.4 -6.7806 0.0 2383.3333
-2.9856 2.3337 5.9242 -12.4 -6.85 0.0 2400.0
-3.0206 2.3251 5.8807 -12.4 -6.9146 0.0 2416.6667
-3.0519 2.3175 5.8417 -12.4 -6.95 0.0 2433.3333
-3.0808 2.3104 5.8056 -12.387 -6.9892 0.0 2450.0
-3.1079 2.3038 5.7717 -12.3507 -7.0979 0.0 2466.6667
-3.1403 2.2957 5.7308 -12.35 -7.1455 0.0 2483.3333
-3.1684 2.2889 5.6956 -12.35 -7.1501 0.0 2500.0
-3.2044 2.28 5.6502 -12.35 -7.1501 0.0 2516.6667
-3.2235 2.2753 5.6263 -12.35 -7.1501 0.0 2533.3333
-3.2515 2.2685 5.5911 -12.35 -7.179 0.0 2550.0
-3.2842 2.2604 5.5498 -12.3312 -7.2755 0.0 2566.6667
-3.3125 2.2535 5.5138 -12.3 -7.4207 0.0 2583.3333
-3.3434 2.2458 5.4746 -12.2941 -7.5619 0.0 2600.0
-3.3716 2.2389 5.4384 -12.25 -7.6814 0.0 2616.6667
-3.4008 2.2316 5.4007 -12.25 -7.9624 0.0 2633.3333
-3.4258 2.2254 5.3682 -12.25 -8.0501 0.0 2650.0
-3.4594 2.2169 5.324 -12.25 -8.4279 0.0 2666.6667
-3.4849 2.2105 5.2899 -12.25 -8.7099 0.0 2683.3333
-3.5122 2.2035 5.253 -12.25 -9.2001 0.0 2700.0
-3.5385 2.1968 5.217 -12.25 -9.6168 0.0 2716.6667
-3.5668 2.1891 5.1761 -12.3853 -11.003 -0.0002 2733.3333
-3.5921 2.1823 5.1387 -12.4 -11.5448 0.0 2750.0
-3.6185 2.1749 5.0989 -12.4 -12.0855 0.0 2766.6667
-3.6451 2.1674 5.0583 -12.4 -12.3668 0.0 2783.3333
-3.6734 2.1595 5.0149 -12.4 -12.5868 0.0 2800.0
-3.6968 2.1528 4.9788 -12.4 -12.7238 0.0 2816.6667
-3.7137 2.1481 4.9527 -12.3394 -12.7804 0.0 2833.3333
-3.7419 2.1402 4.9089 -12.2467 -12.9068 0.0 2850.0
-3.7697 2.1324 4.8654 -12.178 -13.066 0.0 2866.6667
-3.7915 2.1263 4.831 -12.0922 -13.2079 0.0001 2883.3333
-3.8196 2.1186 4.7865 -11.9026 -13.4133 0.0001 2900.0
-3.845 2.1116 4.7458 -11.7569 -13.5932 0.0001 2916.6667
-3.8672 2.1055 4.7101 -11.5616 -13.8142 0.0002 2933.3333
-3.8811 2.1018 4.6872 -11.3693 -14.1347 0.0002 2950.0
-3.9132 2.0932 4.6337 -11.1223 -14.4634 0.0001 2966.6667
-3.9441 2.0851 4.582 -10.9267 -14.7043 0.0001 2983.3333
-3.9666 2.0792 4.5441 -10.8295 -14.8615 0.0 3000.0
-3.9895 2.0732 4.5051 -10.7796 -14.9807 0.0 3016.6667
-4.0107 2.0676 4.4689 -10.6942 -15.1118 0.0 3033.3333
-4.0303 2.0625 4.4354 -10.6525 -15.1951 0.0 3050.0
-4.06 2.0548 4.3843 -10.5456 -15.3568 0.0 3066.6667
-4.085 2.0483 4.3409 -10.4449 -15.5102 0.0 3083.3333
-4.1014 2.044 4.3122 -10.4087 -15.5827 0.0 3100.0
-4.1235 2.0384 4.2736 -10.2493 -15.8112 0.0002 3116.6667
-4.1513 2.0313 4.2239 -10.0632 -16.0369 0.0001 3133.3333
-4.1736 2.0258 4.1841 -9.8891 -16.2131 0.0 3150.0
-4.188 2.0222 4.1584 -9.708 -16.4305 0.0001 3166.6667
-4.2248 2.0132 4.0903 -9.2972 -16.9529 0.0 3183.3333
-4.2454 2.0083 4.052 -9.1583 -17.0918 0.0 3200.0
-4.2664 2.0035 4.0123 -8.8736 -17.4687 0.0001 3216.6667
-4.2904 1.9978 3.9659 -8.6472 -17.9094 0.0 3233.3333
-4.3101 1.9933 3.9272 -8.5083 -18.3723 0.0 3250.0
-4.3292 1.9889 3.8889 -8.2939 -18.9361 0.0002 3266.6667
-4.3414 1.9861 3.8635 -8.0559 -19.8556 0.0012 3283.3333
-4.3614 1.9814 3.8183 -7.7717 -20.9929 0.0008 3300.0
-4.3872 1.9753 3.7574 -7.401 -22.3668 0.0027 3316.6667
-4.4024 1.9717 3.7174 -7.0155 -23.745 0.0003 3333.3333
-4.415 1.9686 3.6828 -6.7338 -25.0572 0.001 3350.0
-4.4298 1.9649 3.6387 -6.513 -26.5138 0.0007 3366.6667
-4.444 1.9612 3.5931 -6.3013 -27.9545 0.001 3383.3333
-4.4577 1.9573 3.5424 -6.0252 -29.5783 0.0027 3400.0
-4.4695 1.9538 3.4938 -5.7185 -31.2841 0.0004 3416.6667
-4.4773 1.9514 3.4584 -5.52 -32.4349 0.0003 3433.3333
-4.4886 1.9478 3.4054 -5.4 -33.1 0.0 3450.0
-4.5004 1.944 3.3484 -5.2711 -33.5851 0.0002 3466.6667
-4.5077 1.9415 3.3101 -5.1405 -34.1913 0.0001 3483.3333
-4.5149 1.939 3.2709 -5.0215 -34.7071 0.0001 3500.0
-4.5237 1.9359 3.2191 -4.8293 -35.3979 0.0002 3516.6667
-4.5302 1.9335 3.1791 -4.7349 -35.8258 0.0001 3533.3333
-4.5381 1.9306 3.1274 -4.6055 -36.2842 0.0003 3550.0
-4.5467 1.9273 3.0678 -4.4377 -36.9333 0.0003 3566.6667
-4.5521 1.925 3.0265 -4.3167 -37.5667 0.0001 3583.3333
-4.5564 1.9232 2.9913 -4.2381 -37.96 0.0001 3600.0
-4.5615 1.921 2.9472 -4.1381 -38.46 0.0002 3616.6667
-4.5671 1.9183 2.8945 -4.009 -39.1059 0.0003 3633.3333
-4.5711 1.916 2.8455 -3.8082 -40.3286 0.0017 3650.0
-4.5737 1.9139 2.798 -3.5972 -41.722 0.0004 3666.6667
-4.5755 1.9117 2.747 -3.4077 -43.0521 0.0012 3683.3333
-4.5758 1.91 2.6993 -3.1798 -44.4854 0.0005 3700.0
-4.5757 1.9083 2.6541 -3.0168 -45.3501 0.0002 3716.6667
-4.5744 1.9065 2.6041 -2.862 -46.4723 0.0013 3733.3333
-4.572 1.9049 2.5561 -2.6304 -47.9326 0.0006 3750.0
-4.5691 1.9037 2.5134 -2.4351 -48.8644 0.0008 3766.6667
-4.5644 1.9021 2.4609 -2.1347 -50.3168 0.0018 3783.3333
-4.5594 1.9013 2.4201 -1.8417 -51.7089 0.0007 3800.0
-4.5525 1.9003 2.3688 -1.6285 -52.6364 0.0001 3816.6667
-4.5463 1.8994 2.3252 -1.5006 -53.1668 0.0008 3833.3333
-4.5398 1.8988 2.2863 -1.25 -54.2501 0.0 3850.0
-4.5297 1.8983 2.2346 -0.809 -56.0148 0.0002 3866.6667
-4.5185 1.898 2.1806 -0.5696 -56.8922 0.0003 3883.3333
-4.5096 1.8978 2.141 -0.35 -57.5501 0.0 3900.0
-4.4991 1.8976 2.0961 -0.203 -58.1874 0.0 3916.6667
-4.4879 1.8976 2.0432 -0.0326 -58.7409 0.0001 3933.3333
-4.5044 1.8976 2.0201 0.0925 -59.0326 0.0 3950.0
-4.5147 1.8976 2.0073 0.2075 -59.4283 0.0006 3966.6667
-4.528 1.8976 1.9799 0.3261 -59.8554 0.0002 3983.3333
-4.5542 1.8976 1.9344 0.4641 -60.4072 0.0002 4000.0
-4.5725 1.8976 1.901 0.6673 -61.2549 0.0002 4016.6667
-4.5853 1.8976 1.8771 0.7468 -61.7311 0.0 4033.3333
-4.6015 1.8976 1.8463 0.8388 -62.1945 0.0001 4050.0
-4.6133 1.8976 1.8237 0.85 -62.7041 0.0 4066.6667
-4.6302 1.8976 1.789 0.9233 -63.8965 0.0005 4083.3333
-4.6475 1.8976 1.7524 0.95 -64.6251 0.0 4100.0
-4.6589 1.8976 1.7274 0.9656 -65.1914 0.0003 4116.6667
-4.6691 1.8976 1.7045 1.0382 -66.061 0.0003 4133.3333
-4.6852 1.8976 1.6664 1.05 -66.939 0.0 4150.0
-4.698 1.8976 1.6351 1.05 -67.8207 0.0 4166.6667
-4.7129 1.8976 1.5967 1.05 -68.9988 0.0 4183.3333
-4.7224 1.8976 1.5705 1.05 -69.7301 0.0 4200.0
-4.7345 1.8976 1.537 1.05 -70.2379 0.0 4216.6667
-4.743 1.8976 1.5128 1.05 -70.748 0.0 4233.3333
-4.7515 1.8976 1.487 1.0844 -71.4001 0.0006 4250.0
-4.7643 1.8976 1.447 1.15 -72.1811 0.0 4266.6667
-4.7767 1.8976 1.4075 1.1894 -72.6491 0.0002 4283.3333
-4.7853 1.8976 1.3794 1.2829 -73.0168 0.0004 4300.0
-4.7937 1.8976 1.3509 1.35 -73.4691 0.0 4316.6667
-4.8049 1.8976 1.3128 1.35 -73.6203 0.0 4333.3333
-4.8126 1.8976 1.2863 1.3649 -73.8301 0.0001 4350.0
-4.8212 1.8976 1.2563 1.4483 -73.9968 0.0 4366.6667
-4.83 1.8976 1.2251 1.45 -74.215 0.0 4383.3333
-4.8394 1.8976 1.1913 1.45 -74.456 0.0 4400.0
-4.8493 1.8976 1.1552 1.5257 -74.7658 0.0002 4416.6667
-4.8573 1.8976 1.1248 1.55 -75.0785 0.0 4433.3333
-4.8648 1.8976 1.0959 1.55 -75.4112 0.0 4450.0
-4.8735 1.8976 1.0611 1.55 -75.9256 0.0 4466.6667
-4.8816 1.8976 1.0269 1.55 -76.5571 0.0 4483.3333
-4.8881 1.8976 0.9989 1.55 -76.908 0.0 4500.0
-4.8963 1.8976 0.9629 1.55 -77.2923 0.0 4516.6667
-4.9005 1.8976 0.9445 1.5238 -77.4582 -0.0002 4533.3333
-4.9058 1.8976 0.9196 1.4948 -77.6369 -0.0001 4550.0
-4.9161 1.8976 0.871 1.4509 -77.944 0.0 4566.6667
-4.9233 1.8976 0.8365 1.3212 -78.165 -0.0002 4583.3333
-4.9316 1.8976 0.7967 1.2067 -78.2468 0.0 4600.0
-4.9388 1.8976 0.7624 1.1021 -78.2501 0.0 4616.6667
-4.9459 1.8976 0.7283 0.9983 -78.1976 0.0 4633.3333
-4.9515 1.8976 0.7016 0.9149 -78.0726 0.0001 4650.0
-4.9588 1.8976 0.6678 0.8572 -77.8793 0.0001 4666.6667
-4.9639 1.8976 0.644 0.8188 -77.8189 0.0 4683.3333
-4.9706 1.8976 0.6131 0.7634 -77.691 0.0003 4700.0
-4.9797 1.8976 0.5727 0.7 -77.4834 0.0 4716.6667
-4.9872 1.8976 0.5381 0.7 -77.2096 0.0 4733.3333
-4.9985 1.8976 0.5017 0.7 -76.4766 0.0 4750.0
-4.9953 1.8977 0.4669 0.7 -75.8783 0.0 4766.6667
-4.9687 1.8981 0.4255 0.7 -74.7683 0.0 4783.3333
-4.9542 1.8984 0.397 0.7 -73.6834 0.0 4800.0
-4.9406 1.8987 0.3713 0.7 -73.4057 0.0 4816.6667
-4.9137 1.8992 0.3214 0.7 -73.1053 0.0 4833.3333
-4.8814 1.8997 0.26 0.7 -72.8084 0.0 4850.0
-4.8633 1.9001 0.2256 0.7 -72.6739 0.0 4866.6667
-4.8425 1.9005 0.1857 0.7 -72.5549 0.0 4883.3333
-4.8194 1.901 0.1404 0.7802 -72.1102 -0.0002 4900.0
-4.8088 1.9013 0.1197 0.8188 -71.8325 -0.0001 4916.6667
-4.7982 1.9015 0.0983 0.8432 -71.6119 -0.0001 4933.3333
-4.7643 1.9023 0.0292 0.85 -71.2659 0.0 4950.0
-4.7344 1.9031 -0.0323 0.8986 -70.9068 -0.0003 4966.6667
-4.7163 1.9036 -0.0701 0.95 -70.6297 0.0 4983.3333
-4.696 1.9041 -0.113 0.9945 -70.3384 -0.0004 5000.0
-4.6762 1.9048 -0.1559 1.1294 -69.8189 -0.0002 5016.6667
-4.6568 1.9055 -0.1989 1.2259 -69.2208 -0.0005 5033.3333
-4.6423 1.9061 -0.2326 1.3102 -68.3527 -0.0002 5050.0
-4.6261 1.9068 -0.2716 1.4771 -67.561 -0.0004 5066.6667
-4.6027 1.9082 -0.3338 1.7053 -65.4762 -0.0001 5083.3333
-4.5866 1.9095 -0.3801 1.9563 -64.294 -0.0001 5100.0
-4.5712 1.9107 -0.4261 2.0695 -63.3138 -0.0006 5116.6667
-4.5608 1.9117 -0.4606 2.2594 -61.9502 -0.0012 5133.3333
-4.5475 1.9134 -0.5127 2.4936 -59.9981 -0.0046 5150.0
-4.5344 1.9154 -0.5706 2.7009 -57.9669 -0.001 5166.6667
-4.5249 1.9171 -0.6182 2.8 -56.4039 0.0 5183.3333
-4.516 1.9188 -0.6665 2.8237 -55.5355 -0.0002 5200.0
-4.5074 1.9206 -0.7164 2.9 -54.8474 0.0 5216.6667
-4.4992 1.9225 -0.7681 2.9 -54.1413 0.0 5233.3333
-4.49 1.9247 -0.8298 2.9 -53.4569 0.0 5250.0
-4.482 1.9268 -0.8873 2.9 -52.8502 0.0 5266.6667
-4.4752 1.9288 -0.944 2.9 -52.0002 0.0 5283.3333
-4.4688 1.9309 -0.9992 2.9 -51.6213 0.0 5300.0
-4.4631 1.9326 -1.0506 2.9 -51.3585 0.0 5316.6667
-4.4573 1.9346 -1.1062 2.9 -50.9986 0.0 5333.3333
-4.4529 1.9363 -1.1505 2.9 -50.8002 0.0 5350.0
-4.4466 1.9388 -1.2195 2.9 -50.212 0.0 5366.6667
-4.4417 1.9409 -1.2778 2.9 -49.928 0.0 5383.3333
-4.4363 1.9432 -1.3437 2.9 -49.7002 0.0 5400.0
-4.4323 1.945 -1.3948 2.9 -49.5335 0.0 5416.6667
-4.4294 1.9463 -1.4293 2.9 -49.2286 0.0 5433.3333
-4.4275 1.9477 -1.4708 2.8649 -48.5534 0.0017 5450.0
-4.4273 1.9498 -1.5356 2.6749 -46.3491 0.0042 5466.6667
-4.4286 1.952 -1.6066 2.4937 -44.3835 0.0011 5483.3333
-4.4314 1.9539 -1.6743 2.3205 -42.9252 0.0005 5500.0
-4.4358 1.9557 -1.7432 2.1775 -41.528 0.0004 5516.6667
-4.4397 1.9571 -1.7959 2.0832 -40.8502 0.0002 5533.3333
-4.4448 1.9586 -1.8543 2.0249 -40.1502 0.0001 5550.0
-4.4519 1.9603 -1.9235 2.0 -39.4419 0.0 5566.6667
-4.458 1.9619 -1.9925 1.9755 -38.9791 0.0 5583.3333
-4.4699 1.9631 -2.0444 1.95 -38.7552 0.0 5600.0
-4.4749 1.9639 -2.0781 1.95 -38.6719 0.0 5616.6667
-4.4405 1.9659 -2.1261 1.95 -38.6091 0.0 5633.3333
-4.416 1.9672 -2.1555 1.95 -38.6002 0.0 5650.0
-4.3894 1.9686 -2.1897 1.95 -38.5569 0.0 5666.6667
-4.3527 1.9707 -2.2356 1.95 -38.4824 0.0 5683.3333
-4.3195 1.9725 -2.2776 1.95 -38.4002 0.0 5700.0
-4.2899 1.9741 -2.315 1.95 -38.3301 0.0 5716.6667
-4.2647 1.9755 -2.347 1.95 -38.3002 0.0 5733.3333
-4.2337 1.9772 -2.3863 1.95 -38.3002 0.0 5750.0
-4.2054 1.9788 -2.4221 1.95 -38.2898 0.0 5766.6667
-4.1696 1.9807 -2.4676 1.9431 -38.1865 0.0 5783.3333
-4.1397 1.9823 -2.5057 1.9 -38.0767 0.0 5800.0
-4.1097 1.984 -2.5443 1.8954 -37.8863 0.0 5816.6667
-4.0812 1.9854 -2.5811 1.8478 -37.7446 0.0 5833.3333
-4.0475 1.9871 -2.6251 1.75 -37.4835 0.0 5850.0
-4.0197 1.9886 -2.6616 1.7447 -37.3309 0.0 5866.6667
-3.9903 1.9899 -2.7008 1.6131 -36.8484 0.0001 5883.3333
-3.9623 1.9911 -2.7391 1.4419 -36.2081 0.0003 5900.0
-3.9285 1.9923 -2.7868 1.219 -35.2359 0.0002 5916.6667
-3.9017 1.9932 -2.8266 1.0295 -34.2983 0.0003 5933.3333
-3.8775 1.9938 -2.86 0.7545 -33.3102 0.0009 5950.0
-3.8587 1.9941 -2.9028 0.4611 -31.8835 0.0012 5966.6667
-3.7988 1.9943 -2.9328 0.206 -30.3891 0.0009 5983.3333
-3.7191 1.9943 -2.952 0.0547 -28.6927 0.0006 6000.0
-3.6601 1.9943 -2.973 -0.0119 -27.046 0.0001 6016.6667
-3.6029 1.9942 -2.9926 -0.0465 -26.0044 0.0 6033.3333
-3.5318 1.9942 -3.0187 -0.05 -25.0002 0.0 6050.0
-3.4636 1.9941 -3.0445 -0.05 -24.2627 0.0 6066.6667
-3.3813 1.9941 -3.0767 -0.05 -23.6258 0.0 6083.3333
-3.3202 1.9941 -3.1009 -0.05 -23.3897 0.0 6100.0
-3.2755 1.994 -3.1185 -0.05 -23.2881 0.0 6116.6667
-3.1996 1.994 -3.1493 -0.05 -23.0121 0.0 6133.3333
-3.1177 1.994 -3.1828 -0.05 -22.7306 0.0 6150.0
-3.0565 1.9939 -3.2082 -0.05 -22.502 0.0 6166.6667
-2.9855 1.9938 -3.2382 -0.05 -22.1502 0.0 6183.3333
-2.9058 1.9938 -3.2721 -0.05 -21.8893 0.0 6200.0
-2.8498 1.9937 -3.2961 -0.05 -21.8531 0.0 6216.6667
-2.764 1.9937 -3.3338 -0.05 -21.366 0.0 6233.3333
-2.6814 1.9936 -3.3703 -0.05 -21.1058 0.0 6250.0
-2.6128 1.9936 -3.4015 -0.05 -20.9274 0.0 6266.6667
-2.539 1.9936 -3.4332 -0.05 -20.7724 0.0 6283.3333
-2.4943 1.9935 -3.4602 -0.05 -20.6002 0.0 6300.0
-2.4881 1.9935 -3.4966 -0.05 -20.3919 0.0 6316.6667
-2.4629 1.9934 -3.5725 -0.05 -19.9188 0.0 6333.3333
-2.4424 1.9933 -3.6295 -0.05 -19.112 0.0 6350.0
-2.422 1.9932 -3.6917 -0.0952 -18.2669 0.0 6366.6667
-2.4083 1.9932 -3.7334 -0.1 -17.7849 0.0 6383.3333
-2.3935 1.9929 -3.7851 -0.2203 -16.8102 0.0012 6400.0
-2.3763 1.9925 -3.8459 -0.4117 -15.6069 0.0 6416.6667
-2.3642 1.992 -3.8913 -0.4894 -15.1041 0.0008 6433.3333
-2.3499 1.9909 -3.9548 -0.962 -12.7462 0.0001 6450.0
-2.3407 1.99 -3.9989 -1.1622 -11.8462 0.0007 6466.6667
-2.3305 1.9887 -4.0539 -1.3019 -10.7761 0.0003 6483.3333
-2.3191 1.987 -4.1225 -1.35 -9.5397 0.0 6500.0
-2.3104 1.9857 -4.1804 -1.3667 -8.6002 0.0 6516.6667
-2.3018 1.9841 -4.2411 -1.4 -8.3431 0.0 6533.3333
-2.2926 1.9828 -4.2936 -1.4 -8.2354 0.0 6550.0
-2.2882 1.9821 -4.3254 -1.4 -8.2045 0.0 6566.6667
-2.2811 1.9802 -4.4004 -1.4 -8.2002 0.0 6583.3333
-2.2205 1.9787 -4.4522 -1.4 -8.112 0.0 6600.0
-2.1746 1.9779 -4.4834 -1.4 -8.0002 0.0 6616.6667
-2.0985 1.9761 -4.5432 -1.4311 -7.7946 0.0 6633.3333
-2.0268 1.9745 -4.5978 -1.45 -7.3335 0.0 6650.0
-1.9587 1.9729 -4.652 -1.45 -6.7383 0.0 6666.6667
-1.8906 1.9714 -4.7066 -1.45 -6.2402 0.0 6683.3333
-1.8393 1.9702 -4.7485 -1.4688 -5.7752 0.0001 6700.0
-1.7699 1.9685 -4.8065 -1.5 -5.1558 0.0 6716.6667
-1.7093 1.9671 -4.8574 -1.5208 -4.6835 0.0 6733.3333
-1.6613 1.9658 -4.9001 -1.5632 -4.266 0.0001 6750.0
-1.603 1.9643 -4.9487 -1.6 -3.711 0.0 6766.6667
-1.5504 1.9628 -5.0027 -1.6 -3.4535 0.0 6783.3333
-1.551 1.961 -5.0641 -1.6 -3.178 0.0 6800.0
-1.5465 1.9594 -5.1196 -1.6 -3.0913 0.0 6816.6667
-1.5438 1.9578 -5.1779 -1.6 -3.0502 0.0 6833.3333
-1.5418 1.9569 -5.2138 -1.6 -3.0502 0.0 6850.0
-1.5382 1.9549 -5.2808 -1.6 -3.0502 0.0 6866.6667
-1.5353 1.9534 -5.3348 -1.6 -3.0502 0.0 6883.3333
-1.5322 1.9518 -5.3937 -1.6 -3.0502 0.0 6900.0
-1.5285 1.9499 -5.4617 -1.6 -3.0502 0.0 6916.6667
-1.526 1.9485 -5.5117 -1.6 -3.0502 0.0 6933.3333
-1.5223 1.9467 -5.5743 -1.6 -3.0502 0.0 6950.0
-1.5203 1.9449 -5.6388 -1.6 -3.0502 0.0 6966.6667
-1.5034 1.9431 -5.7028 -1.6 -3.0502 0.0 6983.3333
-1.442 1.9418 -5.7469 -1.6 -3.0502 0.0 7000.0
-1.3728 1.9399 -5.8106 -1.6 -3.0502 0.0 7016.6667
-1.3181 1.9385 -5.8591 -1.6 -3.0502 0.0 7033.3333
-1.2508 1.9367 -5.9202 -1.6 -3.0502 0.0 7050.0
-1.1935 1.9352 -5.9701 -1.6 -3.0502 0.0 7066.6667
-1.1363 1.9336 -6.0257 -1.6 -3.0502 0.0 7083.3333
-1.1363 1.9318 -6.0881 -1.6 -3.0502 0.0 7100.0
-1.134 1.9307 -6.1271 -1.6 -3.0502 0.0 7116.6667
-1.1294 1.9291 -6.1839 -1.6246 -3.001 0.0 7133.3333
-1.1264 1.9271 -6.2533 -1.695 -2.8902 0.0001 7150.0
-1.1234 1.925 -6.3141 -1.875 -2.7002 0.0002 7166.6667
-1.1209 1.9226 -6.3744 -2.299 -2.4012 0.0001 7183.3333
-1.1188 1.9201 -6.432 -2.5375 -2.1627 0.0001 7200.0
-1.1167 1.9172 -6.4932 -2.7216 -1.9571 0.0 7216.6667
-1.115 1.9145 -6.5478 -2.8088 -1.7827 0.0 7233.3333
-1.1135 1.9118 -6.6007 -2.85 -1.7002 0.0 7250.0
-1.1112 1.9082 -6.6744 -2.85 -1.7002 0.0 7266.6667
-1.1096 1.9054 -6.7304 -2.85 -1.7002 0.0 7283.3333
-1.108 1.9026 -6.7868 -2.85 -1.6877 0.0 7300.0
-1.1063 1.8997 -6.8452 -2.8617 -1.5802 0.0 7316.6667
-1.1052 1.8972 -6.8933 -2.9037 -1.3317 0.0 7333.3333
-1.104 1.894 -6.9547 -2.95 -1.1002 0.0 7350.0
-1.1028 1.8905 -7.023 -3.0078 -0.9845 0.0 7366.6667
-1.102 1.8874 -7.0801 -3.05 -0.8929 0.0 7383.3333
-1.101 1.8842 -7.1419 -3.05 -0.8502 0.0 7400.0
-1.1003 1.8815 -7.1921 -3.05 -0.8502 0.0 7416.6667
-1.0995 1.8785 -7.2463 -3.05 -0.8502 0.0 7433.3333
-1.0986 1.8754 -7.3057 -3.05 -0.8502 0.0 7450.0
-1.0978 1.8722 -7.3654 -3.05 -0.8502 0.0 7466.6667
-1.097 1.8696 -7.4139 -3.05 -0.8502 0.0 7483.3333
-1.0961 1.8663 -7.4756 -3.05 -0.8502 0.0 7500.0
-1.0951 1.8627 -7.5432 -3.05 -0.8502 0.0 7516.6667
-1.0943 1.8598 -7.5989 -3.05 -0.8502 0.0 7533.3333
-1.0935 1.857 -7.6515 -3.05 -0.8502 0.0 7550.0
-1.0929 1.8551 -7.6869 -3.05 -0.8502 0.0 7566.6667
-1.0923 1.8528 -7.7298 -3.05 -0.8502 0.0 7583.3333
-1.0913 1.849 -7.7998 -3.05 -0.8502 0.0 7600.0
-1.0901 1.8449 -7.8788 -3.05 -0.8502 0.0 7616.6667
-1.0892 1.8414 -7.9441 -3.05 -0.8502 0.0 7633.3333
-1.0883 1.8384 -8.0008 -3.0393 -0.8502 0.0 7650.0
-1.0873 1.8347 -8.0703 -3.0 -0.8502 0.0 7666.6667
-1.0864 1.8315 -8.1338 -2.9771 -0.8502 0.0 7683.3333
-1.0855 1.8287 -8.1881 -2.91 -0.8502 0.0 7700.0
-1.0848 1.8261 -8.2382 -2.85 -0.8502 0.0 7716.6667
-1.0839 1.8231 -8.2988 -2.8259 -0.8502 0.0 7733.3333
-1.0832 1.8207 -8.349 -2.7364 -0.8502 0.0 7750.0
-1.0825 1.8188 -8.3916 -2.6606 -0.8502 0.0 7766.6667
-1.0814 1.8154 -8.4681 -2.5235 -0.8502 0.0 7783.3333
-1.0804 1.8126 -8.5354 -2.4067 -0.8502 0.0 7800.0
-1.0795 1.8102 -8.5965 -2.2042 -0.8502 0.0 7816.6667
-1.0788 1.8086 -8.6428 -2.1222 -0.8502 0.0 7833.3333
-1.078 1.8067 -8.697 -2.04 -0.8802 0.0 7850.0
-1.077 1.8045 -8.7595 -1.9759 -0.9002 0.0 7866.6667
-1.0759 1.8024 -8.8227 -1.9284 -0.9002 0.0 7883.3333
-1.0751 1.8004 -8.8814 -1.8611 -0.9002 0.0 7900.0
-1.0742 1.7987 -8.9382 -1.6937 -0.9002 0.0 7916.6667
-1.0731 1.7973 -8.999 -1.3833 -0.9169 0.0 7933.3333
-1.0723 1.7963 -9.0499 -1.06 -0.9602 0.0 7950.0
-1.0715 1.7958 -9.1024 -0.6687 -1.0002 0.0 7966.6667
-1.0702 1.7959 -9.1741 0.1574 -1.0002 0.0 7983.3333
-1.0691 1.7975 -9.2338 1.5 -1.0002 0.0 8000.0
-1.0681 1.7996 -9.2875 2.2018 -1.0002 0.0 8016.6667
-1.067 1.8032 -9.3517 3.1958 -1.045 0.0 8033.3333
-1.066 1.8067 -9.4045 3.7038 -1.1079 0.0001 8050.0
-1.0647 1.8113 -9.4651 4.2078 -1.1691 0.0001 8066.6667
-1.0634 1.8161 -9.5241 4.6548 -1.2002 0.0 8083.3333
-1.0625 1.8202 -9.5716 4.9 -1.2002 0.0 8100.0
-1.0612 1.826 -9.6349 5.2283 -1.2119 0.0 8116.6667
-1.06 1.8313 -9.6879 5.6657 -1.2502 0.0 8133.3333
-1.0585 1.8381 -9.7543 5.8611 -1.2502 0.0 8150.0
-1.0573 1.8438 -9.808 6.0463 -1.2502 0.0 8166.6667
-1.0559 1.8516 -9.8781 6.3648 -1.2502 0.0 8183.3333
-1.0547 1.8577 -9.9312 6.5499 -1.2502 0.0 8200.0
-1.0533 1.8648 -9.9917 6.7069 -1.2502 0.0 8216.6667
-1.0522 1.8714 -10.0459 6.8824 -1.2502 0.0 8233.3333
-1.0513 1.8762 -10.0855 7.0303 -1.2502 0.0 8250.0
-1.0501 1.8834 -10.1421 7.2684 -1.2502 0.0 8266.6667
-1.0483 1.8944 -10.223 7.6755 -1.2502 0.0 8283.3333
-1.047 1.9029 -10.284 7.9946 -1.2502 0.0 8300.0
-1.0459 1.9102 -10.3346 8.2274 -1.2757 0.0 8316.6667
