15.0 1.6 10.0 0.0 0.0 0.0 0.0
15.0 1.6 10.0 0.0 0.0 0.0 16.6667
15.0 1.6 10.0 0.0 0.0 0.0 33.3333
15.0 1.6 10.0 0.0 0.0 0.0 50.0
15.0 1.6 10.0 0.0 0.0 0.0 66.6667
15.0 1.6 10.0 0.0 0.0 0.0 83.3333
15.0 1.6 10.0 0.0 0.0 0.0 100.0
15.0 1.6 10.0 0.0 0.0 0.0 116.6667
15.0 1.6 10.0 0.0 0.0 0.0 133.3333
15.0 1.6 10.0 0.0 0.0 0.0 150.0
15.0 1.6 10.0 0.0 0.0 0.0 166.6667
15.0 1.6 10.0 0.0 0.0 0.0 183.3333
15.0 1.6 10.0 0.0 0.0 0.0 200.0
15.0 1.6 10.0 0.0 0.0 0.0 216.6667
15.0 1.6 10.0 0.0 0.0 0.0 233.3333
15.0 1.6 10.0 0.0 0.0 0.0 250.0
15.0 1.6 10.0 0.0 0.0 0.0 266.6667
15.0 1.6 10.0 0.0 0.0 0.0 283.3333
15.0 1.6 10.0 0.0 0.0 0.0 300.0
15.0 1.6 10.0 0.0 0.0 0.0 316.6667
15.0 1.6 10.0 0.0 0.0 0.0 333.3333
15.0 1.6 10.0 0.0 0.0 0.0 350.0
15.0 1.6 10.0 0.0 0.0 0.0 366.6667
15.0 1.6 10.0 0.003 -0.0015 0.0 383.3333
15.0 1.6 10.0 0.0409 -0.0205 0.0 400.0
15.0 1.6 10.0 0.0788 -0.0394 0.0 416.6667
15.0 1.6 10.0 0.1786 -0.1722 0.0004 433.3333
15.0 1.6 10.0 0.3571 -0.45 0.0007 450.0
15.0 1.6 10.0 0.5357 -0.7278 0.0001 466.6667
14.9999 1.6 10.0 0.9522 -2.0917 0.0076 483.3333
14.9999 1.6 10.0 1.3897 -3.55 0.0051 500.0
15.0002 1.6 10.0 1.6906 -4.5422 0.0009 516.6667
15.0004 1.6 10.0 1.865 -5.1043 0.0014 533.3333
15.0001 1.6 10.0 2.0395 -5.6663 0.0001 550.0
14.9989 1.6 9.9999 2.1059 -5.8306 0.0001 566.6667
14.9987 1.6 9.9998 2.1655 -5.9694 0.0001 583.3333
15.0018 1.6 10.0002 2.225 -6.1166 0.0001 600.0
15.0057 1.6 10.0007 2.2845 -6.2753 0.0001 616.6667
15.0013 1.6 10.0001 2.344 -6.434 0.0 633.3333
14.9813 1.6 9.9978 2.35 -6.5297 0.0 650.0
14.9493 1.6 9.9941 2.35 -6.6183 0.0 666.6667
14.9121 1.6 9.9896 2.3516 -6.7158 0.0 683.3333
14.8755 1.6 9.9851 2.3714 -6.9142 0.0001 700.0
14.8407 1.6 9.9807 2.3913 -7.1126 0.0 716.6667
14.8082 1.6 9.9764 2.4222 -7.3555 0.0001 733.3333
14.7784 1.6 9.9723 2.4619 -7.6333 0.0001 750.0
14.7515 1.6 9.9685 2.5 -7.9078 0.0 766.6667
14.7271 1.6 9.9649 2.5 -8.1028 0.0 783.3333
14.7026 1.6 9.9612 2.5 -8.2979 0.0 800.0
14.675 1.6 9.957 2.5 -8.4683 0.0 816.6667
14.6435 1.6 9.9523 2.5 -8.5517 0.0 833.3333
14.6122 1.6 9.9475 2.5 -8.635 0.0 850.0
14.5852 1.6 9.9433 2.4833 -8.75 0.0 866.6667
14.5617 1.6 9.9396 2.463 -8.872 0.0 883.3333
14.5388 1.6 9.9358 2.443 -9.0198 0.0 900.0
14.5149 1.6 9.9319 2.4237 -9.2136 -0.0001 916.6667
14.4903 1.6 9.9278 2.4043 -9.4074 0.0 933.3333
14.4655 1.6 9.9235 2.3366 -9.7037 -0.0003 950.0
14.4403 1.6 9.919 2.2553 -10.0289 -0.0003 966.6667
14.4145 1.6 9.9141 2.1675 -10.3671 -0.0002 983.3333
14.3886 1.6 9.909 2.0659 -10.7329 -0.0005 1000.0
14.3648 1.6 9.9042 1.9642 -11.0988 -0.0001 1016.6667
14.3447 1.6 9.9001 1.8915 -11.2963 -0.0002 1033.3333
14.3255 1.6 9.8962 1.8235 -11.4663 -0.0002 1050.0
14.3034 1.6 9.8916 1.7554 -11.6364 0.0 1066.6667
14.2755 1.6 9.8858 1.75 -11.6883 0.0 1083.3333
14.2454 1.6 9.8795 1.75 -11.73 0.0 1100.0
14.2187 1.6 9.8739 1.7283 -11.815 0.0 1116.6667
14.1963 1.6 9.8692 1.6867 -11.94 -0.0001 1133.3333
14.1753 1.6 9.8646 1.64 -12.0925 -0.0001 1150.0
14.1535 1.6 9.8597 1.5567 -12.4467 -0.0004 1166.6667
14.1312 1.6 9.8546 1.4734 -12.8008 -0.0002 1183.3333
14.1097 1.6 9.8494 1.3901 -13.23 -0.0004 1200.0
14.089 1.6 9.8442 1.3068 -13.6883 -0.0004 1216.6667
14.0689 1.6 9.8391 1.2373 -14.0952 -0.0001 1233.3333
14.0495 1.6 9.8339 1.1977 -14.3928 -0.0002 1250.0
14.0308 1.6 9.829 1.1579 -14.6905 0.0 1266.6667
14.0131 1.6 9.8242 1.1341 -14.9881 -0.0001 1283.3333
13.9961 1.6 9.8195 1.1143 -15.2856 -0.0001 1300.0
13.9793 1.6 9.8147 1.0897 -15.6295 -0.0001 1316.6667
13.9623 1.6 9.8097 1.0527 -16.0925 -0.0003 1333.3333
13.9451 1.6 9.8045 1.0156 -16.5555 -0.0001 1350.0
13.9279 1.6 9.799 0.988 -17.1367 -0.0001 1366.6667
13.9108 1.6 9.7934 0.9671 -17.8033 -0.0002 1383.3333
13.8941 1.6 9.7877 0.95 -18.4341 0.0 1400.0
13.878 1.6 9.782 0.95 -18.9016 0.0 1416.6667
13.8624 1.6 9.7765 0.95 -19.3691 0.0 1433.3333
13.8475 1.6 9.7709 0.95 -19.9571 0.0 1450.0
13.8329 1.6 9.7652 0.95 -20.592 0.0 1466.6667
13.8181 1.6 9.7593 0.95 -21.2472 0.0 1483.3333
13.8031 1.6 9.753 0.95 -21.9836 0.0 1500.0
13.788 1.6 9.7465 0.95 -22.7201 0.0 1516.6667
13.7731 1.6 9.7401 0.95 -23.1802 0.0 1533.3333
13.7584 1.6 9.7336 0.95 -23.4709 0.0 1550.0
13.743 1.6 9.7268 0.95 -23.7608 0.0 1566.6667
13.7266 1.6 9.7195 0.95 -24.0317 0.0 1583.3333
13.71 1.6 9.7119 0.95 -24.3025 0.0 1600.0
13.6939 1.6 9.7045 0.95 -24.5641 0.0 1616.6667
13.6788 1.6 9.6974 0.95 -24.8205 0.0 1633.3333
13.6646 1.6 9.6907 0.9439 -25.0793 0.0 1650.0
13.6512 1.6 9.6843 0.9236 -25.3435 -0.0001 1666.6667
13.6378 1.6 9.6779 0.9033 -25.6077 0.0 1683.3333
13.6239 1.6 9.6711 0.8821 -25.8295 -0.0001 1700.0
13.6101 1.6 9.6643 0.8607 -26.0432 0.0 1716.6667
13.5971 1.6 9.6579 0.8398 -26.2008 0.0 1733.3333
13.5853 1.6 9.652 0.8195 -26.3024 0.0 1750.0
13.5747 1.6 9.6467 0.8 -26.4007 0.0 1766.6667
13.5649 1.6 9.6418 0.8 -26.4181 0.0 1783.3333
13.5547 1.6 9.6367 0.8 -26.4354 0.0 1800.0
13.5428 1.6 9.6308 0.8 -26.45 0.0 1816.6667
13.5287 1.6 9.6238 0.8 -26.45 0.0 1833.3333
13.5143 1.6 9.6166 0.8 -26.45 0.0 1850.0
13.5016 1.6 9.6103 0.8 -26.45 0.0 1866.6667
13.4905 1.6 9.6047 0.8 -26.45 0.0 1883.3333
13.4799 1.6 9.5995 0.8 -26.4567 0.0 1900.0
13.4692 1.6 9.5943 0.8 -26.4751 0.0 1916.6667
13.4578 1.6 9.5886 0.8 -26.4936 0.0 1933.3333
13.4453 1.6 9.5822 0.7588 -26.6649 -0.0002 1950.0
13.432 1.6 9.5754 0.6963 -26.915 -0.0002 1966.6667
13.4188 1.6 9.5686 0.6346 -27.1722 -0.0001 1983.3333
13.4066 1.6 9.5622 0.5751 -27.45 -0.0003 2000.0
13.3959 1.6 9.5565 0.5155 -27.7278 -0.0001 2016.6667
13.3869 1.6 9.5518 0.4768 -27.9164 -0.0001 2033.3333
13.3784 1.6 9.5472 0.4453 -28.0736 -0.0001 2050.0
13.3684 1.6 9.5418 0.4139 -28.2308 -0.0001 2066.6667
13.3548 1.6 9.5344 0.3883 -28.335 0.0 2083.3333
13.339 1.6 9.5259 0.3675 -28.3975 0.0 2100.0
13.3252 1.6 9.5184 0.35 -28.45 0.0 2116.6667
13.3154 1.6 9.513 0.35 -28.45 0.0 2133.3333
13.307 1.6 9.5084 0.35 -28.45 0.0 2150.0
13.2965 1.6 9.5027 0.35 -28.45 0.0 2166.6667
13.2822 1.6 9.495 0.35 -28.45 0.0 2183.3333
13.267 1.6 9.4868 0.35 -28.45 0.0 2200.0
13.2541 1.6 9.4798 0.35 -28.4635 0.0 2216.6667
13.2438 1.6 9.4742 0.35 -28.4829 0.0 2233.3333
13.2344 1.6 9.4691 0.3459 -28.506 0.0 2250.0
13.2246 1.6 9.4637 0.3119 -28.557 0.0 2266.6667
13.2137 1.6 9.4577 0.2779 -28.6081 0.0 2283.3333
13.2012 1.6 9.4509 0.2464 -28.6463 0.0 2300.0
13.1873 1.6 9.4433 0.2266 -28.6265 0.0 2316.6667
13.1737 1.6 9.4359 0.2067 -28.6066 0.0 2333.3333
13.1625 1.6 9.4298 0.1425 -28.4051 0.0004 2350.0
13.1528 1.6 9.4247 0.0557 -28.11 0.0005 2366.6667
13.1425 1.6 9.4194 -0.031 -27.8148 0.0001 2383.3333
13.1295 1.6 9.413 -0.197 -27.1649 0.0017 2400.0
13.1149 1.6 9.4058 -0.3844 -26.4149 0.0015 2416.6667
13.101 1.6 9.3992 -0.5159 -25.7362 0.0002 2433.3333
13.0888 1.6 9.3935 -0.5576 -25.1736 0.0003 2450.0
13.0771 1.6 9.3884 -0.5992 -24.6111 0.0 2466.6667
13.0652 1.6 9.3833 -0.64 -23.7634 0.0005 2483.3333
13.053 1.6 9.3783 -0.6806 -22.9097 0.0003 2500.0
13.0407 1.6 9.3733 -0.7 -22.3309 0.0 2516.6667
13.0287 1.6 9.3685 -0.7 -22.0057 0.0 2533.3333
13.017 1.6 9.3639 -0.7011 -21.6883 0.0 2550.0
13.0058 1.6 9.3596 -0.7188 -21.4932 0.0001 2566.6667
12.9946 1.6 9.3553 -0.7365 -21.2982 0.0001 2583.3333
12.9828 1.6 9.3508 -0.7545 -21.1226 0.0 2600.0
12.9699 1.6 9.3459 -0.7735 -21.009 0.0 2616.6667
12.9564 1.6 9.3407 -0.7924 -20.8954 0.0 2633.3333
12.9426 1.6 9.3355 -0.8 -20.7874 0.0 2650.0
12.929 1.6 9.3303 -0.8 -20.6832 0.0 2666.6667
12.9157 1.6 9.3253 -0.8 -20.5267 0.0 2683.3333
12.9029 1.6 9.3207 -0.8 -20.1609 0.0 2700.0
12.8909 1.6 9.3165 -0.8 -19.795 0.0 2716.6667
12.8796 1.6 9.3125 -0.8 -19.2709 0.0 2733.3333
12.8686 1.6 9.3089 -0.8 -18.6912 0.0 2750.0
12.857 1.6 9.3054 -0.8 -18.1115 0.0 2766.6667
12.8445 1.6 9.302 -0.8 -16.6893 0.0 2783.3333
12.8309 1.6 9.2986 -0.8 -15.2499 0.0 2800.0
12.8167 1.6 9.2951 -0.8 -14.1474 0.0 2816.6667
12.8021 1.6 9.2917 -0.8 -13.6987 0.0 2833.3333
12.7877 1.6 9.2883 -0.8 -13.25 0.0 2850.0
12.7738 1.6 9.2851 -0.8 -13.189 0.0 2866.6667
12.761 1.6 9.2822 -0.8 -13.128 0.0 2883.3333
12.7497 1.6 9.2795 -0.8 -13.0734 0.0 2900.0
12.7395 1.6 9.2772 -0.8 -13.0245 0.0 2916.6667
12.7297 1.6 9.2749 -0.8 -12.9755 0.0 2933.3333
12.7193 1.6 9.2726 -0.7923 -12.9423 0.0 2950.0
12.7078 1.6 9.2699 -0.7763 -12.9263 0.0 2966.6667
12.6944 1.6 9.2669 -0.7603 -12.9103 0.0 2983.3333
12.6786 1.6 9.2632 -0.7425 -12.9 0.0 3000.0
12.6613 1.6 9.2591 -0.7217 -12.9 0.0 3016.6667
12.6451 1.6 9.2555 -0.7008 -12.9 0.0 3033.3333
12.632 1.6 9.253 -0.5643 -13.717 0.0019 3050.0
12.621 1.6 9.2502 -0.4224 -14.5681 0.0018 3066.6667
12.61 1.6 9.2456 -0.3 -15.5972 0.0 3083.3333
12.5973 1.6 9.2388 -0.3 -17.7202 0.0 3100.0
12.5831 1.6 9.2339 -0.3 -19.8433 0.0 3116.6667
12.5674 1.6 9.2352 -0.3 -21.3881 0.0 3133.3333
12.5506 1.6001 9.2423 -0.3 -22.5786 0.0 3150.0
12.5327 1.6002 9.251 -0.296 -23.6988 0.0 3166.6667
12.5141 1.6003 9.2584 -0.2554 -24.1866 0.0003 3183.3333
12.4955 1.6003 9.2647 -0.2147 -24.6744 0.0001 3200.0
12.4775 1.6003 9.2708 -0.1601 -25.1167 0.0003 3216.6667
12.4601 1.6003 9.2769 -0.0976 -25.5333 0.0003 3233.3333
12.4428 1.6003 9.2829 -0.0358 -25.9738 0.0002 3250.0
12.4252 1.6003 9.2887 0.0236 -26.4897 0.0005 3266.6667
12.4072 1.6003 9.2943 0.0832 -27.0056 0.0002 3283.3333
12.3889 1.6003 9.2999 0.1427 -27.5357 0.0004 3300.0
12.3704 1.6002 9.3054 0.2022 -28.0714 0.0004 3316.6667
12.3523 1.6001 9.3106 0.2574 -28.5889 0.0001 3333.3333
12.3346 1.6 9.3156 0.2943 -29.0333 0.0003 3350.0
12.3169 1.5999 9.3203 0.3314 -29.4778 0.0002 3366.6667
12.2989 1.5999 9.3251 0.35 -29.9679 0.0 3383.3333
12.2804 1.5998 9.3297 0.35 -30.5036 0.0 3400.0
12.2619 1.5997 9.3342 0.35 -31.0393 0.0 3416.6667
12.2435 1.5996 9.3384 0.35 -31.8287 0.0 3433.3333
12.2251 1.5995 9.3422 0.35 -32.6233 0.0 3450.0
12.2067 1.5995 9.3456 0.35 -33.3167 0.0 3466.6667
12.1879 1.5994 9.3489 0.35 -33.8583 0.0 3483.3333
12.1682 1.5993 9.3529 0.35 -34.3999 0.0 3500.0
12.1477 1.5992 9.3576 0.3086 -35.1916 -0.0005 3516.6667
12.1291 1.5991 9.3601 0.2668 -35.9832 -0.0003 3533.3333
12.1153 1.5991 9.3574 0.25 -36.6371 0.0 3550.0
12.1058 1.5991 9.3496 0.25 -37.1991 0.0 3566.6667
12.0972 1.5991 9.3399 0.25 -37.7559 0.0 3583.3333
12.0869 1.5991 9.3308 0.25 -38.0535 0.0 3600.0
12.0758 1.5991 9.3225 0.25 -38.3512 0.0 3616.6667
12.0654 1.5991 9.3148 0.2684 -38.6759 0.0002 3633.3333
12.0561 1.5991 9.3073 0.3054 -39.0278 0.0003 3650.0
12.0469 1.5991 9.2994 0.3425 -39.3796 0.0001 3666.6667
12.0368 1.5991 9.2907 0.3808 -39.8996 0.0004 3683.3333
12.0261 1.5991 9.2814 0.4195 -40.4616 0.0004 3700.0
12.0155 1.5991 9.2721 0.4586 -41.044 0.0002 3716.6667
12.0054 1.5991 9.263 0.4981 -41.6988 0.0005 3733.3333
11.9954 1.5991 9.2536 0.538 -42.3536 0.0002 3750.0
11.9849 1.5991 9.2436 0.55 -42.9688 0.0 3766.6667
11.9744 1.5991 9.2336 0.55 -43.5671 0.0 3783.3333
11.9652 1.5991 9.2245 0.5434 -44.2433 -0.0002 3800.0
11.9573 1.5991 9.2165 0.5251 -45.0581 -0.0003 3816.6667
11.9494 1.5991 9.208 0.5064 -45.873 -0.0002 3833.3333
11.9403 1.5991 9.1978 0.4311 -47.0808 -0.0021 3850.0
11.9302 1.5991 9.1861 0.3243 -48.491 -0.0022 3866.6667
11.9207 1.5991 9.1745 0.2047 -49.8967 -0.0018 3883.3333
11.9123 1.5991 9.1637 0.0607 -51.2925 -0.004 3900.0
11.9047 1.5991 9.1533 -0.0879 -52.6883 -0.0005 3916.6667
11.8973 1.5991 9.1428 -0.1918 -53.735 -0.0022 3933.3333
11.89 1.5991 9.1321 -0.2938 -54.7512 -0.0016 3950.0
11.8826 1.5991 9.1211 -0.3689 -55.5396 -0.0003 3966.6667
11.8751 1.5991 9.1098 -0.4104 -56.0604 -0.0005 3983.3333
11.8674 1.5991 9.0982 -0.45 -56.5646 0.0 4000.0
11.8599 1.5991 9.0865 -0.45 -56.8085 0.0 4016.6667
11.8529 1.5991 9.0756 -0.45 -57.0524 0.0 4033.3333
11.847 1.5991 9.0664 -0.45 -57.248 0.0 4050.0
11.8419 1.5991 9.0583 -0.45 -57.4114 0.0 4066.6667
11.8361 1.5991 9.0492 -0.45 -57.5748 0.0 4083.3333
11.8286 1.5991 9.0372 -0.45 -57.7463 0.0 4100.0
11.8196 1.5991 9.0229 -0.45 -57.9249 0.0 4116.6667
11.8109 1.5991 9.0089 -0.45 -58.1044 0.0 4133.3333
11.8039 1.5991 8.9974 -0.45 -58.3317 0.0 4150.0
11.7977 1.5991 8.9871 -0.45 -58.559 0.0 4166.6667
11.7911 1.5991 8.9761 -0.4343 -58.787 0.0001 4183.3333
11.7836 1.5991 8.9637 -0.3927 -59.0162 0.0002 4200.0
11.7761 1.5991 8.951 -0.3508 -59.2453 0.0 4216.6667
11.7693 1.5991 8.9391 -0.3296 -59.3724 0.0001 4233.3333
11.7626 1.5991 8.9278 -0.3088 -59.4974 0.0 4250.0
11.7558 1.5991 8.917 -0.3 -59.6206 0.0 4266.6667
11.7489 1.5991 8.906 -0.3 -59.7426 0.0 4283.3333
11.7431 1.5991 8.894 -0.295 -59.8674 0.0 4300.0
11.738 1.5991 8.881 -0.2535 -60.0132 0.0002 4316.6667
11.7304 1.5991 8.8695 -0.2117 -60.1591 0.0001 4333.3333
11.7168 1.5992 8.8619 -0.2 -60.317 0.0 4350.0
11.6984 1.5992 8.8576 -0.2 -60.4796 0.0 4366.6667
11.6786 1.5993 8.8535 -0.1839 -60.6703 0.0002 4383.3333
11.6598 1.5993 8.8483 -0.1216 -60.9412 0.0004 4400.0
11.6415 1.5993 8.8425 -0.0588 -61.212 0.0001 4416.6667
11.6233 1.5993 8.8369 0.0048 -61.4888 0.0004 4433.3333
11.6051 1.5992 8.8314 0.069 -61.7666 0.0003 4450.0
11.5872 1.5992 8.826 0.1215 -62.0191 0.0002 4466.6667
11.5695 1.5991 8.8204 0.1631 -62.2482 0.0002 4483.3333
11.5517 1.5991 8.8147 0.2071 -62.4785 0.0001 4500.0
11.5337 1.599 8.8089 0.2663 -62.7166 0.0004 4516.6667
11.5159 1.5989 8.8031 0.326 -62.9547 0.0002 4533.3333
11.4988 1.5988 8.7974 0.4437 -63.3475 0.0018 4550.0
11.4821 1.5987 8.7916 0.6019 -63.8436 0.0023 4566.6667
11.4648 1.5985 8.7853 0.7805 -64.3716 0.0013 4583.3333
11.4463 1.5981 8.7782 1.1679 -65.2674 0.0105 4600.0
11.4276 1.5977 8.7707 1.5687 -66.1632 0.0051 4616.6667
11.4097 1.5971 8.7632 1.9117 -67.0166 0.0067 4633.3333
11.3925 1.5966 8.7558 2.2321 -67.8499 0.0069 4650.0
11.3754 1.596 8.7482 2.4985 -68.5557 0.0011 4666.6667
11.3581 1.5953 8.7402 2.6433 -69.0141 0.0023 4683.3333
11.3408 1.5946 8.7323 2.791 -69.4724 0.0002 4700.0
11.3241 1.594 8.7245 2.8195 -69.6761 0.0001 4716.6667
11.3075 1.5933 8.7168 2.8403 -69.8637 0.0001 4733.3333
11.2906 1.5926 8.7089 2.85 -70.0816 0.0 4750.0
11.2736 1.592 8.7007 2.85 -70.3255 0.0 4766.6667
11.2572 1.5914 8.6928 2.85 -70.5673 0.0 4783.3333
11.2419 1.5908 8.6853 2.85 -70.7847 0.0 4800.0
11.2264 1.5901 8.6777 2.85 -71.0021 0.0 4816.6667
11.2094 1.5895 8.6693 2.85 -71.1954 0.0 4833.3333
11.1907 1.5887 8.6599 2.85 -71.3377 0.0 4850.0
11.1718 1.588 8.6505 2.85 -71.48 0.0 4866.6667
11.1545 1.5873 8.6416 2.85 -71.7149 0.0 4883.3333
11.1381 1.5867 8.6332 2.85 -71.965 0.0 4900.0
11.1215 1.586 8.6246 2.84 -72.211 -0.0001 4916.6667
11.1045 1.5853 8.6157 2.8182 -72.4522 -0.0002 4933.3333
11.0876 1.5847 8.6068 2.7929 -72.7195 -0.0002 4950.0
11.0714 1.584 8.5981 2.7527 -73.1057 -0.0007 4966.6667
11.0556 1.5835 8.5894 2.7117 -73.4919 -0.0003 4983.3333
11.04 1.5829 8.5804 2.522 -74.4488 -0.0127 5000.0
11.0244 1.5825 8.5709 2.259 -75.6276 -0.0139 5016.6667
11.0085 1.5821 8.5605 1.9705 -77.0126 -0.016 5033.3333
10.9925 1.5818 8.5489 1.6379 -78.9841 -0.0498 5050.0
10.9768 1.5815 8.537 1.241 -80.9557 -0.0181 5066.6667
10.9622 1.5813 8.5253 1.0141 -82.537 -0.0269 5083.3333
10.9483 1.5812 8.5136 0.814 -84.0207 -0.03 5100.0
10.9343 1.5811 8.5012 0.6344 -85.4772 -0.0067 5116.6667
10.92 1.581 8.4878 0.5805 -86.8808 -0.0187 5133.3333
10.9058 1.5809 8.4742 0.5 -88.2453 0.0 5150.0
10.892 1.5808 8.4607 0.5 -88.9982 0.0 5166.6667
10.879 1.5807 8.4475 0.4999 -89.7511 0.0 5183.3333
10.8667 1.5805 8.4346 -179.5 -89.8484 179.9999 5200.0
10.8542 1.5804 8.4216 -179.5 -89.683 180.0 5216.6667
10.8398 1.5803 8.408 -179.4875 -89.5078 179.996 5233.3333
10.824 1.5801 8.3938 -179.4399 -89.2939 179.9911 5250.0
10.812 1.58 8.3797 -179.4045 -89.08 179.9985 5266.6667
10.8084 1.58 8.3665 -179.3142 -88.7814 179.9859 5283.3333
10.8105 1.58 8.3538 -179.2365 -88.469 179.9915 5300.0
10.8128 1.58 8.3409 -179.1784 -88.2118 179.998 5316.6667
10.8132 1.58 8.3274 -179.1349 -88.0194 179.9973 5333.3333
10.8131 1.58 8.3139 -179.0916 -87.8159 179.9989 5350.0
10.8136 1.58 8.3006 -179.0264 -87.5314 179.9947 5366.6667
10.8145 1.58 8.2874 -178.9685 -87.2468 179.9977 5383.3333
10.8154 1.58 8.2741 -178.904 -86.9385 179.9963 5400.0
10.8162 1.58 8.2605 -178.8402 -86.618 179.9966 5416.6667
10.8171 1.58 8.2468 -178.786 -86.3401 179.9993 5433.3333
10.818 1.58 8.2332 -178.7436 -86.1525 179.9986 5450.0
10.8189 1.58 8.2201 -178.7032 -85.965 179.9998 5466.6667
10.8199 1.58 8.2077 -178.6811 -85.7675 179.9993 5483.3333
10.8209 1.58 8.1953 -178.6614 -85.569 179.9995 5500.0
10.8221 1.58 8.182 -178.6318 -85.3218 179.9989 5516.6667
10.8234 1.58 8.1678 -178.5884 -85.0013 179.9982 5533.3333
10.8247 1.58 8.154 -178.5476 -84.6823 179.9998 5550.0
10.8259 1.58 8.1416 -178.509 -84.386 179.9983 5566.6667
10.8272 1.58 8.1296 -178.4725 -84.0897 179.9988 5583.3333
10.8287 1.58 8.1165 -178.45 -83.7692 180.0 5600.0
10.8304 1.58 8.1021 -178.45 -83.406 180.0 5616.6667
10.8322 1.58 8.0875 -178.45 -83.0371 -180.0 5633.3333
10.8342 1.58 8.0739 -178.45 -82.3913 -180.0 5650.0
10.8362 1.58 8.061 -178.45 -81.7455 180.0 5666.6667
10.8383 1.58 8.0484 -178.4636 -81.1642 -179.9993 5683.3333
10.8404 1.58 8.0357 -178.4845 -80.6225 -179.9992 5700.0
10.8427 1.58 8.0229 -178.5049 -80.0763 -179.9997 5716.6667
10.8452 1.58 8.0098 -178.5262 -79.5137 -179.9992 5733.3333
10.8479 1.58 7.9967 -178.5465 -78.9512 -179.9998 5750.0
10.8507 1.58 7.9834 -178.5862 -78.4295 -179.9988 5766.6667
10.8536 1.58 7.9701 -178.6286 -77.9167 -179.9991 5783.3333
10.8567 1.58 7.9568 -178.6922 -77.4551 -179.9988 5800.0
10.8598 1.58 7.9434 -178.7782 -77.0491 -179.9983 5816.6667
10.8631 1.58 7.9303 -178.8615 -76.6389 -179.9996 5833.3333
10.8663 1.58 7.9174 -178.9424 -76.2024 -179.998 5850.0
10.8696 1.58 7.9046 -179.0208 -75.7659 -179.999 5866.6667
10.873 1.58 7.8919 -179.0768 -75.4675 -179.9997 5883.3333
10.8764 1.58 7.879 -179.1196 -75.2538 -179.9996 5900.0
10.8799 1.58 7.8659 -179.1564 -75.0622 -179.9999 5916.6667
10.8834 1.58 7.8529 -179.1789 -74.927 -179.9999 5933.3333
10.8869 1.58 7.8404 -179.2024 -74.786 -180.0 5950.0
10.8902 1.58 7.8285 -179.2415 -74.5535 -179.9995 5966.6667
10.8936 1.58 7.8165 -179.2801 -74.3209 -179.9997 5983.3333
10.8974 1.58 7.8036 -179.3668 -73.9297 -179.998 6000.0
10.9016 1.58 7.7898 -179.5024 -73.3667 -179.9975 6016.6667
10.906 1.58 7.7761 -179.6412 -72.8075 -179.9987 6033.3333
10.9103 1.58 7.7631 -179.7964 -72.2593 -179.9969 6050.0
10.9143 1.58 7.7506 -179.947 -71.7111 -179.9999 6066.6667
10.9179 1.58 7.7384 179.8841 -71.2714 -179.9972 6083.3333
10.9222 1.58 7.7264 179.7185 -70.8338 -179.9984 6100.0
10.9284 1.58 7.7145 179.6369 -70.637 -180.0 6116.6667
10.934 1.58 7.702 179.6144 -70.6145 -180.0 6133.3333
10.9335 1.58 7.6873 179.5921 -70.5922 -180.0 6150.0
10.9257 1.5801 7.6704 179.5702 -70.5702 -180.0 6166.6667
10.9154 1.5802 7.6528 179.5435 -70.55 180.0 6183.3333
10.9068 1.5804 7.6359 179.4622 -70.55 -180.0 6200.0
10.8992 1.5805 7.6191 179.3809 -70.5501 180.0 6216.6667
10.8913 1.5807 7.602 179.1876 -70.6181 179.9992 6233.3333
10.8828 1.581 7.5845 178.9245 -70.7277 179.9992 6250.0
10.8744 1.5813 7.5673 178.6924 -70.8582 179.9995 6266.6667
10.8662 1.5817 7.5507 178.5219 -71.0292 179.9989 6283.3333
10.858 1.5821 7.534 178.35 -71.2001 180.0 6300.0
10.8495 1.5825 7.517 178.2492 -71.4034 179.9992 6316.6667
10.8409 1.583 7.5 178.1472 -71.6066 179.9995 6333.3333
10.8325 1.5834 7.4834 178.0773 -71.8847 179.9996 6350.0
10.8241 1.5839 7.4672 178.0347 -72.2265 179.9995 6366.6667
10.8153 1.5844 7.4508 177.988 -72.6333 179.9995 6383.3333
10.806 1.5849 7.4338 177.9267 -73.3 179.9982 6400.0
10.7965 1.5854 7.417 177.8631 -73.9667 179.9994 6416.6667
10.787 1.5859 7.4008 177.85 -75.0825 180.0 6433.3333
10.7771 1.5864 7.385 177.85 -76.3105 -180.0 6450.0
10.7663 1.5869 7.369 177.85 -77.6495 180.0 6466.6667
10.755 1.5874 7.3529 177.85 -79.091 -180.0 6483.3333
10.7442 1.5879 7.3376 177.8737 -80.25 -179.9986 6500.0
10.7342 1.5883 7.3233 177.9551 -80.75 -179.9968 6516.6667
10.7231 1.5888 7.3088 178.0411 -81.25 -179.9995 6533.3333
10.7096 1.5892 7.2934 178.123 -81.8192 -179.9961 6550.0
10.6977 1.5897 7.2781 178.2097 -82.3962 -179.9973 6566.6667
10.6927 1.5899 7.2643 178.2832 -82.7638 -179.9991 6583.3333
10.6946 1.5899 7.2519 178.3439 -82.9671 -179.9988 6600.0
10.6984 1.5898 7.2394 178.4021 -83.165 -179.9999 6616.6667
10.7006 1.5898 7.2257 178.4232 -83.3145 -179.9997 6633.3333
10.7016 1.5898 7.2116 178.4447 -83.4641 -179.9999 6650.0
10.7027 1.5898 7.198 178.4808 -83.6583 -179.9991 6666.6667
10.7042 1.5898 7.185 178.5225 -83.8667 -179.9992 6683.3333
10.7056 1.5898 7.1722 178.571 -84.0878 -179.999 6700.0
10.7068 1.5898 7.1594 178.631 -84.3318 -179.998 6716.6667
10.708 1.5898 7.1463 178.6936 -84.5757 -179.9997 6733.3333
10.7092 1.5898 7.1327 178.7544 -84.8063 -179.9981 6750.0
10.7104 1.5898 7.1189 178.8174 -85.0355 -179.9986 6766.6667
10.7114 1.5898 7.1052 178.8872 -85.4105 -179.9955 6783.3333
10.7123 1.5898 7.0918 178.9678 -85.9314 -179.9928 6800.0
10.713 1.5898 7.0786 179.0599 -86.4967 -179.9947 6816.6667
10.7134 1.5898 7.0656 179.1678 -87.4625 -179.9511 6833.3333
10.7136 1.5898 7.0525 179.3154 -88.4283 -179.9472 6850.0
10.7135 1.5898 7.0391 179.3904 -89.4511 -179.8716 6866.6667
10.7132 1.5898 7.0254 -0.1381 -89.459 -0.1936 6883.3333
10.7126 1.5898 7.0117 -0.1836 -88.4371 -0.0048 6900.0
10.712 1.5898 6.9982 -0.0716 -87.9139 -0.0199 6916.6667
10.7113 1.5898 6.985 0.0149 -87.3906 -0.0095 6933.3333
10.7107 1.5898 6.9721 0.05 -87.1389 0.0 6950.0
10.7101 1.5898 6.9595 0.05 -87.1187 0.0 6966.6667
10.7094 1.5898 6.9468 0.05 -87.0984 0.0 6983.3333
10.7088 1.5898 6.9338 0.05 -87.0785 0.0 7000.0
10.708 1.5898 6.9204 0.05 -87.0586 0.0 7016.6667
10.7073 1.5898 6.9064 0.1008 -86.9303 -0.003 7033.3333
10.7064 1.5898 6.8922 0.1867 -86.7166 -0.0034 7050.0
10.7055 1.5898 6.8783 0.2815 -86.4103 -0.0053 7066.6667
10.7044 1.5898 6.8653 0.4094 -85.7754 -0.0142 7083.3333
10.7033 1.5898 6.8529 0.5195 -85.1405 -0.0052 7100.0
10.702 1.5898 6.8407 0.55 -84.3259 0.0 7116.6667
10.7004 1.5898 6.8283 0.55 -83.4344 0.0 7133.3333
10.6984 1.5898 6.8152 0.5358 -82.5206 0.0021 7150.0
10.6961 1.5898 6.8012 0.4267 -81.4434 0.0096 7166.6667
10.6935 1.5898 6.787 0.3305 -80.3662 0.0041 7183.3333
10.6908 1.5898 6.7731 0.2852 -79.5909 0.0007 7200.0
10.6882 1.5898 6.7598 0.2639 -78.9713 0.0007 7216.6667
10.6854 1.5898 6.747 0.2433 -78.3404 0.0004 7233.3333
10.6826 1.5898 6.7345 0.223 -77.6856 0.0008 7250.0
10.6796 1.5898 6.7221 0.2037 -77.0309 0.0002 7266.6667
10.6765 1.5898 6.7094 0.2 -76.5259 0.0 7283.3333
10.6732 1.5898 6.6963 0.2 -76.0584 0.0 7300.0
10.6697 1.5898 6.6831 0.2 -75.6046 0.0 7316.6667
10.6661 1.5898 6.6699 0.2 -75.1773 0.0 7333.3333
10.6624 1.5898 6.6567 0.2 -74.7499 0.0 7350.0
10.6585 1.5898 6.6434 0.2639 -74.2499 -0.0014 7366.6667
10.6547 1.5898 6.6305 0.3257 -73.7499 -0.0008 7383.3333
10.651 1.5898 6.6182 0.3872 -73.3548 -0.0007 7400.0
10.6473 1.5898 6.6064 0.4483 -73.0296 -0.0008 7416.6667
10.6434 1.5898 6.594 0.5089 -72.7003 -0.0002 7433.3333
10.6391 1.5898 6.5808 0.5721 -72.3462 -0.0009 7450.0
10.6347 1.5898 6.5674 0.6341 -71.992 -0.0003 7466.6667
10.6305 1.5898 6.5547 0.6958 -71.6592 -0.0007 7483.3333
10.6264 1.5898 6.5427 0.7567 -71.334 -0.0007 7500.0
10.6222 1.5898 6.5306 0.8173 -71.0259 -0.0003 7516.6667
10.6178 1.5898 6.5181 0.8787 -70.7617 -0.0006 7533.3333
10.6132 1.5898 6.5053 0.9392 -70.4975 -0.0002 7550.0
10.6084 1.5898 6.4921 1.0032 -70.1696 -0.0007 7566.6667
10.6035 1.5898 6.4792 1.0672 -69.8277 -0.0005 7583.3333
10.5989 1.5898 6.467 1.1492 -69.3166 -0.0017 7600.0
10.5943 1.5898 6.4555 1.2492 -68.6221 -0.0025 7616.6667
10.5894 1.5898 6.4438 1.3462 -67.9277 -0.0002 7633.3333
10.5839 1.5898 6.4313 1.4732 -67.0399 -0.0035 7650.0
10.578 1.5898 6.4184 1.5969 -66.1441 -0.0021 7666.6667
10.5721 1.5898 6.4058 1.6866 -65.4268 -0.0008 7683.3333
10.5663 1.5898 6.3935 1.7508 -64.8499 -0.0009 7700.0
10.5605 1.5898 6.3817 1.8141 -64.2578 -0.0004 7716.6667
10.5546 1.5898 6.3702 1.8773 -63.612 -0.0011 7733.3333
10.5485 1.5898 6.3585 1.939 -62.9661 -0.0003 7750.0
10.5421 1.5898 6.3466 2.0029 -62.6572 -0.0004 7766.6667
10.5358 1.5898 6.3345 2.0669 -62.4221 -0.0003 7783.3333
10.5301 1.5898 6.3227 2.1 -62.2523 0.0 7800.0
10.5246 1.5898 6.3114 2.1 -62.1531 0.0 7816.6667
10.518 1.5898 6.3004 2.1 -62.0539 0.0 7833.3333
10.5097 1.5897 6.2895 2.1 -62.0499 0.0 7850.0
10.5032 1.5897 6.2772 2.1 -62.0499 0.0 7866.6667
10.5031 1.59 6.2616 2.1117 -62.0382 0.0 7883.3333
10.5091 1.5905 6.2432 2.1325 -62.0174 0.0 7900.0
10.5166 1.5911 6.2242 2.1533 -61.9999 0.0 7916.6667
10.5225 1.5916 6.2061 2.1736 -61.9999 0.0 7933.3333
10.5273 1.5921 6.1889 2.1939 -61.9999 0.0 7950.0
10.5321 1.5926 6.1724 2.263 -62.1394 0.0005 7966.6667
10.5372 1.5931 6.1563 2.3534 -62.3387 0.0006 7983.3333
10.5425 1.5937 6.1401 2.4445 -62.5379 0.0001 8000.0
10.548 1.5943 6.1235 2.5531 -62.9503 0.0015 8016.6667
10.5539 1.5949 6.106 2.6643 -63.3762 0.0014 8033.3333
10.5604 1.5956 6.0871 2.7644 -63.8023 0.0003 8050.0
10.5676 1.5963 6.0669 2.8249 -64.2292 0.0008 8066.6667
10.5749 1.597 6.0467 2.8863 -64.656 0.0003 8083.3333
10.5819 1.5978 6.0278 2.9483 -65.0099 0.0005 8100.0
10.5884 1.5985 6.0103 3.0108 -65.3432 0.0005 8116.6667
10.5948 1.5992 5.9936 3.0577 -65.6194 0.0001 8133.3333
10.6012 1.5999 5.9769 3.0779 -65.8023 0.0001 8150.0
10.6078 1.6006 5.9595 3.0984 -65.9853 0.0 8166.6667
10.615 1.6014 5.9412 3.1196 -66.1178 0.0001 8183.3333
10.6223 1.6022 5.9225 3.141 -66.2461 0.0 8200.0
10.6293 1.6029 5.9045 3.15 -66.3743 0.0 8216.6667
10.6361 1.6036 5.8874 3.15 -66.5025 0.0 8233.3333
10.6428 1.6043 5.8704 3.15 -66.6523 0.0 8250.0
10.6498 1.605 5.8532 3.15 -66.8705 0.0 8266.6667
10.6569 1.6058 5.8358 3.15 -67.0888 0.0 8283.3333
10.6641 1.6065 5.8183 3.1358 -67.2928 -0.0001 8300.0
10.6714 1.6072 5.8008 3.116 -67.4912 -0.0001 8316.6667
