15.0 1.6 10.0 0.0 0.0 0.0 0.0
15.0 1.6 10.0 0.0 0.0 0.0 16.6667
15.0 1.6 10.0 0.0 0.0 0.0 33.3333
15.0 1.6 10.0 0.0 0.0 0.0 50.0
15.0 1.6 10.0 0.0 0.0 0.0 66.6667
15.0 1.6 10.0 0.0 0.0 0.0 83.3333
15.0 1.6 10.0 0.0 0.0 0.0 100.0
15.0 1.6 10.0 0.0 0.0 0.0 116.6667
15.0 1.6 10.0 0.0 0.0 0.0 133.3333
15.0 1.6 10.0 0.0 0.0 0.0 150.0
15.0 1.6 10.0 0.0 0.0 0.0 166.6667
15.0 1.6 10.0 0.0 0.0 0.0 183.3333
15.0 1.6 10.0 0.0 0.0 0.0 200.0
15.0 1.6 10.0 0.0 0.0 0.0 216.6667
15.0 1.6 10.0 0.0 0.0 0.0 233.3333
15.0 1.6 10.0 0.0 0.0 0.0 250.0
15.0 1.6 10.0 0.0 0.0 0.0 266.6667
15.0 1.6 10.0 0.0 0.0 0.0 283.3333
15.0 1.6 10.0 0.0 0.0 0.0 300.0
15.0 1.6 10.0 0.0 0.0 0.0 316.6667
15.0 1.6 10.0 0.0 0.0 0.0 333.3333
15.0 1.6 10.0 0.0 0.0 0.0 350.0
15.0 1.6 10.0 0.0 0.0 0.0 366.6667
15.0 1.6 10.0 0.003 -0.0015 0.0 383.3333
15.0 1.6 10.0 0.0409 -0.0205 0.0 400.0
15.0 1.6 10.0 0.0788 -0.0394 0.0 416.6667
15.0 1.6 10.0 0.1786 -0.1722 0.0004 433.3333
15.0 1.6 10.0 0.3571 -0.45 0.0007 450.0
15.0 1.6 10.0 0.5357 -0.7278 0.0001 466.6667
14.9999 1.6 10.0 0.9522 -2.0917 0.0076 483.3333
14.9999 1.6 10.0 1.3897 -3.55 0.0051 500.0
15.0002 1.6 10.0 1.6906 -4.5422 0.0009 516.6667
15.0004 1.6 10.0 1.865 -5.1043 0.0014 533.3333
15.0001 1.6 10.0 2.0395 -5.6663 0.0001 550.0
14.9989 1.6 9.9999 2.1059 -5.8306 0.0001 566.6667
14.9987 1.6 9.9998 2.1655 -5.9694 0.0001 583.3333
15.0018 1.6 10.0002 2.225 -6.1166 0.0001 600.0
15.0057 1.6 10.0007 2.2845 -6.2753 0.0001 616.6667
15.0013 1.6 10.0001 2.344 -6.434 0.0 633.3333
14.9813 1.6 9.9978 2.35 -6.5297 0.0 650.0
14.9493 1.6 9.9941 2.35 -6.6183 0.0 666.6667
14.9121 1.6 9.9896 2.3516 -6.7158 0.0 683.3333
14.8755 1.6 9.9851 2.3714 -6.9142 0.0001 700.0
14.8407 1.6 9.9807 2.3913 -7.1126 0.0 716.6667
14.8082 1.6 9.9764 2.4222 -7.3555 0.0001 733.3333
14.7784 1.6 9.9723 2.4619 -7.6333 0.0001 750.0
14.7515 1.6 9.9685 2.5 -7.9078 0.0 766.6667
14.7271 1.6 9.9649 2.5 -8.1028 0.0 783.3333
14.7026 1.6 9.9612 2.5 -8.2979 0.0 800.0
14.675 1.6 9.957 2.5 -8.4683 0.0 816.6667
14.6435 1.6 9.9523 2.5 -8.5517 0.0 833.3333
14.6122 1.6 9.9475 2.5 -8.635 0.0 850.0
14.5852 1.6 9.9433 2.4833 -8.75 0.0 866.6667
14.5617 1.6 9.9396 2.463 -8.872 0.0 883.3333
14.5388 1.6 9.9358 2.443 -9.0198 0.0 900.0
14.5149 1.6 9.9319 2.4237 -9.2136 -0.0001 916.6667
14.4903 1.6 9.9278 2.4043 -9.4074 0.0 933.3333
14.4655 1.6 9.9235 2.3366 -9.7037 -0.0003 950.0
14.4403 1.6 9.919 2.2553 -10.0289 -0.0003 966.6667
14.4145 1.6 9.9141 2.1675 -10.3671 -0.0002 983.3333
14.3886 1.6 9.909 2.0659 -10.7329 -0.0005 1000.0
14.3648 1.6 9.9042 1.9642 -11.0988 -0.0001 1016.6667
14.3447 1.6 9.9001 1.8915 -11.2963 -0.0002 1033.3333
14.3255 1.6 9.8962 1.8235 -11.4663 -0.0002 1050.0
14.3034 1.6 9.8916 1.7554 -11.6364 0.0 1066.6667
14.2755 1.6 9.8858 1.75 -11.6883 0.0 1083.3333
14.2454 1.6 9.8795 1.75 -11.73 0.0 1100.0
14.2187 1.6 9.8739 1.7283 -11.815 0.0 1116.6667
14.1963 1.6 9.8692 1.6867 -11.94 -0.0001 1133.3333
14.1753 1.6 9.8646 1.64 -12.0925 -0.0001 1150.0
14.1535 1.6 9.8597 1.5567 -12.4467 -0.0004 1166.6667
14.1312 1.6 9.8546 1.4734 -12.8008 -0.0002 1183.3333
14.1097 1.6 9.8494 1.3901 -13.23 -0.0004 1200.0
14.089 1.6 9.8442 1.3068 -13.6883 -0.0004 1216.6667
14.0689 1.6 9.8391 1.2373 -14.0952 -0.0001 1233.3333
14.0495 1.6 9.8339 1.1977 -14.3928 -0.0002 1250.0
14.0308 1.6 9.829 1.1579 -14.6905 0.0 1266.6667
14.0131 1.6 9.8242 1.1341 -14.9881 -0.0001 1283.3333
13.9961 1.6 9.8195 1.1143 -15.2856 -0.0001 1300.0
13.9793 1.6 9.8147 1.0897 -15.6295 -0.0001 1316.6667
13.9623 1.6 9.8097 1.0527 -16.0925 -0.0003 1333.3333
13.9451 1.6 9.8045 1.0156 -16.5555 -0.0001 1350.0
13.9279 1.6 9.799 0.988 -17.1367 -0.0001 1366.6667
13.9108 1.6 9.7934 0.9671 -17.8033 -0.0002 1383.3333
13.8941 1.6 9.7877 0.95 -18.4341 0.0 1400.0
13.878 1.6 9.782 0.95 -18.9016 0.0 1416.6667
13.8624 1.6 9.7765 0.95 -19.3691 0.0 1433.3333
13.8475 1.6 9.7709 0.95 -19.9571 0.0 1450.0
13.8329 1.6 9.7652 0.95 -20.592 0.0 1466.6667
13.8181 1.6 9.7593 0.95 -21.2472 0.0 1483.3333
13.8031 1.6 9.753 0.95 -21.9836 0.0 1500.0
13.788 1.6 9.7465 0.95 -22.7201 0.0 1516.6667
13.7731 1.6 9.7401 0.95 -23.1802 0.0 1533.3333
13.7584 1.6 9.7336 0.95 -23.4709 0.0 1550.0
13.743 1.6 9.7268 0.95 -23.7608 0.0 1566.6667
13.7266 1.6 9.7195 0.95 -24.0317 0.0 1583.3333
13.71 1.6 9.7119 0.95 -24.3025 0.0 1600.0
13.6939 1.6 9.7045 0.95 -24.5641 0.0 1616.6667
13.6788 1.6 9.6974 0.95 -24.8205 0.0 1633.3333
13.6646 1.6 9.6907 0.9439 -25.0793 0.0 1650.0
13.6512 1.6 9.6843 0.9236 -25.3435 -0.0001 1666.6667
13.6378 1.6 9.6779 0.9033 -25.6077 0.0 1683.3333
13.6239 1.6 9.6711 0.8821 -25.8295 -0.0001 1700.0
13.6101 1.6 9.6643 0.8607 -26.0432 0.0 1716.6667
13.5971 1.6 9.6579 0.8398 -26.2008 0.0 1733.3333
13.5853 1.6 9.652 0.8195 -26.3024 0.0 1750.0
13.5747 1.6 9.6467 0.8 -26.4007 0.0 1766.6667
13.5649 1.6 9.6418 0.8 -26.4181 0.0 1783.3333
13.5547 1.6 9.6367 0.8 -26.4354 0.0 1800.0
13.5428 1.6 9.6308 0.8 -26.45 0.0 1816.6667
13.5287 1.6 9.6238 0.8 -26.45 0.0 1833.3333
13.5143 1.6 9.6166 0.8 -26.45 0.0 1850.0
13.5016 1.6 9.6103 0.8 -26.45 0.0 1866.6667
13.4905 1.6 9.6047 0.8 -26.45 0.0 1883.3333
13.4799 1.6 9.5995 0.8 -26.4567 0.0 1900.0
13.4692 1.6 9.5943 0.8 -26.4751 0.0 1916.6667
13.4578 1.6 9.5886 0.8 -26.4936 0.0 1933.3333
13.4453 1.6 9.5822 0.7588 -26.6649 -0.0002 1950.0
13.432 1.6 9.5754 0.6963 -26.915 -0.0002 1966.6667
13.4188 1.6 9.5686 0.6346 -27.1722 -0.0001 1983.3333
13.4066 1.6 9.5622 0.5751 -27.45 -0.0003 2000.0
13.3959 1.6 9.5565 0.5155 -27.7278 -0.0001 2016.6667
13.3869 1.6 9.5518 0.4768 -27.9164 -0.0001 2033.3333
13.3784 1.6 9.5472 0.4453 -28.0736 -0.0001 2050.0
13.3684 1.6 9.5418 0.4139 -28.2308 -0.0001 2066.6667
13.3548 1.6 9.5344 0.3883 -28.335 0.0 2083.3333
13.339 1.6 9.5259 0.3675 -28.3975 0.0 2100.0
13.3252 1.6 9.5184 0.35 -28.45 0.0 2116.6667
13.3154 1.6 9.513 0.35 -28.45 0.0 2133.3333
13.307 1.6 9.5084 0.35 -28.45 0.0 2150.0
13.2965 1.6 9.5027 0.35 -28.45 0.0 2166.6667
13.2822 1.6 9.495 0.35 -28.45 0.0 2183.3333
13.267 1.6 9.4868 0.35 -28.45 0.0 2200.0
13.2541 1.6 9.4798 0.35 -28.4635 0.0 2216.6667
13.2438 1.6 9.4742 0.35 -28.4829 0.0 2233.3333
13.2344 1.6 9.4691 0.3459 -28.506 0.0 2250.0
13.2246 1.6 9.4637 0.3119 -28.557 0.0 2266.6667
13.2137 1.6 9.4577 0.2779 -28.6081 0.0 2283.3333
13.2012 1.6 9.4509 0.2464 -28.6463 0.0 2300.0
13.1873 1.6 9.4433 0.2266 -28.6265 0.0 2316.6667
13.1737 1.6 9.4359 0.2067 -28.6066 0.0 2333.3333
13.1625 1.6 9.4298 0.1425 -28.4051 0.0004 2350.0
13.1528 1.6 9.4247 0.0557 -28.11 0.0005 2366.6667
13.1425 1.6 9.4194 -0.031 -27.8148 0.0001 2383.3333
13.1295 1.6 9.413 -0.197 -27.1649 0.0017 2400.0
13.1149 1.6 9.4058 -0.3844 -26.4149 0.0015 2416.6667
13.101 1.6 9.3992 -0.5159 -25.7362 0.0002 2433.3333
13.0888 1.6 9.3935 -0.5576 -25.1736 0.0003 2450.0
13.0771 1.6 9.3884 -0.5992 -24.6111 0.0 2466.6667
13.0652 1.6 9.3833 -0.64 -23.7634 0.0005 2483.3333
13.053 1.6 9.3783 -0.6806 -22.9097 0.0003 2500.0
13.0407 1.6 9.3733 -0.7 -22.3309 0.0 2516.6667
13.0287 1.6 9.3685 -0.7 -22.0057 0.0 2533.3333
13.017 1.6 9.3639 -0.7011 -21.6883 0.0 2550.0
13.0058 1.6 9.3596 -0.7188 -21.4932 0.0001 2566.6667
12.9946 1.6 9.3553 -0.7365 -21.2982 0.0001 2583.3333
12.9828 1.6 9.3508 -0.7545 -21.1226 0.0 2600.0
12.9699 1.6 9.3459 -0.7735 -21.009 0.0 2616.6667
12.9564 1.6 9.3407 -0.7924 -20.8954 0.0 2633.3333
12.9426 1.6 9.3355 -0.8 -20.7874 0.0 2650.0
12.929 1.6 9.3303 -0.8 -20.6832 0.0 2666.6667
12.9157 1.6 9.3253 -0.8 -20.5267 0.0 2683.3333
12.9029 1.6 9.3207 -0.8 -20.1609 0.0 2700.0
12.8909 1.6 9.3165 -0.8 -19.795 0.0 2716.6667
12.8796 1.6 9.3125 -0.8 -19.2709 0.0 2733.3333
12.8686 1.6 9.3089 -0.8 -18.6912 0.0 2750.0
12.857 1.6 9.3054 -0.8 -18.1115 0.0 2766.6667
12.8445 1.6 9.302 -0.8 -16.6893 0.0 2783.3333
12.8309 1.6 9.2986 -0.8 -15.2499 0.0 2800.0
12.8167 1.6 9.2951 -0.8 -14.1474 0.0 2816.6667
12.8021 1.6 9.2917 -0.8 -13.6987 0.0 2833.3333
12.7877 1.6 9.2883 -0.8 -13.25 0.0 2850.0
12.7738 1.6 9.2851 -0.8 -13.189 0.0 2866.6667
12.761 1.6 9.2822 -0.8 -13.128 0.0 2883.3333
12.7497 1.6 9.2795 -0.8 -13.0734 0.0 2900.0
12.7395 1.6 9.2772 -0.8 -13.0245 0.0 2916.6667
12.7297 1.6 9.2749 -0.8 -12.9755 0.0 2933.3333
12.7193 1.6 9.2726 -0.7923 -12.9423 0.0 2950.0
12.7078 1.6 9.2699 -0.7763 -12.9263 0.0 2966.6667
12.6944 1.6 9.2669 -0.7603 -12.9103 0.0 2983.3333
12.6786 1.6 9.2632 -0.7425 -12.9 0.0 3000.0
12.6613 1.6 9.2591 -0.7217 -12.9 0.0 3016.6667
12.6451 1.6 9.2555 -0.7008 -12.9 0.0 3033.3333
12.632 1.6 9.253 -0.5643 -13.717 0.0019 3050.0
12.621 1.6 9.2502 -0.4224 -14.5681 0.0018 3066.6667
12.61 1.6 9.2456 -0.3 -15.5972 0.0 3083.3333
12.5973 1.6 9.2388 -0.3 -17.7202 0.0 3100.0
12.5831 1.6 9.2339 -0.3 -19.8433 0.0 3116.6667
12.5674 1.6 9.2352 -0.3 -21.3881 0.0 3133.3333
12.5506 1.6001 9.2423 -0.3 -22.5786 0.0 3150.0
12.5327 1.6002 9.251 -0.296 -23.6988 0.0 3166.6667
12.5141 1.6003 9.2584 -0.2554 -24.1866 0.0003 3183.3333
12.4955 1.6003 9.2647 -0.2147 -24.6744 0.0001 3200.0
12.4775 1.6003 9.2708 -0.1601 -25.1167 0.0003 3216.6667
12.4601 1.6003 9.2769 -0.0976 -25.5333 0.0003 3233.3333
12.4428 1.6003 9.2829 -0.0358 -25.9738 0.0002 3250.0
12.4252 1.6003 9.2887 0.0236 -26.4897 0.0005 3266.6667
12.4072 1.6003 9.2943 0.0832 -27.0056 0.0002 3283.3333
12.3889 1.6003 9.2999 0.1427 -27.5357 0.0004 3300.0
12.3704 1.6002 9.3054 0.2022 -28.0714 0.0004 3316.6667
12.3523 1.6001 9.3106 0.2574 -28.5889 0.0001 3333.3333
12.3346 1.6 9.3156 0.2943 -29.0333 0.0003 3350.0
12.3169 1.5999 9.3203 0.3314 -29.4778 0.0002 3366.6667
12.2989 1.5999 9.3251 0.35 -29.9679 0.0 3383.3333
12.2804 1.5998 9.3297 0.35 -30.5036 0.0 3400.0
12.2619 1.5997 9.3342 0.35 -31.0393 0.0 3416.6667
12.2435 1.5996 9.3384 0.35 -31.8287 0.0 3433.3333
12.2251 1.5995 9.3422 0.35 -32.6233 0.0 3450.0
12.2067 1.5995 9.3456 0.35 -33.3167 0.0 3466.6667
12.1879 1.5994 9.3489 0.35 -33.8583 0.0 3483.3333
12.1682 1.5993 9.3529 0.35 -34.3999 0.0 3500.0
12.1477 1.5992 9.3576 0.3086 -35.1916 -0.0005 3516.6667
12.1291 1.5991 9.3601 0.2668 -35.9832 -0.0003 3533.3333
12.1153 1.5991 9.3574 0.25 -36.6371 0.0 3550.0
12.1058 1.5991 9.3496 0.25 -37.1991 0.0 3566.6667
12.0972 1.5991 9.3399 0.25 -37.7559 0.0 3583.3333
12.0869 1.5991 9.3308 0.25 -38.0535 0.0 3600.0
12.0758 1.5991 9.3225 0.25 -38.3512 0.0 3616.6667
12.0654 1.5991 9.3148 0.2684 -38.6759 0.0002 3633.3333
12.0561 1.5991 9.3073 0.3054 -39.0278 0.0003 3650.0
12.0469 1.5991 9.2994 0.3425 -39.3796 0.0001 3666.6667
12.0368 1.5991 9.2907 0.3808 -39.8996 0.0004 3683.3333
12.0261 1.5991 9.2814 0.4195 -40.4616 0.0004 3700.0
12.0155 1.5991 9.2721 0.4586 -41.044 0.0002 3716.6667
12.0054 1.5991 9.263 0.4981 -41.6988 0.0005 3733.3333
11.9954 1.5991 9.2536 0.538 -42.3536 0.0002 3750.0
11.9849 1.5991 9.2436 0.55 -42.9688 0.0 3766.6667
11.9744 1.5991 9.2336 0.55 -43.5671 0.0 3783.3333
11.9652 1.5991 9.2245 0.5434 -44.2433 -0.0002 3800.0
11.9573 1.5991 9.2165 0.5251 -45.0581 -0.0003 3816.6667
11.9494 1.5991 9.208 0.5064 -45.873 -0.0002 3833.3333
11.9403 1.5991 9.1978 0.4311 -47.0808 -0.0021 3850.0
11.9302 1.5991 9.1861 0.3243 -48.491 -0.0022 3866.6667
11.9207 1.5991 9.1745 0.2047 -49.8967 -0.0018 3883.3333
11.9123 1.5991 9.1637 0.0607 -51.2925 -0.004 3900.0
11.9047 1.5991 9.1533 -0.0879 -52.6883 -0.0005 3916.6667
11.8973 1.5991 9.1428 -0.1918 -53.735 -0.0022 3933.3333
11.89 1.5991 9.1321 -0.2938 -54.7512 -0.0016 3950.0
11.8826 1.5991 9.1211 -0.3689 -55.5396 -0.0003 3966.6667
11.8751 1.5991 9.1098 -0.4104 -56.0604 -0.0005 3983.3333
11.8674 1.5991 9.0982 -0.45 -56.5646 0.0 4000.0
11.8599 1.5991 9.0865 -0.45 -56.8085 0.0 4016.6667
11.8529 1.5991 9.0756 -0.45 -57.0524 0.0 4033.3333
11.847 1.5991 9.0664 -0.45 -57.248 0.0 4050.0
11.8419 1.5991 9.0583 -0.45 -57.4114 0.0 4066.6667
11.8361 1.5991 9.0492 -0.45 -57.5748 0.0 4083.3333
11.8286 1.5991 9.0372 -0.45 -57.7463 0.0 4100.0
11.8196 1.5991 9.0229 -0.45 -57.9249 0.0 4116.6667
11.8109 1.5991 9.0089 -0.45 -58.1044 0.0 4133.3333
11.8039 1.5991 8.9974 -0.45 -58.3317 0.0 4150.0
11.7977 1.5991 8.9871 -0.45 -58.559 0.0 4166.6667
11.7911 1.5991 8.9761 -0.4343 -58.787 0.0001 4183.3333
11.7836 1.5991 8.9637 -0.3927 -59.0162 0.0002 4200.0
11.7761 1.5991 8.951 -0.3508 -59.2453 0.0 4216.6667
11.7693 1.5991 8.9391 -0.3296 -59.3724 0.0001 4233.3333
11.7626 1.5991 8.9278 -0.3088 -59.4974 0.0 4250.0
11.7558 1.5991 8.917 -0.3 -59.6206 0.0 4266.6667
11.7489 1.5991 8.906 -0.3 -59.7426 0.0 4283.3333
11.7431 1.5991 8.894 -0.295 -59.8674 0.0 4300.0
11.738 1.5991 8.881 -0.2535 -60.0132 0.0002 4316.6667
11.7304 1.5991 8.8695 -0.2117 -60.1591 0.0001 4333.3333
11.7168 1.5992 8.8619 -0.2 -60.317 0.0 4350.0
11.6984 1.5992 8.8576 -0.2 -60.4796 0.0 4366.6667
11.6786 1.5993 8.8535 -0.1839 -60.6703 0.0002 4383.3333
11.6598 1.5993 8.8483 -0.1216 -60.9412 0.0004 4400.0
11.6415 1.5993 8.8425 -0.0588 -61.212 0.0001 4416.6667
11.6233 1.5993 8.8369 0.0048 -61.4888 0.0004 4433.3333
11.6051 1.5992 8.8314 0.069 -61.7666 0.0003 4450.0
11.5872 1.5992 8.826 0.1215 -62.0191 0.0002 4466.6667
11.5695 1.5991 8.8204 0.1631 -62.2482 0.0002 4483.3333
11.5517 1.5991 8.8147 0.2071 -62.4785 0.0001 4500.0
11.5337 1.599 8.8089 0.2663 -62.7166 0.0004 4516.6667
11.5159 1.5989 8.8031 0.326 -62.9547 0.0002 4533.3333
11.4988 1.5988 8.7974 0.4437 -63.3475 0.0018 4550.0
11.4821 1.5987 8.7916 0.6019 -63.8436 0.0023 4566.6667
11.4648 1.5985 8.7853 0.7805 -64.3716 0.0013 4583.3333
11.4463 1.5981 8.7782 1.1679 -65.2674 0.0105 4600.0
11.4276 1.5977 8.7707 1.5687 -66.1632 0.0051 4616.6667
11.4097 1.5971 8.7632 1.9117 -67.0166 0.0067 4633.3333
11.3925 1.5966 8.7558 2.2321 -67.8499 0.0069 4650.0
11.3754 1.596 8.7482 2.4985 -68.5557 0.0011 4666.6667
11.3581 1.5953 8.7402 2.6433 -69.0141 0.0023 4683.3333
11.3408 1.5946 8.7323 2.791 -69.4724 0.0002 4700.0
11.3241 1.594 8.7245 2.8195 -69.6761 0.0001 4716.6667
11.3075 1.5933 8.7168 2.8403 -69.8637 0.0001 4733.3333
11.2906 1.5926 8.7089 2.85 -70.0816 0.0 4750.0
11.2736 1.592 8.7007 2.85 -70.3255 0.0 4766.6667
11.2572 1.5914 8.6928 2.85 -70.5673 0.0 4783.3333
11.2419 1.5908 8.6853 2.85 -70.7847 0.0 4800.0
11.2264 1.5901 8.6777 2.85 -71.0021 0.0 4816.6667
11.2094 1.5895 8.6693 2.85 -71.1954 0.0 4833.3333
11.1907 1.5887 8.6599 2.85 -71.3377 0.0 4850.0
11.1718 1.588 8.6505 2.85 -71.48 0.0 4866.6667
11.1545 1.5873 8.6416 2.85 -71.7149 0.0 4883.3333
11.1381 1.5867 8.6332 2.85 -71.965 0.0 4900.0
11.1215 1.586 8.6246 2.84 -72.211 -0.0001 4916.6667
11.1045 1.5853 8.6157 2.8182 -72.4522 -0.0002 4933.3333
11.0876 1.5847 8.6068 2.7929 -72.7195 -0.0002 4950.0
11.0714 1.584 8.5981 2.7527 -73.1057 -0.0007 4966.6667
11.0556 1.5835 8.5894 2.7117 -73.4919 -0.0003 4983.3333
11.04 1.5829 8.5804 2.522 -74.4488 -0.0127 5000.0
11.0244 1.5825 8.5709 2.259 -75.6276 -0.0139 5016.6667
11.0085 1.5821 8.5605 1.9705 -77.0126 -0.016 5033.3333
10.9925 1.5818 8.5489 1.6379 -78.9841 -0.0498 5050.0
10.9768 1.5815 8.537 1.241 -80.9557 -0.0181 5066.6667
10.9622 1.5813 8.5253 1.0141 -82.537 -0.0269 5083.3333
10.9483 1.5812 8.5136 0.814 -84.0207 -0.03 5100.0
10.9343 1.5811 8.5012 0.6344 -85.4772 -0.0067 5116.6667
10.92 1.581 8.4878 0.5805 -86.8808 -0.0187 5133.3333
10.9058 1.5809 8.4742 0.5 -88.2453 0.0 5150.0
10.892 1.5808 8.4607 0.5 -88.9982 0.0 5166.6667
10.879 1.5807 8.4475 0.4999 -89.7511 0.0 5183.3333
10.8667 1.5805 8.4346 -179.5 -89.8484 179.9999 5200.0
10.8542 1.5804 8.4216 -179.5 -89.683 180.0 5216.6667
10.8398 1.5803 8.408 -179.4875 -89.5078 179.996 5233.3333
10.824 1.5801 8.3938 -179.4399 -89.2939 179.9911 5250.0
10.812 1.58 8.3797 -179.4045 -89.08 179.9985 5266.6667
10.8084 1.58 8.3665 -179.3142 -88.7814 179.9859 5283.3333
10.8105 1.58 8.3538 -179.2365 -88.469 179.9915 5300.0
10.8128 1.58 8.3409 -179.1784 -88.2118 179.998 5316.6667
10.8132 1.58 8.3274 -179.1349 -88.0194 179.9973 5333.3333
10.8131 1.58 8.3139 -179.0916 -87.8159 179.9989 5350.0
10.8136 1.58 8.3006 -179.0264 -87.5314 179.9947 5366.6667
10.8145 1.58 8.2874 -178.9685 -87.2468 179.9977 5383.3333
10.8154 1.58 8.2741 -178.904 -86.9385 179.9963 5400.0
10.8162 1.58 8.2605 -178.8402 -86.618 179.9966 5416.6667
10.8171 1.58 8.2468 -178.786 -86.3401 179.9993 5433.3333
10.818 1.58 8.2332 -178.7436 -86.1525 179.9986 5450.0
10.8189 1.58 8.2201 -178.7032 -85.965 179.9998 5466.6667
10.8199 1.58 8.2077 -178.6811 -85.7675 179.9993 5483.3333
10.8209 1.58 8.1953 -178.6614 -85.569 179.9995 5500.0
10.8221 1.58 8.182 -178.6318 -85.3218 179.9989 5516.6667
10.8234 1.58 8.1678 -178.5884 -85.0013 179.9982 5533.3333
10.8247 1.58 8.154 -178.5476 -84.6823 179.9998 5550.0
10.8259 1.58 8.1416 -178.509 -84.386 179.9983 5566.6667
10.8272 1.58 8.1296 -178.4725 -84.0897 179.9988 5583.3333
10.8287 1.58 8.1165 -178.45 -83.7692 180.0 5600.0
10.8304 1.58 8.1021 -178.45 -83.406 180.0 5616.6667
10.8322 1.58 8.0875 -178.45 -83.0371 -180.0 5633.3333
10.8342 1.58 8.0739 -178.45 -82.3913 -180.0 5650.0
10.8362 1.58 8.061 -178.45 -81.7455 -180.0 5666.6667
10.8383 1.58 8.0484 -178.4636 -81.1642 -179.9993 5683.3333
10.8404 1.58 8.0357 -178.4845 -80.6225 -179.9992 5700.0
10.8427 1.58 8.0229 -178.5049 -80.0763 -179.9997 5716.6667
10.8452 1.58 8.0098 -178.5262 -79.5137 -179.9992 5733.3333
10.8479 1.58 7.9967 -178.5465 -78.9512 -179.9998 5750.0
10.8507 1.58 7.9834 -178.5862 -78.4295 -179.9988 5766.6667
10.8536 1.58 7.9701 -178.6286 -77.9167 -179.9991 5783.3333
10.8567 1.58 7.9568 -178.6922 -77.4551 -179.9988 5800.0
10.8598 1.58 7.9434 -178.7782 -77.0491 -179.9983 5816.6667
10.8631 1.58 7.9303 -178.8615 -76.6389 -179.9996 5833.3333
10.8663 1.58 7.9174 -178.9424 -76.2024 -179.998 5850.0
10.8696 1.58 7.9046 -179.0208 -75.7659 -179.999 5866.6667
10.873 1.58 7.8919 -179.0768 -75.4675 -179.9997 5883.3333
10.8764 1.58 7.879 -179.1196 -75.2538 -179.9996 5900.0
10.8799 1.58 7.8659 -179.1564 -75.0622 -179.9999 5916.6667
10.8834 1.58 7.8529 -179.1789 -74.927 -179.9999 5933.3333
10.8869 1.58 7.8404 -179.2024 -74.786 -180.0 5950.0
10.8902 1.58 7.8285 -179.2415 -74.5535 -179.9995 5966.6667
10.8936 1.58 7.8165 -179.2801 -74.3209 -179.9997 5983.3333
10.8974 1.58 7.8036 -179.3668 -73.9297 -179.998 6000.0
10.9016 1.58 7.7898 -179.5024 -73.3667 -179.9975 6016.6667
10.906 1.58 7.7761 -179.6412 -72.8075 -179.9987 6033.3333
10.9103 1.58 7.7631 -179.7964 -72.2593 -179.9969 6050.0
10.9143 1.58 7.7506 -179.947 -71.7111 -179.9999 6066.6667
10.9179 1.58 7.7384 179.8841 -71.2714 -179.9972 6083.3333
10.9222 1.58 7.7264 179.7185 -70.8338 -179.9984 6100.0
10.9284 1.58 7.7145 179.6369 -70.637 -180.0 6116.6667
10.934 1.58 7.702 179.6144 -70.6145 -180.0 6133.3333
10.9335 1.58 7.6873 179.5921 -70.5922 -180.0 6150.0
10.9257 1.5801 7.6704 179.5702 -70.5702 -180.0 6166.6667
10.9154 1.5802 7.6528 179.5435 -70.55 180.0 6183.3333
10.9068 1.5804 7.6359 179.4622 -70.55 -180.0 6200.0
10.8992 1.5805 7.6191 179.3809 -70.5501 180.0 6216.6667
10.8913 1.5807 7.602 179.1876 -70.6181 179.9992 6233.3333
10.8828 1.581 7.5845 178.9245 -70.7277 179.9992 6250.0
10.8744 1.5813 7.5673 178.6924 -70.8582 179.9995 6266.6667
10.8662 1.5817 7.5507 178.5219 -71.0292 179.9989 6283.3333
10.858 1.5821 7.534 178.35 -71.2001 180.0 6300.0
10.8495 1.5825 7.517 178.2492 -71.4034 179.9992 6316.6667
10.8409 1.583 7.5 178.1472 -71.6066 179.9995 6333.3333
10.8325 1.5834 7.4834 178.0773 -71.8847 179.9996 6350.0
10.8241 1.5839 7.4672 178.0347 -72.2265 179.9995 6366.6667
10.8153 1.5844 7.4508 177.988 -72.6333 179.9995 6383.3333
10.806 1.5849 7.4338 177.9267 -73.3 179.9982 6400.0
10.7965 1.5854 7.417 177.8631 -73.9667 179.9994 6416.6667
10.787 1.5859 7.4008 177.85 -75.0825 -180.0 6433.3333
10.7771 1.5864 7.385 177.85 -76.3105 -180.0 6450.0
10.7663 1.5869 7.369 177.85 -77.6495 180.0 6466.6667
10.755 1.5874 7.3529 177.85 -79.091 -180.0 6483.3333
10.7442 1.5879 7.3376 177.8737 -80.25 -179.9986 6500.0
10.7342 1.5883 7.3233 177.9551 -80.75 -179.9968 6516.6667
10.7231 1.5888 7.3088 178.0411 -81.25 -179.9995 6533.3333
10.7096 1.5892 7.2934 178.123 -81.8192 -179.9961 6550.0
10.6977 1.5897 7.2781 178.2097 -82.3962 -179.9973 6566.6667
10.6927 1.5899 7.2643 178.2832 -82.7638 -179.9991 6583.3333
10.6946 1.5899 7.2519 178.3439 -82.9671 -179.9988 6600.0
10.6984 1.5898 7.2394 178.4021 -83.165 -179.9999 6616.6667
10.7006 1.5898 7.2257 178.4232 -83.3145 -179.9997 6633.3333
10.7016 1.5898 7.2116 178.4447 -83.4641 -179.9999 6650.0
10.7027 1.5898 7.198 178.4808 -83.6583 -179.9991 6666.6667
10.7042 1.5898 7.185 178.5225 -83.8667 -179.9992 6683.3333
10.7056 1.5898 7.1722 178.571 -84.0878 -179.999 6700.0
10.7068 1.5898 7.1594 178.631 -84.3318 -179.998 6716.6667
10.708 1.5898 7.1463 178.6936 -84.5757 -179.9997 6733.3333
10.7092 1.5898 7.1327 178.7544 -84.8063 -179.9981 6750.0
10.7104 1.5898 7.1189 178.8174 -85.0355 -179.9986 6766.6667
10.7114 1.5898 7.1052 178.8872 -85.4105 -179.9955 6783.3333
10.7123 1.5898 7.0918 178.9678 -85.9314 -179.9928 6800.0
10.713 1.5898 7.0786 179.0599 -86.4967 -179.9947 6816.6667
10.7134 1.5898 7.0656 179.1678 -87.4625 -179.9511 6833.3333
10.7136 1.5898 7.0525 179.3154 -88.4283 -179.9472 6850.0
10.7135 1.5898 7.0391 179.3904 -89.4511 -179.8716 6866.6667
10.7132 1.5898 7.0254 -0.1381 -89.459 -0.1936 6883.3333
10.7126 1.5898 7.0117 -0.1836 -88.4371 -0.0048 6900.0
10.712 1.5898 6.9982 -0.0716 -87.9139 -0.0199 6916.6667
10.7113 1.5898 6.985 0.0149 -87.3906 -0.0095 6933.3333
10.7107 1.5898 6.9721 0.05 -87.1389 0.0 6950.0
10.7101 1.5898 6.9595 0.05 -87.1187 0.0 6966.6667
10.7094 1.5898 6.9468 0.05 -87.0984 0.0 6983.3333
10.7088 1.5898 6.9338 0.05 -87.0785 0.0 7000.0
10.708 1.5898 6.9204 0.05 -87.0586 0.0 7016.6667
10.7073 1.5898 6.9064 0.1008 -86.9303 -0.003 7033.3333
10.7064 1.5898 6.8922 0.1867 -86.7166 -0.0034 7050.0
10.7055 1.5898 6.8783 0.2815 -86.4103 -0.0053 7066.6667
10.7044 1.5898 6.8653 0.4094 -85.7754 -0.0142 7083.3333
10.7033 1.5898 6.8529 0.5195 -85.1405 -0.0052 7100.0
10.702 1.5898 6.8407 0.55 -84.3259 0.0 7116.6667
10.7004 1.5898 6.8283 0.55 -83.4344 0.0 7133.3333
10.6984 1.5898 6.8152 0.5358 -82.5206 0.0021 7150.0
10.6961 1.5898 6.8012 0.4267 -81.4434 0.0096 7166.6667
10.6935 1.5898 6.787 0.3305 -80.3662 0.0041 7183.3333
10.6908 1.5898 6.7731 0.2852 -79.5909 0.0007 7200.0
10.6882 1.5898 6.7598 0.2639 -78.9713 0.0007 7216.6667
10.6854 1.5898 6.747 0.2433 -78.3404 0.0004 7233.3333
10.6826 1.5898 6.7345 0.223 -77.6856 0.0008 7250.0
10.6796 1.5898 6.7221 0.2037 -77.0309 0.0002 7266.6667
10.6765 1.5898 6.7094 0.2 -76.5259 0.0 7283.3333
10.6732 1.5898 6.6963 0.2 -76.0584 0.0 7300.0
10.6697 1.5898 6.6831 0.2 -75.6046 0.0 7316.6667
10.6661 1.5898 6.6699 0.2 -75.1773 0.0 7333.3333
10.6624 1.5898 6.6567 0.2 -74.7499 0.0 7350.0
10.6585 1.5898 6.6434 0.2639 -74.2499 -0.0014 7366.6667
10.6547 1.5898 6.6305 0.3257 -73.7499 -0.0008 7383.3333
10.651 1.5898 6.6182 0.3872 -73.3548 -0.0007 7400.0
10.6473 1.5898 6.6064 0.4483 -73.0296 -0.0008 7416.6667
10.6434 1.5898 6.594 0.5089 -72.7003 -0.0002 7433.3333
10.6391 1.5898 6.5808 0.5721 -72.3462 -0.0009 7450.0
10.6347 1.5898 6.5674 0.6341 -71.992 -0.0003 7466.6667
10.6305 1.5898 6.5547 0.6958 -71.6592 -0.0007 7483.3333
10.6264 1.5898 6.5427 0.7567 -71.334 -0.0007 7500.0
10.6222 1.5898 6.5306 0.8173 -71.0259 -0.0003 7516.6667
10.6178 1.5898 6.5181 0.8787 -70.7617 -0.0006 7533.3333
10.6132 1.5898 6.5053 0.9392 -70.4975 -0.0002 7550.0
10.6084 1.5898 6.4921 1.0032 -70.1696 -0.0007 7566.6667
10.6035 1.5898 6.4792 1.0672 -69.8277 -0.0005 7583.3333
10.5989 1.5898 6.467 1.1492 -69.3166 -0.0017 7600.0
10.5943 1.5898 6.4555 1.2492 -68.6221 -0.0025 7616.6667
10.5894 1.5898 6.4438 1.3462 -67.9277 -0.0002 7633.3333
10.5839 1.5898 6.4313 1.4732 -67.0399 -0.0035 7650.0
10.578 1.5898 6.4184 1.5969 -66.1441 -0.0021 7666.6667
10.5721 1.5898 6.4058 1.6866 -65.4268 -0.0008 7683.3333
10.5663 1.5898 6.3935 1.7508 -64.8499 -0.0009 7700.0
10.5605 1.5898 6.3817 1.8141 -64.2578 -0.0004 7716.6667
10.5546 1.5898 6.3702 1.8773 -63.612 -0.0011 7733.3333
10.5485 1.5898 6.3585 1.939 -62.9661 -0.0003 7750.0
10.5421 1.5898 6.3466 2.0029 -62.6572 -0.0004 7766.6667
10.5358 1.5898 6.3345 2.0669 -62.4221 -0.0003 7783.3333
10.5301 1.5898 6.3227 2.1 -62.2523 0.0 7800.0
10.5246 1.5898 6.3114 2.1 -62.1531 0.0 7816.6667
10.518 1.5898 6.3004 2.1 -62.0539 0.0 7833.3333
10.5097 1.5897 6.2895 2.1 -62.0499 0.0 7850.0
10.5032 1.5897 6.2772 2.1 -62.0499 0.0 7866.6667
10.5031 1.59 6.2616 2.1117 -62.0382 0.0 7883.3333
10.5091 1.5905 6.2432 2.1325 -62.0174 0.0 7900.0
10.5166 1.5911 6.2242 2.1533 -61.9999 0.0 7916.6667
10.5225 1.5916 6.2061 2.1736 -61.9999 0.0 7933.3333
10.5273 1.5921 6.1889 2.1939 -61.9999 0.0 7950.0
10.5321 1.5926 6.1724 2.263 -62.1394 0.0005 7966.6667
10.5372 1.5931 6.1563 2.3534 -62.3387 0.0006 7983.3333
10.5425 1.5937 6.1401 2.4445 -62.5379 0.0001 8000.0
10.548 1.5943 6.1235 2.5531 -62.9503 0.0015 8016.6667
10.5539 1.5949 6.106 2.6643 -63.3762 0.0014 8033.3333
10.5604 1.5956 6.0871 2.7644 -63.8023 0.0003 8050.0
10.5676 1.5963 6.0669 2.8249 -64.2292 0.0008 8066.6667
10.5749 1.597 6.0467 2.8863 -64.656 0.0003 8083.3333
10.5819 1.5978 6.0278 2.9483 -65.0099 0.0005 8100.0
10.5884 1.5985 6.0103 3.0108 -65.3432 0.0005 8116.6667
10.5948 1.5992 5.9936 3.0577 -65.6194 0.0001 8133.3333
10.6012 1.5999 5.9769 3.0779 -65.8023 0.0001 8150.0
10.6078 1.6006 5.9595 3.0984 -65.9853 0.0 8166.6667
10.615 1.6014 5.9412 3.1196 -66.1178 0.0001 8183.3333
10.6223 1.6022 5.9225 3.141 -66.2461 0.0 8200.0
10.6293 1.6029 5.9045 3.15 -66.3743 0.0 8216.6667
10.6361 1.6036 5.8874 3.15 -66.5025 0.0 8233.3333
10.6428 1.6043 5.8704 3.15 -66.6523 0.0 8250.0
10.6498 1.605 5.8532 3.15 -66.8705 0.0 8266.6667
10.6569 1.6058 5.8358 3.15 -67.0888 0.0 8283.3333
10.6641 1.6065 5.8183 3.1358 -67.2928 -0.0001 8300.0
10.6714 1.6072 5.8008 3.116 -67.4912 -0.0001 8316.6667
10.6788 1.6079 5.7833 3.0959 -67.6707 0.0 8333.3333
10.6861 1.6086 5.766 3.0751 -67.7749 -0.0001 8350.0
10.6934 1.6094 5.7485 3.0542 -67.8791 0.0 8366.6667
10.7008 1.6101 5.7309 3.05 -67.8999 0.0 8383.3333
10.7083 1.6108 5.7131 3.05 -67.8999 0.0 8400.0
10.7157 1.6115 5.6956 3.05 -67.8999 0.0 8416.6667
10.723 1.6123 5.6783 3.05 -67.8999 0.0 8433.3333
10.7303 1.613 5.661 3.05 -67.8999 0.0 8450.0
10.7376 1.6137 5.6437 3.05 -67.8999 0.0 8466.6667
10.7449 1.6143 5.6262 3.05 -67.8999 0.0 8483.3333
10.7524 1.615 5.6085 3.0295 -67.9102 0.0 8500.0
10.7599 1.6158 5.5909 2.9868 -67.9315 0.0 8516.6667
10.7671 1.6165 5.5739 2.95 -67.9499 0.0 8533.3333
10.774 1.6171 5.5576 2.95 -67.9499 0.0 8550.0
10.7808 1.6177 5.5415 2.95 -67.9499 0.0 8566.6667
10.7878 1.6184 5.5249 2.9389 -67.9721 0.0 8583.3333
10.7951 1.6191 5.5075 2.9191 -68.0118 0.0 8600.0
10.8027 1.6197 5.4897 2.8921 -68.0686 -0.0002 8616.6667
10.8106 1.6203 5.4717 2.6917 -68.5361 -0.0033 8633.3333
10.8187 1.6209 5.454 2.4872 -69.0036 -0.002 8650.0
10.8266 1.6214 5.4372 2.2348 -69.7408 -0.0079 8666.6667
10.8346 1.6218 5.421 1.94 -70.6733 -0.0109 8683.3333
10.8433 1.6221 5.4044 1.6384 -71.6174 -0.0009 8700.0
10.8529 1.6224 5.3868 1.4385 -72.7424 -0.0098 8716.6667
10.8628 1.6227 5.3694 1.2258 -73.8674 -0.0052 8733.3333
10.872 1.6229 5.3534 1.1236 -74.4377 -0.0004 8750.0
10.8807 1.6231 5.3382 1.083 -74.7223 -0.0005 8766.6667
10.8899 1.6233 5.3223 1.05 -74.9499 0.0 8783.3333
10.8999 1.6236 5.3049 1.05 -74.9499 0.0 8800.0
10.9097 1.6239 5.2878 1.05 -74.9499 0.0 8816.6667
10.9186 1.6241 5.2725 1.05 -74.9499 0.0 8833.3333
10.9269 1.6243 5.258 1.05 -74.9499 0.0 8850.0
10.9362 1.6246 5.242 1.05 -74.9499 0.0 8866.6667
10.9467 1.6248 5.2238 1.05 -74.9499 0.0 8883.3333
10.9571 1.6251 5.2056 1.05 -74.9499 0.0 8900.0
10.9664 1.6253 5.1895 1.05 -74.9499 0.0 8916.6667
10.975 1.6256 5.1746 1.05 -74.9499 0.0 8933.3333
10.9841 1.6258 5.1587 1.05 -74.9499 0.0 8950.0
10.9939 1.6261 5.1418 1.05 -74.9499 0.0 8966.6667
11.0031 1.6263 5.1259 1.05 -74.9499 0.0 8983.3333
11.0108 1.6265 5.1125 1.05 -74.9499 0.0 9000.0
11.0182 1.6267 5.0995 1.05 -74.9499 0.0 9016.6667
11.027 1.6269 5.0843 1.05 -74.9499 0.0 9033.3333
11.0379 1.6272 5.0655 1.05 -74.9499 0.0 9050.0
11.0496 1.6275 5.0452 1.05 -74.9499 0.0 9066.6667
11.0603 1.6278 5.0266 1.05 -74.9499 0.0 9083.3333
11.0698 1.628 5.0101 1.05 -74.9499 0.0 9100.0
11.0788 1.6283 4.9945 1.05 -74.9546 0.0 9116.6667
11.0879 1.6285 4.9786 1.05 -75.0708 0.0 9133.3333
11.0973 1.6288 4.9626 1.05 -75.1871 0.0 9150.0
11.1067 1.629 4.9466 1.0407 -75.2966 -0.0001 9166.6667
11.1161 1.6293 4.9306 1.0204 -75.3983 -0.0001 9183.3333
11.1258 1.6295 4.9142 1.0 -75.4999 0.0 9200.0
11.1358 1.6297 4.8973 1.0 -75.4999 0.0 9216.6667
11.1457 1.6299 4.8804 1.0 -75.4999 0.0 9233.3333
11.1552 1.6301 4.8643 1.0 -75.4999 0.0 9250.0
11.1641 1.6304 4.8494 1.0 -75.4999 0.0 9266.6667
11.1721 1.6306 4.8357 1.0 -75.4999 0.0 9283.3333
11.1794 1.6308 4.8232 0.9861 -75.5701 -0.0001 9300.0
11.1869 1.6309 4.8105 0.9714 -75.6432 -0.0001 9316.6667
11.1955 1.6311 4.796 0.9568 -75.7163 -0.0001 9333.3333
11.2063 1.6313 4.7782 0.911 -75.9299 -0.001 9350.0
11.2188 1.6315 4.7579 0.8376 -76.2632 -0.0016 9366.6667
11.2314 1.6318 4.7377 0.7623 -76.5966 -0.0004 9383.3333
11.2426 1.6319 4.7202 0.6413 -77.2197 -0.0053 9400.0
11.2529 1.6321 4.7045 0.5056 -77.898 -0.0052 9416.6667
11.2637 1.6321 4.6887 0.3675 -78.6166 -0.0025 9433.3333
11.2755 1.6321 4.672 0.2362 -79.4499 -0.0065 9450.0
11.2872 1.6321 4.6557 0.0978 -80.2642 -0.0001 9466.6667
11.2979 1.632 4.6408 0.0399 -80.6213 -0.0018 9483.3333
11.3084 1.6321 4.6266 -0.0202 -80.9785 -0.0012 9500.0
11.3193 1.6322 4.6117 -0.0499 -81.1613 0.0 9516.6667
11.3308 1.6323 4.596 -0.0499 -81.1833 0.0 9533.3333
11.3423 1.632 4.5803 -0.0499 -81.2 0.0 9550.0
11.3535 1.6313 4.565 -0.0499 -81.1999 0.0 9566.6667
11.3644 1.6317 4.55 -0.0499 -81.1999 0.0 9583.3333
11.3754 1.6339 4.535 -0.0499 -81.1999 0.0 9600.0
11.3865 1.6344 4.5199 -0.0499 -81.2 0.0 9616.6667
11.3976 1.6281 4.5047 -0.0499 -81.2 0.0 9633.3333
11.4087 1.6147 4.4894 -0.0499 -81.1999 0.0 9650.0
11.42 1.5989 4.474 -0.0499 -81.1999 0.0 9666.6667
11.4313 1.5848 4.4586 -0.0499 -81.1999 0.0 9683.3333
11.442 1.5726 4.444 -0.0499 -81.2 0.0 9700.0
11.4516 1.5621 4.4309 -0.0499 -81.2 0.0 9716.6667
11.4606 1.5517 4.4186 -0.0499 -81.1999 0.0 9733.3333
11.4704 1.539 4.4052 -0.0499 -81.1999 0.0 9750.0
11.4819 1.5227 4.3894 -0.0499 -81.1999 0.0 9766.6667
11.4945 1.5071 4.3723 -0.0499 -81.2 0.0 9783.3333
11.5068 1.4976 4.3553 -0.0499 -81.2 0.0 9800.0
11.5184 1.4964 4.3395 -0.0499 -81.1999 0.0 9816.6667
11.5297 1.4988 4.324 -0.0499 -81.1999 0.0 9833.3333
11.5413 1.5003 4.3084 -0.0919 -81.5072 -0.0019 9850.0
11.5533 1.4999 4.2927 -0.1527 -81.9341 -0.0021 9866.6667
11.5652 1.4993 4.2774 -0.2099 -82.3908 -0.0008 9883.3333
11.5769 1.4991 4.2626 -0.2501 -82.9324 -0.0023 9900.0
11.5887 1.4992 4.248 -0.2935 -83.4741 -0.0005 9916.6667
11.6009 1.4992 4.2332 -0.3342 -84.0093 -0.0024 9933.3333
11.6134 1.4991 4.2182 -0.3775 -84.5436 -0.0019 9950.0
11.6262 1.4989 4.203 -0.4107 -84.8778 -0.0003 9966.6667
11.6386 1.4988 4.1882 -0.432 -85.0273 -0.0004 9983.3333
11.6495 1.4987 4.1753 -0.4499 -85.1499 0.0 10000.0
11.6587 1.4986 4.1643 -0.4499 -85.1499 0.0 10016.6667
11.6682 1.4986 4.1531 -0.4499 -85.1499 0.0 10033.3333
11.6801 1.4985 4.139 -0.4499 -85.1499 0.0 10050.0
11.6951 1.4984 4.1212 -0.4499 -85.1499 0.0 10066.6667
11.7105 1.4982 4.1029 -0.4499 -85.1499 0.0 10083.3333
11.7239 1.4981 4.0871 -0.4499 -85.2037 0.0 10100.0
11.7356 1.498 4.0734 -0.4499 -85.2678 0.0 10116.6667
11.7472 1.4979 4.0599 -0.4029 -85.5291 0.0051 10133.3333
11.7593 1.4978 4.046 -0.3017 -85.9874 0.008 10150.0
11.7719 1.4978 4.032 -0.1946 -86.4406 0.0008 10166.6667
11.7845 1.4978 4.0183 -0.1387 -86.8471 0.0059 10183.3333
11.7969 1.4978 4.0047 -0.0753 -87.2536 0.0034 10200.0
11.8089 1.4978 3.991 -0.0499 -87.4133 0.0 10216.6667
11.8212 1.4978 3.9773 -0.0499 -87.4341 0.0 10233.3333
11.8352 1.4978 3.9633 -0.0499 -87.45 0.0 10250.0
11.8501 1.4977 3.9493 -0.0499 -87.4501 0.0 10266.6667
11.8615 1.4977 3.9353 -0.0499 -87.4501 0.0 10283.3333
11.8653 1.4977 3.9213 -0.0499 -87.4501 0.0 10300.0
11.8635 1.4977 3.9075 -0.0499 -87.45 0.0 10316.6667
11.8609 1.4977 3.8942 -0.0576 -87.4274 0.0002 10333.3333
11.8602 1.4977 3.8812 -0.0776 -87.3679 0.0004 10350.0
11.8601 1.4977 3.8682 -0.0972 -87.3084 0.0001 10366.6667
11.8597 1.4977 3.8547 -0.0999 -87.2449 0.0 10383.3333
11.8589 1.4977 3.841 -0.0999 -87.1808 0.0 10400.0
11.8581 1.4977 3.8273 -0.1121 -87.0246 0.0008 10416.6667
11.8573 1.4977 3.814 -0.1342 -86.7833 0.001 10433.3333
11.8565 1.4977 3.801 -0.1499 -86.5952 0.0 10450.0
11.8558 1.4977 3.7883 -0.1499 -86.5754 0.0 10466.6667
11.855 1.4977 3.7755 -0.1499 -86.5556 0.0 10483.3333
11.8542 1.4977 3.7621 -0.1499 -86.55 0.0 10500.0
11.8534 1.4977 3.7484 -0.1499 -86.55 0.0 10516.6667
11.8525 1.4977 3.7348 -0.1499 -86.55 0.0 10533.3333
11.8517 1.4977 3.7216 -0.1499 -86.55 0.0 10550.0
11.851 1.4977 3.7085 -0.1499 -86.55 0.0 10566.6667
11.8502 1.4977 3.6953 -0.1662 -86.55 0.0 10583.3333
11.8494 1.4977 3.6822 -0.1865 -86.55 0.0 10600.0
11.8486 1.4977 3.6696 -0.1999 -86.5567 0.0 10616.6667
11.8479 1.4977 3.6575 -0.1999 -86.5766 0.0 10633.3333
11.8471 1.4977 3.6447 -0.1999 -86.5964 0.0 10650.0
11.8463 1.4977 3.6302 -0.2169 -86.7051 -0.0005 10666.6667
11.8455 1.4977 3.6151 -0.2384 -86.8333 -0.0004 10683.3333
11.8448 1.4977 3.6009 -0.2499 -86.9279 0.0 10700.0
11.8441 1.4977 3.5884 -0.2499 -86.9861 0.0 10716.6667
11.8436 1.4977 3.5769 -0.2499 -87.0443 0.0 10733.3333
11.843 1.4977 3.5659 -0.2499 -87.0501 0.0 10750.0
11.8423 1.4977 3.5543 -0.2499 -87.0501 0.0 10766.6667
11.8416 1.4977 3.541 -0.2499 -87.0501 0.0 10783.3333
11.8409 1.4977 3.5256 -0.2499 -87.0501 0.0 10800.0
11.8401 1.4977 3.5097 -0.2499 -87.05 0.0 10816.6667
11.8394 1.4977 3.4954 -0.2378 -87.0869 0.0002 10833.3333
11.8387 1.4977 3.4829 -0.2181 -87.1465 0.0003 10850.0
11.8381 1.4977 3.4704 -0.2039 -87.2062 -0.0001 10866.6667
11.8375 1.4977 3.4569 -0.2439 -87.2671 -0.0007 10883.3333
11.8369 1.4977 3.4422 -0.2849 -87.3281 -0.0004 10900.0
11.8361 1.4977 3.4262 -0.2999 -87.35 0.0 10916.6667
11.8355 1.4977 3.4122 -0.2999 -87.35 0.0 10933.3333
11.8351 1.4977 3.4048 -0.2999 -87.35 0.0 10950.0
11.8351 1.4977 3.4046 -0.2999 -87.35 0.0 10966.6667
11.8352 1.4977 3.4068 -0.3038 -87.3467 0.0003 10983.3333
11.8352 1.4977 3.4075 -0.4942 -87.1842 0.0078 11000.0
11.8352 1.4977 3.407 -0.6738 -87.0216 0.0044 11016.6667
11.8352 1.4977 3.4067 -0.7873 -86.8663 0.0015 11033.3333
11.8352 1.4977 3.4067 -0.8517 -86.7168 0.0018 11050.0
11.8352 1.4977 3.4068 -0.9147 -86.5451 0.0011 11066.6667
11.8352 1.4977 3.4066 -0.9792 -86.2951 0.003 11083.3333
11.8352 1.4977 3.4067 -1.0394 -86.0451 0.0008 11100.0
11.8353 1.4977 3.4074 -1.1264 -85.6944 0.0046 11116.6667
11.8353 1.4977 3.4075 -1.2125 -85.3215 0.0029 11133.3333
11.835 1.4977 3.4052 -1.2797 -85.0094 0.0017 11150.0
11.8347 1.4977 3.4023 -1.3328 -84.749 0.0027 11166.6667
11.8349 1.4977 3.4042 -1.3833 -84.4886 0.0011 11183.3333
11.8361 1.4977 3.4154 -1.4447 -84.2554 0.0013 11200.0
11.838 1.4977 3.4332 -1.5104 -84.0361 0.0012 11216.6667
11.8399 1.4977 3.4502 -1.5745 -83.8209 0.0008 11233.3333
11.8413 1.4977 3.4631 -1.6376 -83.6125 0.0014 11250.0
11.8428 1.4977 3.4749 -1.6987 -83.4042 0.0 11266.6667
11.8444 1.4977 3.4879 -1.7418 -83.155 0.0011 11283.3333
11.8461 1.4977 3.5017 -1.783 -82.905 0.0006 11300.0
11.8478 1.4977 3.515 -1.8119 -82.7057 0.0002 11316.6667
11.8494 1.4977 3.5276 -1.8323 -82.5431 0.0003 11333.3333
11.8512 1.4977 3.5404 -1.8526 -82.3475 0.0002 11350.0
11.8533 1.4977 3.554 -1.874 -81.91 0.0008 11366.6667
11.8554 1.4977 3.5679 -1.8944 -81.4726 0.0003 11383.3333
11.8574 1.4977 3.5814 -1.9157 -81.1193 0.0005 11400.0
11.8596 1.4977 3.5944 -1.937 -80.7988 0.0004 11416.6667
11.8622 1.4977 3.6071 -1.958 -80.5368 0.0001 11433.3333
11.8649 1.4977 3.6199 -1.9789 -80.3701 0.0003 11450.0
11.8665 1.4977 3.6331 -1.9995 -80.2034 0.0 11466.6667
11.8666 1.4978 3.6469 -2.0201 -80.0208 0.0003 11483.3333
11.869 1.4978 3.6603 -2.0403 -79.8379 0.0002 11500.0
11.8786 1.4975 3.6725 -2.0613 -79.6168 0.0003 11516.6667
11.8946 1.497 3.6832 -2.0827 -79.3604 0.0003 11533.3333
11.9114 1.4965 3.6926 -2.0999 -79.0735 0.0 11550.0
11.9255 1.4961 3.7015 -2.0999 -78.648 0.0 11566.6667
11.9387 1.4957 3.7104 -2.0999 -78.2224 0.0 11583.3333
11.9536 1.4952 3.7201 -2.0999 -77.6574 0.0 11600.0
11.9713 1.4947 3.7308 -2.0999 -76.8444 0.0 11616.6667
11.9899 1.4942 3.7417 -2.0999 -76.0314 0.0 11633.3333
12.008 1.4936 3.7521 -2.0999 -75.5751 0.0 11650.0
12.0245 1.4931 3.7616 -2.0999 -75.1584 0.0 11666.6667
12.0387 1.4927 3.7698 -2.0999 -74.7871 0.0 11683.3333
12.0518 1.4923 3.7773 -2.0999 -74.461 0.0 11700.0
12.0663 1.4918 3.7852 -2.0999 -74.1349 0.0 11716.6667
12.0845 1.4913 3.7947 -2.0321 -73.3198 -0.003 11733.3333
12.1051 1.4908 3.805 -1.945 -72.333 -0.0023 11750.0
12.1243 1.4903 3.8144 -1.8602 -71.4743 -0.0014 11766.6667
12.1413 1.4899 3.8224 -1.7762 -70.7659 -0.0021 11783.3333
12.1577 1.4896 3.83 -1.6961 -70.0814 -0.0001 11800.0
12.175 1.4892 3.8379 -1.633 -69.7689 -0.0007 11816.6667
12.1927 1.4888 3.8458 -1.5708 -69.4563 -0.0003 11833.3333
12.2098 1.4885 3.8531 -1.5499 -69.336 0.0 11850.0
12.2267 1.4881 3.8605 -1.5499 -69.3146 0.0 11866.6667
12.2442 1.4878 3.8695 -1.5499 -69.2936 0.0 11883.3333
12.2622 1.4874 3.8794 -1.5499 -69.2733 0.0 11900.0
12.279 1.4871 3.8854 -1.5499 -69.2529 0.0 11916.6667
12.2933 1.4866 3.8838 -1.5499 -69.2501 0.0 11933.3333
12.3056 1.4862 3.8773 -1.5499 -69.2501 0.0 11950.0
12.3173 1.4859 3.8713 -1.5499 -69.2501 0.0 11966.6667
12.3293 1.4855 3.867 -1.5499 -69.2501 0.0 11983.3333
12.3418 1.4852 3.8629 -1.5499 -69.2501 0.0 12000.0
12.3544 1.4848 3.8581 -1.5499 -69.2501 0.0 12016.6667
12.3663 1.4845 3.8535 -1.5499 -69.2501 0.0 12033.3333
12.3766 1.4842 3.8495 -1.5499 -69.2501 0.0 12050.0
12.3868 1.4839 3.8457 -1.5499 -69.2501 0.0 12066.6667
12.3988 1.4835 3.8412 -1.5499 -69.2443 0.0 12083.3333
12.4133 1.4831 3.8357 -1.5499 -69.2026 0.0 12100.0
12.4285 1.4827 3.8298 -1.5499 -69.1609 0.0 12116.6667
12.4422 1.4823 3.8246 -1.5662 -69.069 0.0001 12133.3333
12.4543 1.4819 3.8199 -1.5881 -68.9593 0.0001 12150.0
12.4662 1.4815 3.8153 -1.6098 -68.8608 0.0 12166.6667
12.4785 1.4811 3.8105 -1.6311 -68.7753 0.0001 12183.3333
12.491 1.4808 3.8056 -1.6499 -68.7001 0.0 12200.0
12.5036 1.4804 3.8007 -1.6499 -68.7001 0.0 12216.6667
12.5162 1.48 3.7958 -1.6499 -68.7001 0.0 12233.3333
12.5287 1.4796 3.7909 -1.6499 -68.683 0.0 12250.0
12.541 1.4793 3.7861 -1.6499 -68.6611 0.0 12266.6667
12.5534 1.4789 3.7813 -1.6499 -68.6501 0.0 12283.3333
12.5658 1.4785 3.7764 -1.6499 -68.6501 0.0 12300.0
12.5782 1.4781 3.7715 -1.6499 -68.6467 0.0 12316.6667
12.5904 1.4777 3.7667 -1.6499 -68.6253 0.0 12333.3333
12.6026 1.4774 3.762 -1.6499 -68.6039 0.0 12350.0
12.6149 1.477 3.7572 -1.6499 -68.6001 0.0 12366.6667
12.6273 1.4766 3.7523 -1.6499 -68.6001 0.0 12383.3333
12.6398 1.4762 3.7474 -1.6499 -68.6001 0.0 12400.0
12.6524 1.4758 3.7425 -1.6499 -68.6001 0.0 12416.6667
12.665 1.4754 3.7375 -1.6499 -68.6001 0.0 12433.3333
12.6776 1.475 3.7326 -1.6499 -68.6001 0.0 12450.0
12.69 1.4746 3.7277 -1.6499 -68.6001 0.0 12466.6667
12.7022 1.4743 3.723 -1.6499 -68.6001 0.0 12483.3333
12.7142 1.4739 3.7183 -1.6499 -68.6001 0.0 12500.0
12.7264 1.4735 3.7135 -1.6499 -68.6168 0.0 12516.6667
12.7388 1.4732 3.7087 -1.6499 -68.7209 0.0 12533.3333
12.7512 1.4728 3.7039 -1.6499 -68.8251 0.0 12550.0
12.7631 1.4724 3.6994 -1.6499 -69.0311 0.0 12566.6667
12.775 1.472 3.6949 -1.6499 -69.2691 0.0 12583.3333
12.7875 1.4716 3.6902 -1.6499 -69.4951 0.0 12600.0
12.8008 1.4712 3.6853 -1.6499 -69.6826 0.0 12616.6667
12.8142 1.4709 3.6804 -1.6499 -69.8701 0.0 12633.3333
12.8268 1.4704 3.676 -1.6677 -70.1155 -0.0002 12650.0
12.839 1.47 3.6718 -1.6891 -70.3719 -0.0001 12666.6667
12.8514 1.4696 3.6671 -1.6999 -70.6975 0.0 12683.3333
12.8643 1.4692 3.6624 -1.6999 -71.0922 0.0 12700.0
12.8779 1.4688 3.6589 -1.7096 -71.4893 -0.0002 12716.6667
12.8916 1.4684 3.6561 -1.7543 -71.8947 -0.0006 12733.3333
12.9034 1.468 3.6504 -1.7999 -72.3001 0.0 12750.0
12.9121 1.4676 3.6389 -1.8557 -72.6978 -0.0011 12766.6667
12.9193 1.4672 3.623 -1.9127 -73.0956 -0.0009 12783.3333
12.9275 1.4667 3.6052 -1.9573 -73.5886 -0.0003 12800.0
12.9376 1.4662 3.5873 -1.9784 -74.251 -0.0006 12816.6667
12.9484 1.4657 3.5697 -2.0003 -74.9155 0.0 12833.3333
12.9589 1.4652 3.5527 -2.0198 -75.6879 -0.0008 12850.0
12.9689 1.4647 3.5365 -2.0405 -76.4603 -0.0005 12866.6667
12.9789 1.4642 3.521 -2.0499 -77.3266 0.0 12883.3333
12.989 1.4638 3.506 -2.0499 -78.2668 0.0 12900.0
12.9996 1.4633 3.4905 -2.0499 -79.1014 0.0 12916.6667
13.0109 1.4628 3.4745 -2.0499 -79.5619 0.0 12933.3333
13.0222 1.4623 3.4584 -2.0499 -80.0225 0.0 12950.0
13.0332 1.4619 3.4428 -2.0499 -80.1706 0.0 12966.6667
13.044 1.4614 3.4277 -2.0499 -80.2988 0.0 12983.3333
13.0545 1.4609 3.4128 -2.0382 -80.4334 0.0002 13000.0
13.0648 1.4605 3.3985 -2.0184 -80.5723 0.0002 13016.6667
13.0744 1.4601 3.3852 -1.9986 -80.7137 0.0 13033.3333
13.0833 1.4597 3.373 -1.9818 -80.8838 0.0003 13050.0
13.0925 1.4594 3.3604 -1.9648 -81.0538 0.0003 13066.6667
13.1036 1.4589 3.3454 -1.9444 -81.2314 0.0002 13083.3333
13.1171 1.4584 3.3272 -1.9044 -81.455 0.0008 13100.0
13.1313 1.4579 3.3083 -1.8633 -81.6786 0.0004 13116.6667
13.1441 1.4574 3.2912 -1.8062 -81.9141 0.0011 13133.3333
13.1556 1.457 3.2762 -1.7404 -82.1554 0.001 13150.0
13.1666 1.4566 3.2619 -1.6999 -82.3501 0.0 13166.6667
13.1778 1.4562 3.2474 -1.6999 -82.4751 0.0 13183.3333
13.1891 1.4558 3.2327 -1.6999 -82.6001 0.0 13200.0
13.2006 1.4554 3.2179 -1.64 -82.783 0.0011 13216.6667
13.2123 1.4551 3.2028 -1.5787 -82.966 0.0007 13233.3333
13.2243 1.4547 3.1877 -1.4942 -83.1886 0.002 13250.0
13.2363 1.4544 3.1726 -1.3879 -83.445 0.0026 13266.6667
13.2481 1.4541 3.1579 -1.2961 -83.6656 0.0001 13283.3333
13.2596 1.4539 3.1436 -1.2768 -83.7431 0.0002 13300.0
13.2711 1.4536 3.1295 -1.2574 -83.8206 0.0001 13316.6667
13.2828 1.4533 3.1149 -1.224 -83.9561 0.0006 13333.3333
13.295 1.4531 3.1 -1.1814 -84.127 0.0007 13350.0
13.3076 1.4528 3.0848 -1.1499 -84.4775 0.0 13366.6667
13.3205 1.4525 3.0698 -1.1499 -85.2894 0.0 13383.3333
13.3331 1.4522 3.0558 -1.1499 -86.1014 0.0 13400.0
13.3448 1.452 3.0434 -1.1499 -87.0974 0.0 13416.6667
13.3565 1.4518 3.0313 -1.1499 -88.1052 0.0 13433.3333
13.3693 1.4515 3.0179 -1.1458 -89.058 0.0275 13450.0
13.3839 1.4512 3.0031 -1.5703 -89.9131 0.5397 13466.6667
13.3996 1.451 2.9888 179.0676 -89.2382 179.9901 13483.3333
13.4152 1.4508 2.9766 179.1926 -88.4615 179.9597 13500.0
13.4279 1.4506 2.9652 179.2656 -87.6848 179.9815 13516.6667
13.4349 1.4506 2.9533 179.3208 -87.0142 179.9967 13533.3333
13.4361 1.4506 2.9403 179.3619 -86.4785 179.9953 13550.0
13.4352 1.4506 2.927 179.3974 -85.9429 179.9995 13566.6667
13.4353 1.4506 2.9139 179.4001 -85.6504 -180.0 13583.3333
13.4367 1.4506 2.9007 179.4001 -85.379 -180.0 13600.0
13.4385 1.4506 2.8869 179.3919 -85.021 -179.9992 13616.6667
13.44 1.4506 2.8723 179.3694 -84.4947 -179.9987 13633.3333
13.4415 1.4506 2.8579 179.3501 -83.9829 -180.0 13650.0
13.443 1.4506 2.8442 179.3501 -83.6983 180.0 13666.6667
13.4446 1.4506 2.8311 179.3501 -83.4137 -180.0 13683.3333
13.4462 1.4506 2.8184 179.337 -83.0749 -179.9994 13700.0
13.4479 1.4506 2.8057 179.3161 -82.6999 -179.9993 13716.6667
13.4497 1.4506 2.7929 179.2958 -82.3186 -179.9998 13733.3333
13.4515 1.4506 2.78 179.2749 -81.9121 -179.9992 13750.0
13.4536 1.4506 2.7665 179.2551 -81.5056 -179.9997 13766.6667
13.456 1.4506 2.7523 179.2163 -81.0429 -179.9986 13783.3333
13.4584 1.4506 2.7384 179.1727 -80.5604 -179.9989 13800.0
13.4605 1.4506 2.7266 179.1171 -80.1721 -179.9989 13816.6667
13.4623 1.4506 2.7166 179.0468 -79.8943 -179.998 13833.3333
13.4643 1.4506 2.706 178.9783 -79.6166 -179.999 13850.0
13.467 1.4506 2.6925 178.8616 -79.1737 -179.996 13866.6667
13.4703 1.4506 2.6765 178.7151 -78.6111 -179.9953 13883.3333
13.4737 1.4506 2.661 178.5755 -78.0191 -179.9985 13900.0
13.4769 1.4506 2.6475 178.4439 -77.2926 -179.9949 13916.6667
13.48 1.4506 2.635 178.3194 -76.5661 -179.9988 13933.3333
13.4831 1.4506 2.6222 178.2263 -76.0012 -179.9979 13950.0
13.4865 1.4506 2.609 178.1414 -75.467 -179.9985 13966.6667
13.4907 1.4506 2.5961 178.0072 -74.6736 -179.9946 13983.3333
13.495 1.4506 2.5834 177.8305 -73.621 -179.9933 14000.0
13.4981 1.4506 2.5702 177.6951 -72.6648 -179.9998 14016.6667
13.5006 1.4507 2.5567 177.6729 -72.0508 -179.9995 14033.3333
13.5068 1.4506 2.5447 177.6514 -71.4367 -180.0 14050.0
13.5205 1.4501 2.536 177.4868 -70.2837 -179.993 14066.6667
13.5388 1.4494 2.5294 177.3227 -69.0961 -179.9957 14083.3333
13.557 1.4487 2.5232 177.1669 -67.7849 -179.9952 14100.0
13.574 1.4481 2.5169 177.0201 -66.3682 -179.994 14116.6667
13.5913 1.4474 2.5105 176.8904 -64.9626 -179.9995 14133.3333
13.6101 1.4466 2.5045 176.8231 -63.6249 -179.9978 14150.0
13.6294 1.4457 2.4989 176.7589 -62.2872 -179.9995 14166.6667
13.6478 1.4449 2.4936 176.731 -61.553 -179.9997 14183.3333
13.6654 1.4442 2.4887 176.7091 -60.917 -179.9998 14200.0
13.6828 1.4435 2.484 176.6875 -60.3277 -179.9998 14216.6667
13.7004 1.4428 2.4795 176.6661 -59.7721 -179.9998 14233.3333
13.7184 1.442 2.475 176.6501 -59.2473 -180.0 14250.0
13.7368 1.4412 2.4706 176.6501 -58.82 -180.0 14266.6667
13.7554 1.4404 2.4662 176.6501 -58.3926 180.0 14283.3333
13.774 1.4396 2.4619 176.6501 -58.1436 -180.0 14300.0
13.7926 1.4388 2.4576 176.6501 -57.9145 -180.0 14316.6667
13.8115 1.438 2.4533 176.6501 -57.7661 180.0 14333.3333
13.8305 1.4373 2.4491 176.6501 -57.6985 180.0 14350.0
13.8489 1.4365 2.445 176.6501 -57.6207 -180.0 14366.6667
13.8666 1.4357 2.4411 176.6501 -57.5166 -180.0 14383.3333
13.8846 1.4349 2.4372 176.6501 -57.4124 -180.0 14400.0
13.9036 1.4341 2.4332 176.689 -57.0911 179.9997 14416.6667
13.9228 1.4333 2.4292 176.7327 -56.7403 179.9998 14433.3333
13.9412 1.4326 2.4255 176.7501 -56.4536 180.0 14450.0
13.9585 1.4319 2.4222 176.7501 -56.2097 180.0 14466.6667
13.9757 1.4312 2.4188 176.7501 -55.9771 -180.0 14483.3333
13.9934 1.4305 2.4154 176.7501 -55.8145 180.0 14500.0
14.012 1.4298 2.4119 176.7501 -55.6519 -180.0 14516.6667
14.0317 1.4289 2.4084 176.7343 -55.348 -179.9999 14533.3333
14.0518 1.4281 2.405 176.7111 -54.9777 -179.9999 14550.0
14.0706 1.4273 2.4018 176.6889 -54.6999 -179.9999 14566.6667
14.0883 1.4265 2.3988 176.6676 -54.5076 -179.9999 14583.3333
14.1066 1.4258 2.3959 176.6501 -54.3065 -180.0 14600.0
14.1262 1.425 2.3928 176.6501 -54.0653 180.0 14616.6667
14.1451 1.4242 2.3899 176.6501 -53.824 180.0 14633.3333
14.1619 1.4235 2.3873 176.6501 -53.5499 180.0 14650.0
14.1782 1.4228 2.385 176.6501 -53.2721 180.0 14666.6667
14.1968 1.422 2.3825 176.6501 -52.9544 180.0 14683.3333
14.2182 1.4211 2.3798 176.6501 -52.5715 180.0 14700.0
14.2392 1.4203 2.3772 176.6501 -52.2191 180.0 14716.6667
14.2578 1.4195 2.3749 176.6501 -52.0268 180.0 14733.3333
14.2752 1.4187 2.3729 176.6501 -51.8345 180.0 14750.0
14.2931 1.418 2.3708 176.6325 -51.6422 -179.9999 14766.6667
14.3118 1.4172 2.3687 176.6112 -51.4499 -179.9999 14783.3333
14.331 1.4164 2.3666 176.6001 -51.2657 -180.0 14800.0
14.3504 1.4156 2.3645 176.6001 -51.0903 -180.0 14816.6667
14.3693 1.4147 2.3626 176.6001 -50.8602 -180.0 14833.3333
14.3876 1.414 2.361 176.6001 -50.4114 -180.0 14850.0
14.406 1.4132 2.3595 176.6001 -49.9627 -180.0 14866.6667
14.4254 1.4124 2.3581 176.6001 -49.5793 -180.0 14883.3333
14.4446 1.4116 2.3567 176.6001 -49.2065 -180.0 14900.0
14.462 1.4109 2.3556 176.589 -48.7643 -179.9999 14916.6667
14.478 1.4102 2.3547 176.57 -48.2719 -179.9998 14933.3333
14.495 1.4094 2.354 176.5512 -47.7794 -180.0 14950.0
14.5145 1.4086 2.3536 176.486 -46.9877 -179.9992 14966.6667
14.5339 1.4077 2.3534 176.4187 -46.1769 -179.9996 14983.3333
14.5502 1.407 2.3532 176.4001 -45.7131 -180.0 15000.0
14.5635 1.4064 2.3531 176.4001 -45.3841 -180.0 15016.6667
14.5765 1.4058 2.3531 176.4001 -45.1034 180.0 15033.3333
14.5901 1.4052 2.3531 176.4001 -44.8841 180.0 15050.0
14.6035 1.4046 2.3532 176.4001 -44.6766 180.0 15066.6667
14.616 1.4041 2.3533 176.4001 -44.5307 -180.0 15083.3333
14.6272 1.4036 2.3535 176.4001 -44.3849 -180.0 15100.0
14.6371 1.4032 2.3536 176.4001 -44.3499 -180.0 15116.6667
14.6467 1.4028 2.3537 176.4001 -44.3499 180.0 15133.3333
14.6579 1.4022 2.3538 176.4001 -44.3448 180.0 15150.0
14.6715 1.4016 2.354 176.4001 -44.302 180.0 15166.6667
14.6857 1.4009 2.3542 176.4001 -44.2593 180.0 15183.3333
14.6983 1.4004 2.3543 176.4156 -44.2344 180.0 15200.0
14.7091 1.3999 2.3545 176.4354 -44.2146 180.0 15216.6667
14.7187 1.3995 2.3546 176.464 -44.1538 179.9999 15233.3333
14.7282 1.3991 2.3548 176.5173 -43.9765 179.9998 15250.0
14.7387 1.3987 2.355 176.5704 -43.7992 179.9999 15266.6667
14.7516 1.3981 2.3554 176.6285 -43.5213 179.9997 15283.3333
14.7664 1.3975 2.3559 176.6927 -43.1153 179.9996 15300.0
14.7809 1.3969 2.3566 176.7542 -42.7092 180.0 15316.6667
14.7934 1.3965 2.3572 176.795 -42.3027 179.9997 15333.3333
14.8049 1.396 2.3579 176.8356 -41.8962 179.9999 15350.0
14.8164 1.3956 2.3587 176.8642 -41.6938 180.0 15366.6667
14.8282 1.3952 2.3594 176.8861 -41.606 180.0 15383.3333
14.8398 1.3947 2.36 176.9001 -41.5499 180.0 15400.0
14.8511 1.3943 2.3607 176.9001 -41.5499 180.0 15416.6667
14.8626 1.3938 2.3613 176.9005 -41.5482 180.0 15433.3333
14.8747 1.3934 2.362 176.9219 -41.4627 180.0 15450.0
14.8869 1.3929 2.3628 176.9433 -41.3773 180.0 15466.6667
14.8988 1.3925 2.3637 176.9808 -41.2886 180.0 15483.3333
14.9104 1.392 2.3645 177.0258 -41.1985 180.0 15500.0
14.9219 1.3916 2.3653 177.1007 -41.0591 179.9998 15516.6667
14.9334 1.3913 2.3661 177.2104 -40.8617 179.9997 15533.3333
14.9449 1.3909 2.367 177.3111 -40.6706 180.0 15550.0
14.9562 1.3906 2.3679 177.3722 -40.508 179.9998 15566.6667
14.9675 1.3902 2.3688 177.4331 -40.3454 179.9999 15583.3333
14.9788 1.3898 2.3698 177.4941 -40.1682 179.9998 15600.0
14.9902 1.3895 2.3708 177.5551 -39.9853 179.9998 15616.6667
15.0019 1.3891 2.3719 177.6115 -39.81 180.0 15633.3333
15.0141 1.3888 2.373 177.6554 -39.6565 179.9999 15650.0
15.0266 1.3884 2.3743 177.6992 -39.503 180.0 15666.6667
15.0392 1.3881 2.3755 177.763 -39.3114 179.9998 15683.3333
15.0511 1.3878 2.3768 177.8271 -39.1191 179.9999 15700.0
15.0618 1.3875 2.3779 177.9024 -38.8157 179.9996 15716.6667
15.072 1.3873 2.3791 177.9837 -38.4498 179.9996 15733.3333
15.0833 1.387 2.3806 178.066 -38.0274 179.9998 15750.0
15.0964 1.3867 2.3825 178.1541 -37.3476 179.9992 15766.6667
15.1097 1.3864 2.3846 178.2414 -36.6678 179.9999 15783.3333
15.1216 1.3862 2.3865 178.3081 -36.1575 179.9996 15800.0
15.1324 1.386 2.3883 178.3721 -35.666 179.9997 15816.6667
15.1435 1.3858 2.3904 178.4372 -35.1182 179.9996 15833.3333
15.1551 1.3856 2.3926 178.503 -34.5261 179.9995 15850.0
15.1666 1.3853 2.3948 178.5501 -34.046 180.0 15866.6667
15.1779 1.3851 2.3971 178.5501 -33.8536 180.0 15883.3333
15.1895 1.3849 2.3995 178.5501 -33.6613 -180.0 15900.0
15.2016 1.3847 2.402 178.5702 -33.5092 180.0 15916.6667
15.2138 1.3845 2.4045 178.5916 -33.3596 180.0 15933.3333
15.2255 1.3843 2.4069 178.6265 -33.1682 179.9999 15950.0
15.2367 1.3841 2.4093 178.6703 -32.9489 179.9999 15966.6667
15.2479 1.384 2.4118 178.7363 -32.634 179.9996 15983.3333
15.2596 1.3838 2.4145 178.8491 -32.116 179.9993 16000.0
15.2713 1.3837 2.4174 178.9565 -31.6199 180.0 16016.6667
15.2828 1.3835 2.4203 179.0208 -31.3207 179.9997 16033.3333
15.2943 1.3833 2.4232 179.0848 -31.0216 179.9999 16050.0
15.3059 1.3832 2.4261 179.1172 -30.8984 180.0 16066.6667
15.3174 1.3831 2.429 179.1397 -30.8309 180.0 16083.3333
15.3281 1.383 2.4317 179.1501 -30.7435 180.0 16100.0
15.3385 1.3829 2.4344 179.1501 -30.6394 180.0 16116.6667
15.3495 1.3828 2.4372 179.1563 -30.5068 180.0 16133.3333
15.3616 1.3826 2.4405 179.2002 -30.1998 179.9998 16150.0
15.3739 1.3825 2.4439 179.244 -29.8928 180.0 16166.6667
15.3855 1.3824 2.4472 179.287 -29.4823 179.9998 16183.3333
15.3961 1.3823 2.4503 179.3297 -29.0549 179.9998 16200.0
15.4058 1.3823 2.4532 179.3501 -28.4454 180.0 16216.6667
15.4151 1.3822 2.4561 179.3501 -27.6676 -180.0 16233.3333
15.4251 1.3821 2.4596 179.3501 -26.8898 -180.0 16250.0
15.4368 1.382 2.4639 179.3501 -25.7165 -180.0 16266.6667
15.4494 1.3819 2.4689 179.3501 -24.4563 180.0 16283.3333
15.4619 1.3818 2.4741 179.3656 -23.2036 179.9996 16300.0
15.4736 1.3817 2.4793 179.4085 -21.9643 179.9993 16316.6667
15.4846 1.3816 2.4844 179.4509 -20.7407 180.0 16333.3333
15.4951 1.3816 2.4893 179.4907 -20.2843 179.9997 16350.0
15.5054 1.3815 2.4943 179.5303 -19.828 179.9998 16366.6667
15.5159 1.3815 2.4994 179.5727 -19.4759 179.9999 16383.3333
15.5268 1.3814 2.5046 179.6177 -19.2282 179.9999 16400.0
15.5377 1.3814 2.51 179.6686 -18.9761 179.9999 16416.6667
15.5485 1.3813 2.5153 179.7344 -18.713 179.9998 16433.3333
15.5587 1.3813 2.5205 179.8001 -18.4499 180.0 16450.0
15.5684 1.3813 2.5255 179.8399 -18.0531 179.9998 16466.6667
15.578 1.3813 2.5305 179.8795 -17.6562 179.9999 16483.3333
15.5882 1.3813 2.5358 179.9106 -17.313 180.0 16500.0
15.5989 1.3812 2.5416 179.9326 -17.0279 179.9999 16516.6667
15.6099 1.3812 2.5476 179.9587 -16.7656 180.0 16533.3333
15.6208 1.3812 2.5535 -179.9986 -16.5947 179.9999 16550.0
15.6312 1.3813 2.5592 -179.9559 -16.4238 180.0 16566.6667
15.641 1.3813 2.5646 -179.932 -16.2744 180.0 16583.3333
15.6507 1.3813 2.57 -179.9111 -16.1286 180.0 16600.0
15.661 1.3813 2.5757 -179.8999 -15.9893 180.0 16616.6667
15.6719 1.3813 2.5818 -179.8999 -15.8578 180.0 16633.3333
15.6826 1.3813 2.5878 -179.8924 -15.7274 180.0 16650.0
15.6926 1.3813 2.5934 -179.8507 -15.6024 179.9999 16666.6667
15.7024 1.3814 2.599 -179.8091 -15.4774 180.0 16683.3333
15.7126 1.3814 2.6049 -179.7999 -15.2788 180.0 16700.0
15.7231 1.3815 2.6109 -179.7999 -15.0595 180.0 16716.6667
15.7336 1.3815 2.617 -179.7999 -14.8711 180.0 16733.3333
15.7437 1.3815 2.623 -179.7999 -14.7134 180.0 16750.0
15.7535 1.3815 2.6288 -179.7999 -14.5882 180.0 16766.6667
15.763 1.3815 2.6344 -179.7999 -14.5466 180.0 16783.3333
15.773 1.3816 2.6403 -179.7999 -14.5049 180.0 16800.0
15.7837 1.3816 2.6467 -179.7999 -14.2683 180.0 16816.6667
15.7946 1.3817 2.6533 -179.7999 -14.0052 -180.0 16833.3333
15.8046 1.3817 2.6594 -179.8124 -13.6499 -179.9999 16850.0
15.8139 1.3817 2.6652 -179.8333 -13.2332 -179.9999 16866.6667
15.8234 1.3817 2.6713 -179.8671 -12.7332 -179.9997 16883.3333
15.8336 1.3817 2.6781 -179.9526 -11.8999 -179.9991 16900.0
15.844 1.3817 2.6852 179.962 -11.0666 -179.9998 16916.6667
15.8539 1.3817 2.6921 179.9133 -10.6008 -179.9998 16933.3333
15.8633 1.3816 2.6987 179.8706 -10.1948 -179.9999 16950.0
15.8724 1.3816 2.7052 179.8395 -9.9154 -180.0 16966.6667
15.8815 1.3816 2.7117 179.8192 -9.7528 -180.0 16983.3333
15.891 1.3816 2.7184 179.7975 -9.5859 -180.0 17000.0
15.9009 1.3816 2.7255 179.7548 -9.3509 -179.9999 17016.6667
15.911 1.3815 2.7328 179.7121 -9.1158 -179.9999 17033.3333
15.9209 1.3815 2.7401 179.6839 -8.7743 -179.9999 17050.0
15.9304 1.3814 2.7473 179.6614 -8.3914 -179.9999 17066.6667
15.9397 1.3814 2.7544 179.6501 -8.1466 -180.0 17083.3333
15.9489 1.3813 2.7613 179.6501 -8.0397 -180.0 17100.0
15.9578 1.3812 2.7681 179.6501 -7.95 -180.0 17116.6667
15.9667 1.3811 2.7747 179.6501 -7.95 180.0 17133.3333
15.9758 1.3811 2.7816 179.6501 -7.95 180.0 17150.0
15.9856 1.3811 2.789 179.6501 -7.9329 180.0 17166.6667
15.9958 1.381 2.7968 179.6501 -7.9104 180.0 17183.3333
16.0058 1.381 2.8044 179.6501 -7.725 180.0 17200.0
16.0153 1.3809 2.8117 179.6501 -7.4009 180.0 17216.6667
16.0241 1.3809 2.8186 179.642 -7.0781 -180.0 17233.3333
16.0325 1.3809 2.8254 179.6206 -6.7577 -179.9999 17250.0
16.0412 1.3808 2.8323 179.6001 -6.4492 -180.0 17266.6667
16.0503 1.3807 2.8396 179.6001 -6.4283 -180.0 17283.3333
16.0598 1.3806 2.8471 179.6001 -6.4075 -180.0 17300.0
16.0694 1.3806 2.8548 179.6138 -6.4 180.0 17316.6667
16.0789 1.3805 2.8624 179.6351 -6.3999 180.0 17333.3333
16.0882 1.3805 2.8698 179.6626 -6.3937 180.0 17350.0
16.0973 1.3804 2.8771 179.7043 -6.3728 180.0 17366.6667
16.1065 1.3804 2.8845 179.7459 -6.352 180.0 17383.3333
16.1159 1.3804 2.892 179.7886 -6.3499 180.0 17400.0
16.1252 1.3804 2.8993 179.8313 -6.3499 180.0 17416.6667
16.1336 1.3804 2.9061 179.8723 -6.3499 -180.0 17433.3333
16.1415 1.3803 2.9125 179.912 -6.3499 -180.0 17450.0
16.1503 1.3803 2.9195 179.9562 -6.356 -180.0 17466.6667
16.1605 1.3804 2.9276 -179.8903 -6.5095 -179.9997 17483.3333
16.1712 1.3805 2.936 -179.7368 -6.6631 -179.9999 17500.0
16.1811 1.3806 2.9437 -179.5666 -6.8666 -179.9996 17516.6667
16.1901 1.3807 2.9507 -179.3912 -7.0859 -179.9997 17533.3333
16.1992 1.3808 2.9576 -179.2368 -7.3052 -179.9998 17550.0
16.2085 1.3809 2.9647 -179.1052 -7.5245 -179.9997 17566.6667
16.2179 1.381 2.9718 -178.9955 -7.7043 -180.0 17583.3333
16.2271 1.3812 2.9789 -178.9736 -7.7262 -180.0 17600.0
16.2364 1.3814 2.986 -178.9517 -7.7481 -180.0 17616.6667
16.246 1.3815 2.9932 -178.9499 -7.7499 -180.0 17633.3333
16.2556 1.3817 3.0005 -178.9499 -7.7499 -180.0 17650.0
16.2652 1.3818 3.0078 -178.9184 -7.7814 -180.0 17666.6667
16.2746 1.382 3.0149 -178.8733 -7.8265 -180.0 17683.3333
16.2838 1.3822 3.022 -178.7868 -7.892 -179.9999 17700.0
16.293 1.3824 3.0289 -178.6552 -7.9797 -179.9999 17716.6667
16.3024 1.3826 3.0359 -178.5454 -8.0544 -180.0 17733.3333
16.3119 1.3828 3.043 -178.5229 -8.0769 -180.0 17750.0
16.3211 1.383 3.05 -178.5004 -8.0994 -180.0 17766.6667
16.3297 1.3832 3.0567 -178.4999 -8.0998 -180.0 17783.3333
16.3387 1.3834 3.0635 -178.4999 -8.0998 -180.0 17800.0
16.3494 1.3836 3.0705 -178.4999 -8.0998 -180.0 17816.6667
16.3602 1.3839 3.0779 -178.4999 -8.0998 -180.0 17833.3333
16.3673 1.3842 3.0855 -178.4896 -8.1101 -180.0 17850.0
16.3691 1.3844 3.0934 -178.4469 -8.1528 -180.0 17866.6667
16.3688 1.3846 3.1015 -178.4042 -8.1955 -180.0 17883.3333
16.3695 1.3848 3.1099 -178.323 -8.296 -179.9999 17900.0
16.3711 1.3851 3.1186 -178.2375 -8.4029 -179.9999 17916.6667
16.3726 1.3854 3.127 -178.1495 -8.5004 -179.9999 17933.3333
16.3738 1.3857 3.1351 -178.0594 -8.5904 -179.9999 17950.0
16.3749 1.386 3.1433 -177.9563 -8.6935 -179.9999 17966.6667
16.3762 1.3864 3.1515 -177.8281 -8.8217 -179.9998 17983.3333
16.3776 1.3867 3.1598 -177.6999 -8.9499 -180.0 18000.0
16.379 1.3871 3.1682 -177.5577 -9.1735 -179.9996 18016.6667
16.3804 1.3874 3.1764 -177.4154 -9.3971 -179.9997 18033.3333
16.3817 1.3878 3.1838 -177.214 -9.7197 -179.999 18050.0
16.3829 1.3882 3.191 -176.9622 -10.1266 -179.9985 18066.6667
16.3844 1.3887 3.1987 -176.71 -10.5336 -179.9999 18083.3333
16.3863 1.3893 3.2075 -176.2587 -11.392 -179.9954 18100.0
16.3884 1.3901 3.2168 -175.7977 -12.2693 -179.9977 18116.6667
16.3906 1.3908 3.2255 -175.4143 -13.0222 -179.9978 18133.3333
16.3926 1.3915 3.2334 -175.067 -13.7167 -179.9983 18150.0
16.3944 1.3923 3.2414 -174.7947 -14.2725 -179.9993 18166.6667
16.3964 1.3931 3.2495 -174.592 -14.7005 -179.9992 18183.3333
16.3993 1.394 3.2575 -174.3892 -15.1081 -179.9996 18200.0
16.4025 1.3949 3.2653 -174.1866 -15.4685 -179.9992 18216.6667
16.4032 1.3958 3.2736 -173.9772 -15.8395 -179.9997 18233.3333
16.3996 1.3967 3.2828 -173.6937 -16.3319 -179.9979 18250.0
16.3935 1.3976 3.2925 -173.4094 -16.8243 -179.9985 18266.6667
16.3873 1.3985 3.3025 -173.1628 -17.2398 -179.9995 18283.3333
16.382 1.3995 3.3126 -172.9645 -17.5572 -179.9991 18300.0
16.3769 1.4006 3.323 -172.7658 -17.8747 -179.9999 18316.6667
16.3714 1.4018 3.3341 -172.6378 -18.0871 -179.9997 18333.3333
16.3656 1.403 3.3454 -172.5158 -18.2903 -179.9998 18350.0
16.3599 1.4041 3.3566 -172.3995 -18.4606 -179.9999 18366.6667
16.3545 1.4053 3.3675 -172.2899 -18.5922 -179.9998 18383.3333
16.3493 1.4064 3.3781 -172.1887 -18.7113 -180.0 18400.0
16.3441 1.4076 3.3885 -172.1262 -18.7738 -179.9999 18416.6667
16.3389 1.4087 3.3989 -172.0637 -18.8364 -180.0 18433.3333
16.3337 1.4099 3.4095 -171.9621 -18.9379 -179.9999 18450.0
16.3284 1.4111 3.4202 -171.8495 -19.0506 -179.9999 18466.6667
16.3232 1.4123 3.4308 -171.7747 -19.1253 -180.0 18483.3333
16.3182 1.4135 3.4412 -171.7296 -19.1703 -180.0 18500.0
16.313 1.4147 3.4517 -171.6922 -19.2077 -180.0 18516.6667
16.3078 1.416 3.4624 -171.6697 -19.2302 -180.0 18533.3333
16.3028 1.4171 3.4726 -171.6476 -19.2524 -180.0 18550.0
16.2982 1.4182 3.482 -171.6282 -19.2718 -180.0 18566.6667
16.2936 1.4193 3.4914 -171.6088 -19.2911 -180.0 18583.3333
16.2886 1.4205 3.5017 -171.5768 -19.3346 -180.0 18600.0
16.2832 1.4218 3.513 -171.5341 -19.3987 -180.0 18616.6667
16.2776 1.4232 3.5245 -171.4684 -19.486 -179.9999 18633.3333
16.2722 1.4245 3.5357 -171.3108 -19.6662 -179.9997 18650.0
16.2671 1.4258 3.5465 -171.1531 -19.8464 -180.0 18666.6667
16.2623 1.427 3.5567 -171.0275 -20.0337 -179.9997 18683.3333
16.2575 1.4283 3.5669 -170.9025 -20.2213 -179.9998 18700.0
16.2524 1.4297 3.5778 -170.8107 -20.3653 -179.9999 18716.6667
16.2472 1.4311 3.589 -170.7432 -20.4779 -179.9999 18733.3333
16.2423 1.4325 3.5998 -170.6922 -20.5654 -180.0 18750.0
16.2376 1.4338 3.6099 -170.6708 -20.6081 -180.0 18766.6667
16.233 1.4351 3.6199 -170.6499 -20.6504 -180.0 18783.3333
16.2282 1.4364 3.6305 -170.6499 -20.6707 -180.0 18800.0
16.2232 1.4378 3.6414 -170.6499 -20.6911 -180.0 18816.6667
16.2182 1.4392 3.6523 -170.6499 -20.7 -180.0 18833.3333
16.2132 1.4406 3.6632 -170.6499 -20.7 -180.0 18850.0
16.2082 1.442 3.6739 -170.6499 -20.7073 -180.0 18866.6667
16.2033 1.4434 3.6845 -170.6499 -20.7286 -180.0 18883.3333
16.1985 1.4447 3.695 -170.6499 -20.7499 -180.0 18900.0
16.1938 1.446 3.7054 -170.6499 -20.8922 180.0 18916.6667
16.1891 1.4473 3.7157 -170.6499 -21.0345 -180.0 18933.3333
16.1845 1.4486 3.7261 -170.6392 -21.2071 -180.0 18950.0
16.1799 1.4499 3.7365 -170.6194 -21.4055 -179.9999 18966.6667
16.1753 1.4512 3.747 -170.5999 -21.6032 -180.0 18983.3333
16.1707 1.4526 3.7577 -170.5999 -21.7658 -180.0 19000.0
16.166 1.454 3.7687 -170.5999 -21.9284 -180.0 19016.6667
16.1612 1.4554 3.78 -170.5611 -22.1814 -179.9998 19033.3333
16.1563 1.4569 3.7915 -170.4916 -22.5055 -179.9998 19050.0
16.1517 1.4584 3.8027 -170.4499 -22.781 -180.0 19066.6667
16.1472 1.4598 3.8135 -170.4499 -22.9837 180.0 19083.3333
16.1428 1.4612 3.8244 -170.4499 -23.1775 180.0 19100.0
16.1384 1.4626 3.8355 -170.4499 -23.331 -180.0 19116.6667
16.134 1.464 3.8464 -170.4499 -23.4845 180.0 19133.3333
16.1299 1.4653 3.8569 -170.4883 -23.7499 179.9999 19150.0
16.1258 1.4665 3.8673 -170.5311 -24.0277 179.9999 19166.6667
16.1216 1.4679 3.8783 -170.5877 -24.276 179.9999 19183.3333
16.1172 1.4693 3.8898 -170.6552 -24.5012 179.9998 19200.0
16.113 1.4707 3.9012 -170.7228 -24.6957 179.9999 19216.6667
16.1089 1.472 3.9121 -170.7904 -24.8309 179.9999 19233.3333
16.1049 1.4734 3.9229 -170.8621 -24.9864 179.9999 19250.0
16.1009 1.4746 3.934 -170.9635 -25.2913 179.9996 19266.6667
16.097 1.4759 3.945 -171.0653 -25.5961 179.9998 19283.3333
16.0935 1.4771 3.9553 -171.2042 -26.0927 179.9989 19300.0
16.0901 1.4783 3.9655 -171.3628 -26.6879 179.9987 19316.6667
16.0866 1.4795 3.9767 -171.5282 -27.2795 179.9996 19333.3333
16.0827 1.4808 3.9895 -171.7308 -27.8486 179.9983 19350.0
16.0787 1.4822 4.0032 -171.9345 -28.4177 179.9992 19366.6667
16.0746 1.4836 4.0171 -172.0578 -28.8613 179.9996 19383.3333
16.0707 1.485 4.031 -172.1433 -29.246 179.9996 19400.0
16.0668 1.4864 4.0452 -172.2649 -29.7105 179.9992 19416.6667
16.0631 1.4877 4.0597 -172.4568 -30.3301 179.9984 19433.3333
16.0596 1.489 4.0739 -172.6499 -30.9498 180.0 19450.0
16.0563 1.4902 4.0875 -172.7539 -31.2207 179.9996 19466.6667
16.0531 1.4914 4.1007 -172.8581 -31.4916 179.9998 19483.3333
16.0499 1.4926 4.1139 -172.9497 -31.8249 179.9997 19500.0
16.0469 1.4938 4.1274 -173.033 -32.1998 179.9996 19516.6667
16.0439 1.495 4.1413 -173.1223 -32.6079 179.9997 19533.3333
16.041 1.4962 4.1556 -173.2346 -33.1484 179.9992 19550.0
16.0382 1.4974 4.1697 -173.3476 -33.689 180.0 19566.6667
16.0356 1.4985 4.1833 -173.4515 -34.2102 179.9992 19583.3333
16.0331 1.4996 4.1969 -173.5559 -34.7311 179.9995 19600.0
16.0307 1.5008 4.2116 -173.6884 -35.2551 179.9991 19616.6667
16.0281 1.502 4.2274 -173.8419 -35.7814 179.999 19633.3333
16.0257 1.5032 4.2439 -173.9761 -36.2616 179.9998 19650.0
16.0233 1.5044 4.2605 -174.0637 -36.6344 179.9995 19666.6667
16.021 1.5056 4.2773 -174.1507 -37.0031 180.0 19683.3333
16.0186 1.5068 4.2942 -174.1923 -37.1698 179.9999 19700.0
16.0164 1.508 4.3105 -174.234 -37.3365 179.9999 19716.6667
16.0144 1.509 4.3257 -174.2628 -37.4515 180.0 19733.3333
16.0125 1.51 4.3403 -174.2836 -37.5348 180.0 19750.0
16.0104 1.5112 4.3559 -174.3047 -37.6432 180.0 19766.6667
16.0082 1.5124 4.3731 -174.3266 -37.8406 179.9999 19783.3333
16.006 1.5137 4.3911 -174.3486 -38.038 180.0 19800.0
16.004 1.5149 4.4088 -174.3705 -38.3591 179.9999 19816.6667
16.0022 1.516 4.4255 -174.3924 -38.688 179.9999 19833.3333
16.0006 1.5171 4.4406 -174.4136 -38.9511 179.9999 19850.0
15.9991 1.5182 4.4554 -174.4344 -39.1802 179.9999 19866.6667
15.9974 1.5193 4.4721 -174.4556 -39.3669 180.0 19883.3333
15.9956 1.5206 4.4916 -174.4775 -39.4327 180.0 19900.0
15.9935 1.522 4.5121 -174.4995 -39.4985 180.0 19916.6667
15.9916 1.5233 4.5318 -174.4999 -39.4998 180.0 19933.3333
15.9897 1.5246 4.5502 -174.4999 -39.4998 180.0 19950.0
15.9881 1.5258 4.567 -174.4999 -39.4998 180.0 19966.6667
15.9865 1.5269 4.5833 -174.4999 -39.4998 -180.0 19983.3333
15.9848 1.5281 4.601 -174.4999 -39.5024 -180.0 20000.0
15.9828 1.5294 4.621 -174.4999 -39.5237 -180.0 20016.6667
15.9808 1.5309 4.6421 -174.4999 -39.5451 180.0 20033.3333
15.9787 1.5323 4.6626 -174.4999 -39.5498 180.0 20050.0
15.9769 1.5336 4.6816 -174.4999 -39.5498 180.0 20066.6667
15.9752 1.5347 4.6988 -174.4999 -39.5498 180.0 20083.3333
15.9735 1.5359 4.7157 -174.4999 -39.5498 180.0 20100.0
15.9717 1.5372 4.735 -174.4999 -39.5498 180.0 20116.6667
15.9694 1.5388 4.7587 -174.4999 -39.5711 180.0 20133.3333
15.9669 1.5406 4.7844 -174.4999 -39.5942 180.0 20150.0
15.9646 1.5423 4.8087 -174.4999 -39.6665 180.0 20166.6667
15.9625 1.5438 4.8313 -174.4999 -39.7542 180.0 20183.3333
15.9604 1.5453 4.8537 -174.5104 -39.884 180.0 20200.0
15.9584 1.5468 4.8765 -174.5323 -40.0594 179.9999 20216.6667
15.9564 1.5484 4.9002 -174.5591 -40.2322 180.0 20233.3333
15.9545 1.5501 4.9246 -174.6054 -40.3942 179.9999 20250.0
15.9526 1.5517 4.9486 -174.6523 -40.5578 180.0 20266.6667
15.9509 1.5531 4.9716 -174.7132 -40.7611 179.9998 20283.3333
15.9493 1.5546 4.9943 -174.7742 -40.9643 179.9999 20300.0
15.9477 1.5561 5.018 -174.839 -41.1542 179.9999 20316.6667
15.9462 1.5576 5.0424 -174.9065 -41.3344 179.9999 20333.3333
15.9447 1.5591 5.0661 -174.9577 -41.4734 180.0 20350.0
15.9433 1.5605 5.0888 -174.9796 -41.5392 180.0 20366.6667
15.9419 1.5619 5.1117 -175.003 -41.6078 180.0 20383.3333
15.9405 1.5634 5.1354 -175.0437 -41.7095 179.9999 20400.0
15.9392 1.5649 5.1594 -175.0843 -41.8111 180.0 20416.6667
15.9379 1.5662 5.1827 -175.0998 -41.8497 180.0 20433.3333
15.9366 1.5676 5.2054 -175.0999 -41.8497 -180.0 20450.0
15.9353 1.569 5.2284 -175.0999 -41.8582 180.0 20466.6667
15.9339 1.5704 5.2521 -175.0998 -41.8796 180.0 20483.3333
15.9326 1.5719 5.2757 -175.101 -41.9022 180.0 20500.0
15.9314 1.5733 5.299 -175.1219 -41.9439 180.0 20516.6667
15.9301 1.5746 5.3223 -175.1427 -41.9855 180.0 20533.3333
15.9289 1.5761 5.3464 -175.1639 -42.0138 180.0 20550.0
15.9276 1.5775 5.3707 -175.1853 -42.0352 180.0 20566.6667
15.9263 1.5789 5.3943 -175.2599 -42.023 -179.9999 20583.3333
15.925 1.5801 5.4171 -175.4475 -41.9396 -179.9997 20600.0
15.9236 1.5813 5.4399 -175.6348 -41.8563 -180.0 20616.6667
15.9222 1.5826 5.4639 -175.7535 -41.746 -179.9998 20633.3333
15.9208 1.5838 5.4884 -175.8661 -41.6334 -179.9999 20650.0
15.9192 1.585 5.5126 -175.9648 -41.4376 -179.9997 20666.6667
15.9175 1.5862 5.5365 -176.0573 -41.2062 -179.9998 20683.3333
15.9157 1.5873 5.5601 -176.1242 -40.9781 -179.9999 20700.0
15.9139 1.5884 5.5835 -176.1692 -40.7529 -179.9999 20716.6667
15.9121 1.5894 5.6063 -176.1998 -40.5997 -180.0 20733.3333
15.9103 1.5905 5.6288 -176.1998 -40.5997 -180.0 20750.0
15.9085 1.5915 5.6517 -176.1998 -40.5997 -180.0 20766.6667
15.9067 1.5927 5.6759 -176.1998 -40.5997 -180.0 20783.3333
15.9048 1.5939 5.7005 -176.1998 -40.5997 -180.0 20800.0
15.9029 1.595 5.7245 -176.1998 -40.5997 -180.0 20816.6667
15.901 1.5961 5.7478 -176.1998 -40.5997 -180.0 20833.3333
15.8992 1.5972 5.7708 -176.1998 -40.5997 -180.0 20850.0
15.8975 1.5982 5.7936 -176.1998 -40.5997 -180.0 20866.6667
15.8958 1.5993 5.8161 -176.1998 -40.5997 -180.0 20883.3333
15.894 1.6004 5.8383 -176.1998 -40.5997 -180.0 20900.0
15.8922 1.6015 5.8612 -176.1998 -40.5997 -180.0 20916.6667
15.8902 1.6026 5.8857 -176.1998 -40.5997 180.0 20933.3333
15.8883 1.6038 5.9108 -176.1998 -40.5997 180.0 20950.0
15.8865 1.6049 5.935 -176.1998 -40.7042 180.0 20966.6667
15.8848 1.606 5.9583 -176.1998 -40.8844 180.0 20983.3333
15.8832 1.6071 5.9821 -176.2164 -41.0914 179.9999 21000.0
15.8818 1.6082 6.0063 -176.2627 -41.346 179.9999 21016.6667
15.8805 1.6093 6.0292 -176.304 -41.5955 180.0 21033.3333
15.8794 1.6102 6.0499 -176.3247 -41.8247 179.9999 21050.0
15.8783 1.6111 6.0708 -176.3456 -42.0539 180.0 21066.6667
15.8771 1.6122 6.0942 -176.3498 -42.1348 180.0 21083.3333
15.8758 1.6133 6.1197 -176.3498 -42.1786 180.0 21100.0
15.8745 1.6145 6.1457 -176.3498 -42.2477 180.0 21116.6667
15.8733 1.6156 6.1708 -176.3498 -42.3403 180.0 21133.3333
15.8724 1.6167 6.1938 -176.3575 -42.5073 179.9999 21150.0
15.8716 1.6176 6.2151 -176.3788 -42.8065 179.9999 21166.6667
15.871 1.6186 6.2371 -176.4002 -43.1032 180.0 21183.3333
15.8703 1.6197 6.2614 -176.4221 -43.2786 179.9999 21200.0
15.8696 1.6208 6.287 -176.4441 -43.4541 180.0 21216.6667
15.8689 1.6219 6.312 -176.4498 -43.4997 -180.0 21233.3333
15.8683 1.6229 6.336 -176.4498 -43.4997 -180.0 21250.0
15.8677 1.624 6.3594 -176.4498 -43.4997 180.0 21266.6667
15.8671 1.625 6.3824 -176.4498 -43.4997 180.0 21283.3333
15.8665 1.626 6.4051 -176.4585 -43.5347 180.0 21300.0
15.8659 1.627 6.4279 -176.4794 -43.618 180.0 21316.6667
15.8654 1.6279 6.451 -176.5002 -43.7009 180.0 21333.3333
15.8649 1.6289 6.4747 -176.5206 -43.7619 180.0 21350.0
15.8643 1.63 6.4994 -176.5409 -43.8229 180.0 21366.6667
15.8638 1.6311 6.5254 -176.5499 -43.8627 180.0 21383.3333
15.8633 1.6322 6.5518 -176.5499 -43.8858 180.0 21400.0
15.8628 1.6333 6.5771 -176.5499 -43.926 180.0 21416.6667
15.8624 1.6344 6.6013 -176.5499 -43.9918 -180.0 21433.3333
15.8619 1.6354 6.6259 -176.5499 -44.0497 -180.0 21450.0
15.8615 1.6366 6.6521 -176.5499 -44.0497 -180.0 21466.6667
15.861 1.6377 6.6792 -176.5498 -44.0498 -180.0 21483.3333
15.8605 1.6388 6.7061 -176.5498 -44.0498 -180.0 21500.0
15.8601 1.6399 6.7318 -176.5499 -44.0498 -180.0 21516.6667
15.8597 1.6409 6.7555 -176.5499 -44.0498 180.0 21533.3333
15.8593 1.6419 6.7784 -176.5499 -44.0497 180.0 21550.0
15.8588 1.643 6.8033 -176.5499 -44.0497 180.0 21566.6667
15.8584 1.6442 6.8316 -176.5499 -44.0497 -180.0 21583.3333
15.8579 1.6454 6.8602 -176.5499 -44.0497 -180.0 21600.0
15.8575 1.6465 6.8862 -176.5674 -44.1724 180.0 21616.6667
15.8572 1.6476 6.9106 -176.5887 -44.322 180.0 21633.3333
15.8571 1.6486 6.9361 -176.6213 -44.562 179.9998 21650.0
15.8571 1.6497 6.963 -176.6663 -44.8998 179.9998 21666.6667
15.8572 1.6508 6.9896 -176.7055 -45.1897 180.0 21683.3333
15.8574 1.6518 7.0149 -176.7274 -45.3432 179.9999 21700.0
15.8577 1.6528 7.0409 -176.7494 -45.4967 180.0 21716.6667
15.8581 1.6539 7.0683 -176.7927 -45.6932 179.9999 21733.3333
15.8585 1.6549 7.0947 -176.8366 -45.8906 179.9999 21750.0
15.8589 1.6558 7.1167 -176.8762 -46.0824 179.9999 21766.6667
15.8594 1.6565 7.1367 -176.9141 -46.2718 179.9999 21783.3333
15.8601 1.6574 7.1603 -176.9524 -46.4656 180.0 21800.0
15.8611 1.6585 7.1906 -176.9962 -46.7287 179.9998 21816.6667
15.8622 1.6597 7.2224 -177.0402 -46.9919 179.9999 21833.3333
15.8634 1.6606 7.25 -177.0822 -47.2935 179.9998 21850.0
15.8646 1.6614 7.2734 -177.1239 -47.6061 179.9998 21866.6667
15.8658 1.6622 7.2956 -177.1645 -47.8882 179.9999 21883.3333
15.8671 1.663 7.3188 -177.2032 -48.1207 179.9998 21900.0
15.8686 1.6638 7.3437 -177.242 -48.3533 179.9999 21916.6667
15.8704 1.6647 7.371 -177.2995 -48.6998 179.9996 21933.3333
15.8726 1.6656 7.3996 -177.362 -49.0748 179.9997 21950.0
15.875 1.6666 7.4281 -177.4265 -49.5611 179.9996 21966.6667
15.8778 1.6674 7.4557 -177.4939 -50.2142 179.9993 21983.3333
15.8806 1.6682 7.4822 -177.5578 -50.839 179.9999 22000.0
15.8836 1.669 7.5077 -177.6027 -51.3345 179.9996 22016.6667
15.8868 1.6697 7.5334 -177.648 -51.83 180.0 22033.3333
15.8903 1.6704 7.5601 -177.6707 -52.1656 179.9999 22050.0
15.8937 1.6712 7.5859 -177.6927 -52.4945 179.9999 22066.6667
15.8969 1.6718 7.6089 -177.6998 -52.6827 180.0 22083.3333
15.8999 1.6725 7.6306 -177.6998 -52.8047 180.0 22100.0
15.9033 1.6732 7.6553 -177.6998 -52.9151 180.0 22116.6667
15.9074 1.674 7.6842 -177.6998 -52.9845 180.0 22133.3333
15.9115 1.6748 7.7137 -177.7011 -53.0575 180.0 22150.0
15.9154 1.6756 7.7405 -177.7224 -53.1857 179.9999 22166.6667
15.9192 1.6763 7.7656 -177.7438 -53.3139 180.0 22183.3333
15.9229 1.677 7.7907 -177.7498 -53.4331 180.0 22200.0
15.9268 1.6778 7.8163 -177.7498 -53.5489 180.0 22216.6667
15.9307 1.6785 7.842 -177.7498 -53.7331 -180.0 22233.3333
15.9349 1.6792 7.868 -177.7498 -53.9712 180.0 22250.0
15.9393 1.6799 7.8946 -177.7498 -54.2138 -180.0 22266.6667
15.9439 1.6807 7.9218 -177.7498 -54.4615 180.0 22283.3333
15.9486 1.6815 7.9493 -177.7498 -54.6814 -180.0 22300.0
15.9535 1.6823 7.977 -177.7498 -54.813 -180.0 22316.6667
15.9583 1.6831 8.0048 -177.7498 -54.9445 -180.0 22333.3333
15.9632 1.6838 8.0326 -177.7498 -55.0319 180.0 22350.0
15.9683 1.6846 8.0605 -177.7498 -55.1174 180.0 22366.6667
15.9734 1.6854 8.0888 -177.7498 -55.2587 180.0 22383.3333
15.9786 1.6862 8.1167 -177.7498 -55.4341 180.0 22400.0
15.9836 1.6869 8.1429 -177.7498 -55.6661 -180.0 22416.6667
15.9885 1.6876 8.1679 -177.7498 -56.008 -180.0 22433.3333
15.9941 1.6884 8.1952 -177.7498 -56.3498 -180.0 22450.0
16.001 1.6893 8.227 -177.7498 -56.8103 180.0 22466.6667
16.0083 1.6902 8.2601 -177.7498 -57.2709 -180.0 22483.3333
16.0152 1.6911 8.2904 -177.7184 -57.6051 -179.9998 22500.0
16.0216 1.6919 8.3182 -177.6745 -57.8902 -179.9998 22516.6667
16.0281 1.6928 8.3458 -177.6498 -58.1174 180.0 22533.3333
16.035 1.6936 8.3749 -177.6498 -58.271 -180.0 22550.0
16.0424 1.6946 8.4057 -177.6498 -58.4221 180.0 22566.6667
16.0502 1.6955 8.4378 -177.6498 -58.561 180.0 22583.3333
16.0579 1.6965 8.4693 -177.6498 -58.6999 -180.0 22600.0
16.0651 1.6974 8.4986 -177.6498 -58.8249 180.0 22616.6667
16.0721 1.6982 8.5265 -177.6498 -58.9499 180.0 22633.3333
16.0792 1.699 8.5544 -177.6629 -59.1446 179.9999 22650.0
16.0867 1.6999 8.5835 -177.6848 -59.3859 179.9999 22666.6667
16.0951 1.7008 8.615 -177.7074 -59.6185 179.9999 22683.3333
16.1039 1.7017 8.648 -177.7311 -59.8328 179.9999 22700.0
16.1119 1.7026 8.6779 -177.7587 -60.0536 179.9999 22716.6667
16.1188 1.7033 8.7029 -177.7992 -60.2975 179.9997 22733.3333
16.126 1.704 8.7282 -177.84 -60.5414 179.9999 22750.0
16.1348 1.7048 8.7589 -177.9197 -60.8462 179.9994 22766.6667
16.1448 1.7057 8.7929 -178.0124 -61.1704 179.9996 22783.3333
16.1543 1.7064 8.8249 -178.0911 -61.5083 179.9996 22800.0
16.1632 1.7071 8.8536 -178.1606 -61.8556 179.9996 22816.6667
16.1718 1.7077 8.8815 -178.2096 -62.1491 179.9999 22833.3333
16.1806 1.7083 8.9096 -178.2321 -62.3743 179.9999 22850.0
16.1897 1.7089 8.938 -178.264 -62.661 179.9997 22866.6667
16.1993 1.7095 8.9667 -178.3293 -63.1653 179.9992 22883.3333
16.2095 1.7102 8.9961 -178.3958 -63.6696 179.9999 22900.0
16.2203 1.7108 9.0262 -178.4201 -64.2771 179.9997 22916.6667
16.2313 1.7114 9.056 -178.4422 -64.8912 179.9998 22933.3333
16.242 1.712 9.0843 -178.4775 -65.4666 179.9994 22950.0
16.2525 1.7125 9.1114 -178.5202 -66.0222 179.9994 22966.6667
16.2637 1.713 9.1387 -178.5566 -66.7017 179.9997 22983.3333
16.2757 1.7135 9.167 -178.5782 -67.6446 179.9994 23000.0
16.2887 1.714 9.1955 -178.606 -68.5991 179.9995 23016.6667
16.3025 1.7145 9.224 -178.7662 -69.8282 179.9927 23033.3333
16.3167 1.7149 9.252 -178.936 -71.0574 179.996 23050.0
16.3309 1.7152 9.2793 -179.0971 -72.0332 179.9962 23066.6667
16.3453 1.7154 9.306 -179.2548 -72.8666 179.9963 23083.3333
16.3602 1.7156 9.3326 -179.4132 -73.681 179.9971 23100.0
16.3758 1.7157 9.3594 -179.5692 -74.4693 179.9954 23116.6667
16.3916 1.7158 9.3863 -179.7092 -75.1475 179.9999 23133.3333
16.4074 1.7159 9.4132 -179.7565 -75.3856 179.9996 23150.0
16.423 1.7159 9.4395 -179.8038 -75.6243 179.9999 23166.6667
16.4384 1.7159 9.4649 -179.844 -75.8682 179.9995 23183.3333
16.4538 1.716 9.4901 -179.8849 -76.1121 179.9997 23200.0
16.4696 1.716 9.516 -179.9141 -76.3008 179.9999 23216.6667
16.4859 1.7161 9.5426 -179.9366 -76.4585 179.9999 23233.3333
16.5023 1.7161 9.5692 -179.9684 -76.654 179.9997 23250.0
16.5188 1.716 9.5955 179.9867 -76.9017 179.9995 23266.6667
16.5352 1.716 9.6215 179.9413 -77.1314 179.9999 23283.3333
16.5515 1.7159 9.6472 179.8965 -77.2891 179.9997 23300.0
16.568 1.7159 9.673 179.8511 -77.4467 180.0 23316.6667
16.5846 1.7159 9.699 179.8502 -77.5097 -180.0 23333.3333
16.601 1.7158 9.7246 179.8502 -77.5706 180.0 23350.0
16.6166 1.7158 9.7491 179.8502 -77.5999 -180.0 23366.6667
16.632 1.7157 9.773 179.8502 -77.5999 -180.0 23383.3333
16.6482 1.7156 9.7985 179.8502 -77.608 180.0 23400.0
16.6661 1.7155 9.8264 179.8502 -77.6756 -180.0 23416.6667
16.6844 1.7155 9.8547 179.8502 -77.7431 180.0 23433.3333
16.7017 1.7155 9.8815 179.8502 -77.9374 180.0 23450.0
16.7183 1.7154 9.9067 179.8502 -78.1458 -180.0 23466.6667
16.7346 1.7153 9.9308 179.8342 -78.6667 179.9993 23483.3333
16.7513 1.7152 9.9549 179.8116 -79.2973 179.9994 23500.0
16.7689 1.7152 9.9799 179.7887 -79.8889 179.9995 23516.6667
16.7875 1.7151 10.0056 179.7657 -80.4444 179.9993 23533.3333
16.8063 1.715 10.031 179.7502 -81.1404 180.0 23550.0
16.825 1.7149 10.0552 179.7502 -82.0864 -180.0 23566.6667
16.8435 1.7148 10.0785 179.7554 -82.9991 -179.9993 23583.3333
16.8619 1.7147 10.1011 179.7943 -83.7074 -179.9966 23600.0
16.8805 1.7147 10.1234 179.8379 -84.4158 -179.9985 23616.6667
16.8999 1.7147 10.1459 179.9088 -85.1833 -179.9919 23633.3333
16.9202 1.7147 10.1689 179.9996 -85.9716 -179.9926 23650.0
16.9414 1.7147 10.1921 -179.9229 -86.7605 -179.9927 23666.6667
16.963 1.7148 10.2152 -179.862 -87.55 -179.9878 23683.3333
16.9839 1.7149 10.2371 -179.7942 -88.315 -179.9956 23700.0
17.0041 1.715 10.2576 -179.7688 -89.0026 -179.9793 23716.6667
17.0246 1.7151 10.278 -179.723 -89.6902 -179.9834 23733.3333
17.0467 1.7152 10.2996 0.3959 -89.7691 -0.0598 23750.0
17.07 1.7154 10.3221 0.3924 -89.2564 -0.0136 23766.6667
17.0936 1.7156 10.3446 0.4283 -88.8312 -0.0056 23783.3333
17.117 1.7158 10.3667 0.4732 -88.4933 -0.0055 23800.0
17.14 1.7161 10.388 0.5002 -88.1239 0.0 23816.6667
17.1624 1.7162 10.4085 0.5002 -87.6734 0.0 23833.3333
17.1846 1.7164 10.4284 0.5033 -87.2134 -0.0006 23850.0
17.2069 1.7166 10.4479 0.5487 -86.6037 -0.0054 23866.6667
17.2299 1.7168 10.4676 0.5865 -85.9939 -0.0026 23883.3333
17.2546 1.717 10.4881 0.6002 -85.2635 0.0 23900.0
17.2794 1.7173 10.5082 0.6002 -84.4527 0.0 23916.6667
17.3014 1.7175 10.5253 0.6186 -83.3829 -0.0037 23933.3333
17.3208 1.7177 10.5396 0.6596 -81.8907 -0.0059 23950.0
17.3427 1.7179 10.5542 0.6939 -80.3984 -0.0014 23966.6667
17.3715 1.7183 10.5723 0.739 -78.8193 -0.0037 23983.3333
17.4038 1.7186 10.5919 0.7815 -77.2184 -0.0024 24000.0
17.4335 1.719 10.6094 0.8002 -75.9722 0.0 24016.6667
17.4591 1.7193 10.6238 0.8002 -75.0534 0.0 24033.3333
17.4834 1.7196 10.637 0.8002 -74.1171 0.0 24050.0
17.509 1.7198 10.6503 0.8002 -73.1008 0.0 24066.6667
17.5363 1.7201 10.6638 0.8002 -72.0845 0.0 24083.3333
17.5652 1.7204 10.6774 0.7172 -70.8684 0.0042 24100.0
17.595 1.7206 10.6905 0.6084 -69.5745 0.0034 24116.6667
17.6244 1.7208 10.7025 0.5186 -68.1365 0.002 24133.3333
17.6532 1.721 10.7132 0.4504 -66.5149 0.0027 24150.0
17.6826 1.7211 10.7233 0.395 -65.0122 0.0002 24166.6667
17.7128 1.7213 10.7332 0.3722 -63.9311 0.0006 24183.3333
17.7418 1.7214 10.7423 0.3502 -62.85 0.0 24200.0
17.7682 1.7215 10.7503 0.3502 -62.3419 0.0 24216.6667
17.7937 1.7217 10.7579 0.3502 -61.8337 0.0 24233.3333
17.8204 1.7217 10.7657 0.3502 -61.5882 0.0 24250.0
17.8482 1.7218 10.774 0.3502 -61.5662 0.0 24266.6667
17.8752 1.7219 10.782 0.3502 -61.55 0.0 24283.3333
17.9008 1.722 10.7896 0.3502 -61.55 0.0 24300.0
17.9271 1.7222 10.7974 0.3502 -61.55 0.0 24316.6667
17.9561 1.7223 10.8061 0.3502 -61.55 0.0 24333.3333
17.9856 1.7225 10.8148 0.3502 -61.55 0.0 24350.0
18.0124 1.7226 10.8227 0.3502 -61.55 0.0 24366.6667
18.0368 1.7227 10.83 0.3502 -61.55 0.0 24383.3333
18.0624 1.7228 10.8376 0.3502 -61.5382 0.0 24400.0
18.0909 1.723 10.8461 0.3502 -61.4724 0.0 24416.6667
18.1198 1.7231 10.8546 0.3502 -61.4066 0.0 24433.3333
18.1469 1.7232 10.8623 0.3502 -60.8 0.0 24450.0
18.1732 1.7233 10.8691 0.3502 -60.1333 0.0 24466.6667
18.2006 1.7235 10.8753 0.3271 -58.7693 0.0014 24483.3333
18.2295 1.7235 10.8807 0.283 -56.7079 0.0017 24500.0
18.2584 1.7236 10.8848 0.2401 -54.4983 0.0008 24516.6667
18.2866 1.7237 10.8872 0.1963 -51.7632 0.0023 24533.3333
18.314 1.7237 10.8882 0.155 -49.0282 0.0004 24550.0
18.3408 1.7237 10.8879 0.0578 -46.661 0.0042 24566.6667
18.3678 1.7236 10.8867 -0.0431 -44.3439 0.0031 24583.3333
18.3961 1.7236 10.8851 -0.0998 -42.778 0.0 24600.0
18.4256 1.7235 10.8834 -0.0998 -42.2496 0.0 24616.6667
18.4548 1.7235 10.8818 -0.0998 -41.7211 0.0 24633.3333
18.4825 1.7235 10.8802 -0.0998 -41.681 0.0 24650.0
18.5094 1.7234 10.8786 -0.0998 -41.6611 0.0 24666.6667
18.5365 1.7234 10.877 -0.0998 -41.6053 0.0 24683.3333
18.5644 1.7234 10.8752 -0.0998 -41.5037 0.0 24700.0
18.5931 1.7234 10.8733 -0.0998 -41.402 0.0 24716.6667
18.6226 1.7234 10.8713 -0.0998 -41.1277 0.0 24733.3333
18.6519 1.7233 10.869 -0.0998 -40.8499 0.0 24750.0
18.68 1.7233 10.8667 -0.1129 -40.4507 0.0001 24766.6667
18.7072 1.7232 10.8642 -0.1332 -39.9832 0.0001 24783.3333
18.7349 1.7231 10.8612 -0.1572 -39.4975 0.0001 24800.0
18.7637 1.723 10.8579 -0.198 -38.9284 0.0004 24816.6667
18.7919 1.7229 10.8545 -0.2385 -38.3592 0.0002 24833.3333
18.8182 1.7229 10.8511 -0.2629 -37.8477 0.0001 24850.0
18.8438 1.7228 10.8476 -0.2811 -37.3586 0.0002 24866.6667
18.8721 1.7227 10.8432 -0.2991 -36.8695 0.0 24883.3333
18.905 1.7225 10.8375 -0.3805 -35.9499 0.0012 24900.0
18.9402 1.7222 10.8309 -0.4635 -35.0124 0.0007 24916.6667
18.9742 1.722 10.824 -0.538 -34.0954 0.0006 24933.3333
19.0055 1.7218 10.8171 -0.6056 -33.1945 0.0007 24950.0
19.0345 1.7215 10.8103 -0.6847 -32.2751 0.0007 24966.6667
19.0621 1.7212 10.8032 -0.7868 -31.3198 0.0015 24983.3333
