0.0 1.6 0.0 0.0 0.0 0.0 0.0
0.0 1.6 0.0 0.0 0.0 0.0 16.6667
0.0 1.6 0.0 0.0 0.0 0.0 33.3333
0.0 1.6 0.0 0.0 0.0 0.0 50.0
0.0 1.6 0.0 0.0 0.0 0.0 66.6667
0.0 1.6 0.0 0.0 0.0 0.0 83.3333
0.0 1.6 0.0 0.0 0.0 0.0 100.0
0.0 1.6 0.0 0.0 0.0 0.0 116.6667
0.0 1.6 0.0 0.0 0.0 0.0 133.3333
0.0 1.6 0.0 0.0 0.0 0.0 150.0
0.0 1.6 0.0 0.0 0.0 0.0 166.6667
0.0 1.6 0.0 0.0 0.0 0.0 183.3333
0.0 1.6 0.0 0.0 0.0 0.0 200.0
0.0 1.6 0.0 0.0 0.0 0.0 216.6667
0.0 1.6 0.0 0.0 0.0 0.0 233.3333
0.0 1.6 0.0 0.0 0.0 0.0 250.0
0.0 1.6 0.0 0.0 0.0 0.0 266.6667
0.0 1.6 0.0 0.0 0.0 0.0 283.3333
0.0 1.6 0.0 0.0 0.0 0.0 300.0
0.0 1.6 0.0 0.0 0.0 0.0 316.6667
0.0 1.6 0.0 0.0 0.0 0.0 333.3333
0.0 1.6 0.0 0.0 0.0 0.0 350.0
0.0 1.6 0.0 0.0 0.0 0.0 366.6667
0.0 1.6 0.0 0.0 0.0 0.0 383.3333
0.0 1.6 0.0 0.0941 0.0 0.0 400.0
0.0 1.6 0.0 0.4225 -0.0461 0.0 416.6667
0.0 1.6 0.0 0.7854 -0.05 0.0 433.3333
0.0 1.6 0.0 1.1765 -0.05 0.0 450.0
0.0 1.6 0.0 1.9833 -0.05 0.0 466.6667
0.0 1.6 0.0 2.7687 0.0458 0.0 483.3333
0.0 1.6 0.0 3.0353 0.1441 0.0 500.0
0.0 1.6 0.0 3.1882 0.1961 0.0 516.6667
0.0 1.6 0.0 3.2451 0.2 0.0 533.3333
0.0 1.6 0.0 3.25 0.2 0.0 550.0
0.0 1.6 0.0 3.25 0.2 0.0 566.6667
0.0 1.6 0.0 3.25 0.2 0.0 583.3333
0.0 1.6 0.0 3.25 0.2 0.0 600.0
0.0 1.6 0.0 3.25 0.2 0.0 616.6667
0.0 1.6 0.0 3.3402 0.2 0.0 633.3333
0.0 1.6 0.0 3.4824 0.2 0.0 650.0
0.0 1.6 0.0 3.6725 0.2431 0.0 666.6667
0.0 1.6 0.0 4.1031 0.3396 0.0 683.3333
0.0 1.6 0.0 4.4147 0.4382 0.0 700.0
0.0 1.6 0.0 4.6225 0.45 0.0 716.6667
0.0 1.6 0.0 4.7396 0.4948 0.0 733.3333
0.0 1.6 0.0001 4.8382 0.5 0.0 750.0
0.0 1.6 -0.0005 4.8931 0.5 0.0 766.6667
0.0 1.5999 0.0013 4.9 0.5 0.0 783.3333
-0.0003 1.6025 -0.0287 4.9 0.5 0.0 800.0
-0.0006 1.6053 -0.0623 4.9 0.5 0.0 816.6667
-0.0009 1.6081 -0.0945 4.9 0.5 0.0 833.3333
-0.0012 1.6111 -0.1292 4.9 0.5 0.0 850.0
-0.0015 1.6139 -0.1621 4.9 0.5 0.0 866.6667
-0.0017 1.6166 -0.1945 4.9 0.5 0.0 883.3333
-0.002 1.6196 -0.2291 4.9 0.5 0.0 900.0
-0.0023 1.6225 -0.2621 4.9 0.5 0.0 916.6667
-0.0026 1.6253 -0.2947 4.9 0.5 0.0 933.3333
-0.0028 1.6281 -0.3272 4.9 0.5 0.0 950.0
-0.0032 1.631 -0.3617 4.9 0.5 0.0 966.6667
-0.0035 1.6339 -0.3946 4.9 0.5 0.0 983.3333
-0.0037 1.6366 -0.4273 4.9 0.5 0.0 1000.0
-0.004 1.6394 -0.4598 4.8598 0.5 0.0 1016.6667
-0.0043 1.6423 -0.4943 4.85 0.5 0.0 1033.3333
-0.0047 1.6451 -0.5273 4.8088 0.5 0.0 1050.0
-0.0049 1.6479 -0.5598 4.7598 0.5 0.0 1066.6667
-0.0052 1.6505 -0.5938 4.625 0.4167 0.0 1083.3333
-0.0054 1.6533 -0.6294 4.4353 0.3588 0.0 1100.0
-0.0054 1.6537 -0.6342 4.199 0.3098 0.0 1116.6667
-0.0054 1.6536 -0.6328 3.9931 0.2216 0.0 1133.3333
-0.0054 1.6536 -0.6332 3.8687 0.1594 0.0 1150.0
-0.0054 1.6536 -0.6331 3.8098 0.1098 0.0 1166.6667
-0.0054 1.6536 -0.6331 3.7608 0.1 0.0 1183.3333
-0.0054 1.6536 -0.6331 3.75 0.1 0.0 1200.0
-0.0054 1.6536 -0.6331 3.75 0.1 0.0 1216.6667
-0.0054 1.6536 -0.6331 3.75 0.1 0.0 1233.3333
-0.0054 1.6536 -0.6331 3.75 0.1 0.0 1250.0
-0.0054 1.6536 -0.6329 3.75 0.1 0.0 1266.6667
-0.0054 1.6536 -0.6337 3.75 0.1 0.0 1283.3333
-0.0054 1.6534 -0.6307 3.75 0.1 0.0 1300.0
-0.0054 1.6551 -0.6564 3.75 0.1 0.0 1316.6667
-0.0055 1.6575 -0.6926 3.75 0.1 0.0 1333.3333
-0.0056 1.6597 -0.7254 3.75 0.1 0.0 1350.0
-0.0056 1.6618 -0.7581 3.75 0.1 0.0 1366.6667
-0.0057 1.664 -0.7906 3.75 0.1 0.0 1383.3333
-0.0057 1.6662 -0.8251 3.75 0.1 0.0 1400.0
-0.0058 1.6683 -0.8584 3.75 0.1 0.0 1416.6667
-0.0058 1.6705 -0.8907 3.75 0.1 0.0 1433.3333
-0.0059 1.6728 -0.9252 3.75 0.1 0.0 1450.0
-0.006 1.6749 -0.9585 3.75 0.1 0.0 1466.6667
-0.006 1.6771 -0.9912 3.75 0.1 0.0 1483.3333
-0.0061 1.6793 -1.0237 3.75 0.1 0.0 1500.0
-0.0061 1.6813 -1.0581 3.4583 0.0635 0.0 1516.6667
-0.0061 1.6831 -1.0914 3.1686 0.0137 0.0 1533.3333
-0.0061 1.6848 -1.1241 2.9588 -0.0353 0.0 1550.0
-0.006 1.6865 -1.1566 2.8657 -0.0843 0.0 1566.6667
-0.006 1.6882 -1.191 2.85 -0.1 0.0 1583.3333
-0.0059 1.6898 -1.2245 2.85 -0.1 0.0 1600.0
-0.0058 1.6915 -1.2568 2.85 -0.1 0.0 1616.6667
-0.0058 1.6931 -1.2912 2.8146 -0.1 0.0 1633.3333
-0.0057 1.6948 -1.3247 2.6941 -0.1353 0.0 1650.0
-0.0056 1.6961 -1.3573 2.4441 -0.15 0.0 1666.6667
-0.0055 1.6974 -1.3899 2.2167 -0.1833 0.0 1683.3333
-0.0054 1.6986 -1.4242 1.9781 -0.2 0.0 1700.0
-0.0053 1.6996 -1.4578 1.7971 -0.2 0.0 1716.6667
-0.0052 1.7004 -1.4901 1.5167 -0.2333 0.0 1733.3333
-0.005 1.7012 -1.5245 1.2281 -0.25 0.0 1750.0
-0.0049 1.7018 -1.558 0.9441 -0.2843 0.0 1766.6667
-0.0047 1.7022 -1.5907 0.7167 -0.3 0.0 1783.3333
-0.0045 1.7025 -1.6233 0.5529 -0.3 0.0 1800.0
-0.0043 1.7028 -1.6576 0.5 -0.3 0.0 1816.6667
-0.0042 1.7031 -1.6912 0.5 -0.3 0.0 1833.3333
-0.004 1.7033 -1.7235 0.5 -0.3 0.0 1850.0
-0.0038 1.7036 -1.7579 0.5 -0.3 0.0 1866.6667
-0.0036 1.7039 -1.7915 0.5 -0.3 0.0 1883.3333
-0.0035 1.7042 -1.8241 0.5 -0.3 0.0 1900.0
-0.0033 1.7045 -1.8566 0.5 -0.3 0.0 1916.6667
-0.0031 1.7048 -1.891 0.5 -0.3 0.0 1933.3333
-0.0029 1.7051 -1.9246 0.5 -0.3 0.0 1950.0
-0.0028 1.7054 -1.9569 0.5 -0.3 0.0 1966.6667
-0.0026 1.7057 -1.9913 0.5 -0.3 0.0 1983.3333
-0.0024 1.706 -2.0248 0.5 -0.3 0.0 2000.0
-0.0022 1.7063 -2.0575 0.5 -0.3 0.0 2016.6667
-0.0021 1.7066 -2.0901 0.5 -0.3 0.0 2033.3333
-0.0019 1.7068 -2.1243 0.5 -0.3 0.0 2050.0
-0.0017 1.7071 -2.158 0.5 -0.3 0.0 2066.6667
-0.0015 1.7074 -2.1907 0.5 -0.3 0.0 2083.3333
-0.0014 1.7077 -2.2232 0.5 -0.3 0.0 2100.0
-0.0012 1.708 -2.2574 0.5 -0.3 0.0 2116.6667
-0.001 1.7083 -2.2912 0.5 -0.3 0.0 2133.3333
-0.0009 1.7086 -2.3235 0.5 -0.3 0.0 2150.0
-0.0006 1.7089 -2.3577 0.5 -0.3 0.0 2166.6667
-0.0007 1.7092 -2.3914 0.5 -0.3 0.0 2183.3333
0.0006 1.7095 -2.4241 0.5 -0.3 0.0 2200.0
-0.0033 1.7098 -2.4566 0.5 -0.3 0.0 2216.6667
0.0175 1.7101 -2.4908 0.5 -0.3 0.0 2233.3333
0.0541 1.7103 -2.5243 0.5 -0.3 0.0 2250.0
0.0863 1.7106 -2.5567 0.5 -0.3 0.0 2266.6667
0.1183 1.7109 -2.5892 0.5 -0.3 0.0 2283.3333
0.1559 1.7112 -2.6231 0.5 -0.3 0.0 2300.0
0.1708 1.7114 -2.6568 0.3863 -0.3284 0.0 2316.6667
0.1676 1.7115 -2.6894 0.1353 -0.3775 0.0 2333.3333
0.1688 1.7115 -2.722 -0.0529 -0.4 0.0 2350.0
0.1687 1.7113 -2.7561 -0.1542 -0.4 0.0 2366.6667
0.1691 1.7112 -2.79 -0.2 -0.4 0.0 2383.3333
0.1693 1.7112 -2.8223 -0.2 -0.4 0.0 2400.0
0.1695 1.711 -2.8564 -0.2542 -0.4 0.0 2416.6667
0.1698 1.7108 -2.8903 -0.3275 -0.4 0.0 2433.3333
0.17 1.7105 -2.9226 -0.4029 -0.4 0.0 2450.0
0.1702 1.7103 -2.9567 -0.45 -0.4 0.0 2466.6667
0.1705 1.71 -2.9906 -0.45 -0.4 0.0 2483.3333
0.1707 1.7098 -3.0232 -0.45 -0.4 0.0 2500.0
0.1709 1.7096 -3.0558 -0.45 -0.4 0.0 2516.6667
0.1712 1.7092 -3.0898 -0.45 -0.4 0.0 2533.3333
0.1714 1.709 -3.1237 -0.45 -0.4 0.0 2550.0
0.1716 1.7088 -3.156 -0.45 -0.4 0.0 2566.6667
0.1719 1.7084 -3.1901 -0.45 -0.4 0.0 2583.3333
0.1721 1.7082 -3.224 -0.45 -0.4 0.0 2600.0
0.1723 1.7079 -3.2566 -0.45 -0.4 0.0 2616.6667
0.1725 1.7077 -3.2892 -0.45 -0.4 0.0 2633.3333
0.1728 1.7075 -3.3231 -0.45 -0.4 0.0 2650.0
0.173 1.7071 -3.3571 -0.45 -0.4 0.0 2666.6667
0.1732 1.7069 -3.3897 -0.45 -0.4 0.0 2683.3333
0.1735 1.7067 -3.4222 -0.45 -0.4 0.0 2700.0
0.1737 1.7063 -3.4561 -0.45 -0.4 0.0 2716.6667
0.1739 1.7061 -3.4903 -0.45 -0.4 0.0 2733.3333
0.1742 1.7059 -3.5225 -0.45 -0.4 0.0 2750.0
0.1744 1.7056 -3.5566 -0.45 -0.4 0.0 2766.6667
0.1746 1.7054 -3.5906 -0.45 -0.4 0.0 2783.3333
0.1749 1.705 -3.6231 -0.45 -0.4 0.0 2800.0
0.1751 1.7048 -3.6557 -0.45 -0.4 0.0 2816.6667
0.1753 1.7046 -3.6896 -0.45 -0.4 0.0 2833.3333
0.1756 1.7042 -3.7237 -0.45 -0.4 0.0 2850.0
0.1758 1.704 -3.7563 -0.45 -0.4 0.0 2866.6667
0.176 1.7038 -3.7889 -0.45 -0.4 0.0 2883.3333
0.1763 1.7035 -3.8227 -0.45 -0.4 0.0 2900.0
0.1765 1.7033 -3.8568 -0.45 -0.4 0.0 2916.6667
0.1767 1.703 -3.8891 -0.45 -0.4 0.0 2933.3333
0.177 1.7027 -3.9231 -0.45 -0.4 0.0 2950.0
0.1772 1.7025 -3.9572 -0.45 -0.4 0.0 2966.6667
0.1774 1.7022 -3.9897 -0.45 -0.4 0.0 2983.3333
0.1777 1.7019 -4.0224 -0.45 -0.4 0.0 3000.0
0.1779 1.7017 -4.0561 -0.45 -0.4 0.0 3016.6667
0.1782 1.7014 -4.0904 -0.45 -0.4 0.0 3033.3333
0.1784 1.7012 -4.1226 -0.45 -0.4 0.0 3050.0
0.1786 1.7009 -4.1565 -0.45 -0.4 0.0 3066.6667
0.1789 1.7006 -4.1907 -0.45 -0.4 0.0 3083.3333
0.1791 1.7004 -4.2232 -0.45 -0.4 0.0 3100.0
0.1793 1.7001 -4.2561 -0.45 -0.4 0.0 3116.6667
0.1796 1.6998 -4.2887 -0.45 -0.4 0.0 3133.3333
0.1798 1.6996 -4.3224 -0.45 -0.4 0.0 3150.0
0.18 1.6993 -4.3567 -0.45 -0.4 0.0 3166.6667
0.1803 1.6991 -4.389 -0.45 -0.4 0.0 3183.3333
0.1805 1.6988 -4.4227 -0.45 -0.4 0.0 3200.0
0.1807 1.6985 -4.457 -0.45 -0.4 0.0 3216.6667
0.181 1.6983 -4.4893 -0.45 -0.4 0.0 3233.3333
0.1812 1.698 -4.523 -0.45 -0.4 0.0 3250.0
0.1814 1.6977 -4.5573 -0.45 -0.4 0.0 3266.6667
0.1817 1.6975 -4.5898 -0.45 -0.4 0.0 3283.3333
0.1819 1.6972 -4.6228 -0.45 -0.4 0.0 3300.0
0.1821 1.697 -4.6553 -0.45 -0.4 0.0 3316.6667
0.1824 1.6967 -4.6889 -0.45 -0.4 0.0 3333.3333
0.1826 1.6964 -4.7233 -0.45 -0.4 0.0 3350.0
0.1828 1.6962 -4.7556 -0.5 -0.4 0.0 3366.6667
0.1831 1.6958 -4.7892 -0.7167 -0.4 0.0 3383.3333
0.1833 1.6951 -4.8236 -1.1265 -0.4176 0.0 3400.0
0.1836 1.6942 -4.8559 -1.5333 -0.45 0.0 3416.6667
0.1838 1.6932 -4.8895 -1.7333 -0.4667 0.0 3433.3333
0.1841 1.6921 -4.9238 -1.8353 -0.5 0.0 3450.0
0.1844 1.691 -4.9564 -1.9167 -0.5001 0.0 3466.6667
0.1847 1.6899 -4.989 -1.95 -0.5001 0.0 3483.3333
0.185 1.6887 -5.0225 -1.9813 -0.5001 0.0 3500.0
0.1853 1.6875 -5.0568 -2.1 -0.5001 0.0 3516.6667
0.1856 1.6862 -5.0894 -2.2784 -0.5001 0.0 3533.3333
0.1859 1.6848 -5.1221 -2.4794 -0.5001 0.0 3550.0
0.1861 1.6832 -5.1555 -2.5792 -0.5001 0.0 3566.6667
0.1864 1.6816 -5.19 -2.6657 -0.5001 0.0 3583.3333
0.1867 1.6801 -5.2222 -2.7147 -0.5001 0.0 3600.0
0.187 1.6785 -5.2556 -2.75 -0.5001 0.0 3616.6667
0.1873 1.6769 -5.2901 -2.75 -0.5001 0.0 3633.3333
0.1876 1.6753 -5.3226 -2.75 -0.5001 0.0 3650.0
0.1879 1.6738 -5.3553 -2.75 -0.5001 0.0 3666.6667
0.1882 1.6721 -5.3886 -2.75 -0.5001 0.0 3683.3333
0.1885 1.6704 -5.4231 -2.75 -0.5001 0.0 3700.0
0.1888 1.6689 -5.4554 -2.75 -0.5001 0.0 3716.6667
0.1891 1.6673 -5.4887 -2.75 -0.5543 0.0 3733.3333
0.1895 1.6656 -5.5232 -2.7206 -0.7736 0.0 3750.0
0.1901 1.6642 -5.5555 -2.6225 -1.0049 0.0 3766.6667
0.1908 1.6627 -5.5889 -2.55 -1.1907 0.0 3783.3333
0.1916 1.6612 -5.6233 -2.55 -1.3148 0.0 3800.0
0.1923 1.6597 -5.6558 -2.5499 -1.3501 0.0 3816.6667
0.1931 1.6582 -5.6885 -2.5499 -1.3501 0.0 3833.3333
0.1939 1.6568 -5.7218 -2.5499 -1.3501 0.0 3850.0
0.1947 1.6553 -5.7563 -2.5499 -1.3501 0.0 3866.6667
0.1955 1.6538 -5.7888 -2.5499 -1.3501 0.0 3883.3333
0.1963 1.6524 -5.8215 -2.5499 -1.3501 0.0 3900.0
0.1971 1.6509 -5.8547 -2.5499 -1.3501 0.0 3916.6667
0.1978 1.6493 -5.8892 -2.5499 -1.3501 0.0 3933.3333
0.1986 1.6478 -5.9217 -2.5499 -1.3501 0.0 3950.0
0.1994 1.6464 -5.9544 -2.5499 -1.3501 0.0 3966.6667
0.2002 1.6449 -5.9876 -2.5499 -1.3501 0.0 3983.3333
0.201 1.6434 -6.0222 -2.5499 -1.3501 0.0 4000.0
0.2018 1.642 -6.0546 -2.5499 -1.3501 0.0 4016.6667
0.2026 1.6405 -6.0878 -2.5499 -1.3605 0.0 4033.3333
0.2034 1.6389 -6.1223 -2.55 -1.4119 0.0 4050.0
0.2042 1.6375 -6.1549 -2.5715 -1.4932 0.0 4066.6667
0.2052 1.636 -6.1876 -2.6794 -1.7285 -0.0001 4083.3333
0.2065 1.6343 -6.2207 -2.8749 -2.2657 -0.0006 4100.0
0.2086 1.6324 -6.2553 -3.2538 -3.4266 -0.0004 4116.6667
0.211 1.6303 -6.2876 -3.4793 -4.3972 -0.0002 4133.3333
0.214 1.6282 -6.3207 -3.6281 -5.2063 -0.0002 4150.0
0.2179 1.626 -6.355 -3.7608 -6.2726 -0.0001 4166.6667
0.2218 1.6238 -6.3873 -3.8 -7.0079 0.0 4183.3333
0.2261 1.6216 -6.4197 -3.8 -7.4854 0.0 4200.0
0.2305 1.6194 -6.4524 -3.8 -7.6668 0.0 4216.6667
0.2353 1.6172 -6.4867 -3.8 -7.7795 0.0 4233.3333
0.2394 1.615 -6.5188 -3.7912 -7.9442 0.0 4250.0
0.2452 1.6128 -6.5514 -3.75 -8.1918 0.0 4266.6667
0.2453 1.6106 -6.5864 -3.75 -8.4589 0.0 4283.3333
0.215 1.6084 -6.624 -3.75 -8.7442 0.0 4300.0
0.1885 1.6063 -6.6612 -3.75 -9.0442 0.0 4316.6667
0.1611 1.6041 -6.6994 -3.75 -9.6084 0.0 4333.3333
0.1331 1.6018 -6.7395 -3.75 -10.003 0.0 4350.0
0.1068 1.5998 -6.7774 -3.75 -10.2893 0.0 4366.6667
0.0806 1.5976 -6.8155 -3.7569 -10.5413 0.0 4383.3333
0.0543 1.5954 -6.854 -3.8 -10.8563 0.0 4400.0
0.0271 1.593 -6.8949 -3.8 -11.2893 0.0 4416.6667
0.0017 1.5909 -6.9331 -3.8 -11.5276 0.0 4433.3333
-0.024 1.5887 -6.9722 -3.8 -11.7439 0.0 4450.0
-0.0507 1.5864 -7.0134 -3.8 -12.1285 0.0 4466.6667
-0.0754 1.5843 -7.0523 -3.8 -12.5913 0.0 4483.3333
-0.1 1.5821 -7.0915 -3.8 -12.9325 0.0 4500.0
-0.1243 1.5799 -7.1311 -3.8 -13.5918 0.0 4516.6667
-0.1496 1.5776 -7.1733 -3.8 -14.0874 0.0 4533.3333
-0.1727 1.5754 -7.2131 -3.8059 -15.0619 0.0 4550.0
-0.1953 1.5733 -7.2539 -3.8552 -15.9991 0.0 4566.6667
-0.2184 1.5709 -7.2971 -3.9069 -16.953 0.0 4583.3333
-0.2396 1.5686 -7.3381 -3.9559 -17.7236 0.0 4600.0
-0.26 1.5664 -7.3796 -4.0049 -18.8952 -0.0001 4616.6667
-0.2788 1.564 -7.4222 -4.05 -21.2334 0.0 4633.3333
-0.2978 1.5615 -7.4674 -4.0617 -22.4089 -0.0002 4650.0
-0.3139 1.5592 -7.5106 -4.1499 -24.5511 0.0 4666.6667
-0.3286 1.5568 -7.5546 -4.15 -26.6158 0.0 4683.3333
-0.3413 1.5544 -7.5993 -4.1499 -29.2063 0.0 4700.0
-0.3539 1.5519 -7.6467 -4.1499 -30.1825 0.0 4716.6667
-0.3647 1.5495 -7.6916 -4.1499 -31.4668 0.0 4733.3333
-0.375 1.5472 -7.7368 -4.15 -32.3589 0.0 4750.0
-0.3838 1.5448 -7.7823 -4.15 -34.1272 0.0 4766.6667
-0.3925 1.5423 -7.8307 -4.1422 -34.8286 0.0001 4783.3333
-0.3999 1.54 -7.8762 -4.0441 -35.7854 0.0 4800.0
-0.4069 1.5377 -7.9221 -3.95 -36.3814 0.0 4816.6667
-0.4137 1.5353 -7.9708 -3.9384 -37.2649 0.0002 4833.3333
-0.4182 1.5332 -8.0168 -3.7942 -39.2678 0.0001 4850.0
-0.422 1.531 -8.0629 -3.7 -40.3973 0.0 4866.6667
-0.4248 1.529 -8.1092 -3.6979 -41.5751 0.0 4883.3333
-0.4268 1.5268 -8.1584 -3.6 -42.8501 0.0 4900.0
-0.4272 1.5247 -8.2045 -3.5904 -44.5246 0.0002 4916.6667
-0.4261 1.5228 -8.2509 -3.3479 -46.372 0.0 4933.3333
-0.4241 1.5208 -8.3001 -3.2442 -47.4531 0.0001 4950.0
-0.4214 1.519 -8.3461 -3.1461 -48.3414 0.0001 4966.6667
-0.4178 1.5173 -8.3924 -3.05 -49.3786 0.0 4983.3333
-0.4132 1.5155 -8.4385 -3.05 -50.8002 0.0 5000.0
-0.4076 1.5137 -8.4874 -2.95 -51.6296 0.0 5016.6667
-0.4017 1.5121 -8.5332 -2.95 -52.3698 0.0 5033.3333
-0.3949 1.5104 -8.5791 -2.95 -53.3502 0.0 5050.0
-0.3862 1.5085 -8.6275 -2.95 -55.2924 0.0 5066.6667
-0.3762 1.5069 -8.6727 -2.95 -57.5767 0.0 5083.3333
-0.365 1.5052 -8.7177 -2.95 -58.9002 0.0 5100.0
-0.3517 1.5034 -8.762 -3.0479 -61.7924 -0.0001 5116.6667
-0.3341 1.5016 -8.8079 -3.05 -66.0894 0.0 5133.3333
-0.316 1.4999 -8.8505 -3.05 -68.0502 0.0 5150.0
-0.296 1.4982 -8.8925 -2.9031 -70.06 0.0002 5166.6667
-0.3057 1.4982 -8.9257 -2.7456 -73.5188 0.0005 5183.3333
-0.3055 1.4982 -8.9254 -2.5 -76.9502 0.0 5200.0
-0.3055 1.4982 -8.9254 -2.2066 -79.5482 0.0007 5216.6667
-0.3055 1.4982 -8.9254 -1.9154 -83.5875 0.0037 5233.3333
-0.3055 1.4982 -8.9254 -1.6 -87.8502 0.0 5250.0
-0.3055 1.4982 -8.9254 178.5577 -89.6504 179.9895 5266.6667
-0.3055 1.4982 -8.9254 178.6968 -84.3155 179.9973 5283.3333
-0.3055 1.4982 -8.9254 178.8429 -80.3822 179.9983 5300.0
-0.3055 1.4982 -8.9254 178.85 -77.0166 180.0 5316.6667
-0.3055 1.4982 -8.9254 178.9943 -73.779 179.9994 5333.3333
-0.3055 1.4982 -8.9254 179.1419 -70.0263 179.9992 5350.0
-0.3055 1.4982 -8.9254 179.297 -67.6456 179.9998 5366.6667
-0.3055 1.4982 -8.9254 179.4443 -66.2547 179.9998 5383.3333
-0.3055 1.4982 -8.9254 179.45 -65.3057 180.0 5400.0
-0.3055 1.4982 -8.9254 179.45 -63.9135 180.0 5416.6667
-0.3055 1.4982 -8.9254 179.5858 -61.7253 179.9994 5433.3333
-0.3055 1.4982 -8.9254 179.6 -59.5311 -180.0 5450.0
-0.3055 1.4982 -8.9254 179.6 -57.6027 180.0 5466.6667
-0.3055 1.4982 -8.9254 179.6 -55.7361 180.0 5483.3333
-0.3055 1.4982 -8.9254 179.6 -53.6279 -180.0 5500.0
-0.3055 1.4982 -8.9254 179.6 -51.9331 180.0 5516.6667
-0.3055 1.4982 -8.9254 179.6 -51.033 180.0 5533.3333
-0.3055 1.4982 -8.9254 179.6 -50.2438 180.0 5550.0
-0.3055 1.4982 -8.9254 179.8757 -46.9872 179.999 5566.6667
-0.3055 1.4982 -8.9254 179.9 -45.6624 180.0 5583.3333
-0.3055 1.4982 -8.9254 -179.9675 -44.4909 179.9998 5600.0
-0.3055 1.4982 -8.9254 -179.8583 -43.2497 179.9999 5616.6667
-0.3055 1.4982 -8.9254 -179.7146 -41.7968 179.9998 5633.3333
-0.3055 1.4982 -8.9254 -179.7 -40.5909 180.0 5650.0
-0.3055 1.4982 -8.9254 -179.7 -40.1747 180.0 5666.6667
-0.3055 1.4982 -8.9254 -179.6096 -37.4438 179.9997 5683.3333
-0.3055 1.4982 -8.9254 -179.6 -34.7673 180.0 5700.0
-0.3055 1.4982 -8.9254 -179.6 -32.1203 -180.0 5716.6667
-0.3055 1.4982 -8.9254 -179.5104 -30.8091 179.9999 5733.3333
-0.3055 1.4982 -8.9254 -179.5 -29.5085 180.0 5750.0
-0.3055 1.4982 -8.9254 -179.5 -29.3497 180.0 5766.6667
-0.3055 1.4982 -8.9254 -179.5 -28.4222 180.0 5783.3333
-0.3055 1.4982 -8.9254 -179.3685 -25.4934 179.9995 5800.0
-0.3055 1.4982 -8.9254 -179.35 -24.7115 180.0 5816.6667
-0.3055 1.4982 -8.9254 -179.35 -24.5654 180.0 5833.3333
-0.3055 1.4982 -8.9254 -179.35 -24.385 180.0 5850.0
-0.3055 1.4982 -8.9254 -179.35 -23.8799 -180.0 5866.6667
-0.3055 1.4982 -8.9254 -179.35 -22.8301 -180.0 5883.3333
-0.3055 1.4982 -8.9254 -179.4324 -21.2085 -179.9998 5900.0
-0.3055 1.4982 -8.9254 -179.45 -19.6612 -180.0 5916.6667
-0.3055 1.4982 -8.9254 -179.6188 -17.637 -179.9995 5933.3333
-0.3055 1.4982 -8.9254 -179.9386 -14.5821 -179.9985 5950.0
-0.3055 1.4982 -8.9254 179.6781 -11.3468 -179.9981 5966.6667
-0.3055 1.4982 -8.9254 179.5166 -8.908 -179.9997 5983.3333
-0.3057 1.4982 -8.9254 179.5 -7.9732 -180.0 6000.0
-0.3049 1.4982 -8.9255 179.4598 -7.2066 -179.9999 6016.6667
-0.3074 1.4982 -8.9252 179.45 -6.2164 -180.0 6033.3333
-0.2791 1.4982 -8.9282 179.45 -6.0085 -180.0 6050.0
-0.2451 1.4982 -8.9318 179.45 -5.9997 -180.0 6066.6667
-0.2131 1.4982 -8.9351 179.45 -5.9997 180.0 6083.3333
-0.1786 1.4982 -8.9388 179.45 -5.9997 180.0 6100.0
-0.1455 1.4982 -8.9422 179.45 -5.9997 180.0 6116.6667
-0.1133 1.4982 -8.9456 179.4892 -5.9605 180.0 6133.3333
-0.0788 1.4982 -8.9492 179.9469 -5.9497 180.0 6150.0
-0.0458 1.4982 -8.9526 -179.8294 -5.7487 179.9999 6166.6667
-0.0132 1.4982 -8.9556 -179.8 -5.3075 180.0 6183.3333
0.0193 1.4982 -8.9582 -179.647 -4.6262 179.9998 6200.0
0.0539 1.4982 -8.9607 -179.4417 -4.1726 179.9999 6216.6667
0.087 1.4982 -8.9629 -178.851 -3.9036 179.9997 6233.3333
0.1197 1.4982 -8.965 -178.6235 -3.5821 179.9999 6250.0
0.1522 1.4982 -8.9668 -178.6 -3.1272 180.0 6266.6667
0.1867 1.4982 -8.9684 -178.6 -2.807 -180.0 6283.3333
0.2199 1.4982 -8.9702 -178.6 -2.5968 -180.0 6300.0
0.2529 1.4982 -8.9706 -178.6 -2.4752 -180.0 6316.6667
0.2844 1.4981 -8.9756 -178.6 -2.4134 180.0 6333.3333
0.3231 1.4988 -8.9505 -178.525 -2.3622 -180.0 6350.0
0.332 1.4997 -8.9157 -178.4627 -2.2007 180.0 6366.6667
0.3306 1.5005 -8.8838 -178.45 -1.3517 180.0 6383.3333
0.3316 1.5016 -8.8491 -178.45 -0.6747 180.0 6400.0
0.3317 1.5025 -8.8157 -178.45 -0.2517 180.0 6416.6667
0.3316 1.5033 -8.7834 -178.45 0.1405 -180.0 6433.3333
0.3313 1.5043 -8.7488 -178.45 0.4003 180.0 6450.0
0.3311 1.5052 -8.7155 -178.45 0.4503 180.0 6466.6667
0.3308 1.5061 -8.6828 -178.45 0.4503 180.0 6483.3333
0.3306 1.5069 -8.6503 -178.45 0.4503 180.0 6500.0
0.3303 1.5079 -8.6158 -178.45 0.4503 180.0 6516.6667
0.33 1.5088 -8.5825 -178.45 0.4503 180.0 6533.3333
0.3298 1.5096 -8.5497 -178.45 0.4503 180.0 6550.0
0.3295 1.5105 -8.5172 -178.45 0.4503 180.0 6566.6667
0.3292 1.5114 -8.4828 -178.45 0.4503 180.0 6583.3333
0.329 1.5123 -8.4493 -178.45 0.4503 180.0 6600.0
0.3287 1.5132 -8.4169 -178.45 0.4846 180.0 6616.6667
0.3284 1.5141 -8.3825 -178.45 0.5003 180.0 6633.3333
0.3281 1.515 -8.3491 -178.45 0.5356 180.0 6650.0
0.3278 1.5159 -8.3164 -178.45 0.5503 180.0 6666.6667
0.3274 1.5168 -8.2838 -178.45 0.5503 -180.0 6683.3333
0.3271 1.5177 -8.2495 -178.45 0.5503 -180.0 6700.0
0.3268 1.5186 -8.2159 -178.45 0.5503 -180.0 6716.6667
0.3265 1.5195 -8.1836 -178.45 0.5503 -180.0 6733.3333
0.3261 1.5204 -8.1492 -178.45 0.5503 -180.0 6750.0
0.3258 1.5214 -8.1158 -178.45 0.5503 -180.0 6766.6667
0.3255 1.5223 -8.083 -178.45 0.5503 -180.0 6783.3333
0.3252 1.5232 -8.0505 -178.45 0.5503 -180.0 6800.0
0.3249 1.5241 -8.0162 -178.45 0.5503 -180.0 6816.6667
0.3245 1.525 -7.9826 -178.45 0.5503 -180.0 6833.3333
0.3242 1.5259 -7.95 -178.45 0.5503 -180.0 6850.0
0.3239 1.5268 -7.9175 -178.45 0.5817 -180.0 6866.6667
0.3235 1.5277 -7.8832 -178.45 0.6003 -180.0 6883.3333
0.3232 1.5286 -7.8496 -178.45 0.6003 -180.0 6900.0
0.3228 1.5295 -7.8169 -178.45 0.6003 -180.0 6916.6667
0.3225 1.5303 -7.7844 -178.45 0.6003 180.0 6933.3333
0.3221 1.5313 -7.7501 -178.45 0.6003 180.0 6950.0
0.3218 1.5322 -7.7164 -178.45 0.6003 180.0 6966.6667
0.3215 1.533 -7.6842 -178.45 0.6003 180.0 6983.3333
0.3211 1.534 -7.6499 -178.45 0.6003 180.0 7000.0
0.3207 1.5349 -7.6162 -178.45 0.6003 180.0 7016.6667
0.3204 1.5357 -7.5836 -178.45 0.6003 180.0 7033.3333
0.3201 1.5366 -7.5511 -178.45 0.6003 180.0 7050.0
0.3197 1.5375 -7.5168 -178.45 0.6003 180.0 7066.6667
0.3194 1.5385 -7.4831 -178.45 0.6003 180.0 7083.3333
0.319 1.5393 -7.4508 -178.45 0.6003 180.0 7100.0
0.3187 1.5402 -7.4165 -178.4802 0.6003 180.0 7116.6667
0.3183 1.5412 -7.3829 -178.5 0.6003 180.0 7133.3333
0.318 1.542 -7.3502 -178.5 0.6003 180.0 7150.0
0.3176 1.5429 -7.3176 -178.5 0.5719 180.0 7166.6667
0.3173 1.5438 -7.2834 -178.5 0.5503 -180.0 7183.3333
0.317 1.5446 -7.2497 -178.5 0.5503 -180.0 7200.0
0.3167 1.5455 -7.217 -178.5 0.5503 -180.0 7216.6667
0.3163 1.5464 -7.1845 -178.5 0.5503 180.0 7233.3333
0.316 1.5473 -7.1504 -178.5 0.5784 180.0 7250.0
0.3157 1.5481 -7.1166 -178.4716 0.6003 180.0 7266.6667
0.3153 1.5491 -7.084 -178.4225 0.6003 180.0 7283.3333
0.315 1.55 -7.0514 -178.3735 0.6003 -180.0 7300.0
0.3146 1.5509 -7.0174 -178.35 0.6003 -180.0 7316.6667
0.3143 1.552 -6.9834 -178.35 0.6278 -180.0 7333.3333
0.3139 1.5529 -6.9512 -178.3765 0.6503 180.0 7350.0
0.3135 1.5538 -6.9171 -178.4 0.6503 180.0 7366.6667
0.3131 1.5548 -6.8831 -178.4 0.6228 180.0 7383.3333
0.3128 1.5557 -6.8509 -178.4 0.6003 -180.0 7400.0
0.3124 1.5566 -6.8167 -178.3458 0.5732 -180.0 7416.6667
0.3121 1.5577 -6.7829 -178.0529 0.4954 -179.9999 7433.3333
0.3119 1.5591 -6.7503 -177.6647 0.3974 -179.9999 7450.0
0.3117 1.5607 -6.7178 -177.2196 0.2993 -179.9999 7466.6667
0.3117 1.5627 -6.6838 -176.4292 0.1461 -179.9996 7483.3333
0.3117 1.5656 -6.65 -175.1559 -0.0556 -179.9993 7500.0
0.3118 1.5691 -6.6176 -173.9657 -0.2517 -179.9996 7516.6667
0.312 1.573 -6.5852 -173.0588 -0.3987 -179.9998 7533.3333
0.3124 1.5777 -6.5515 -172.05 -0.5497 -179.9995 7550.0
0.3128 1.583 -6.518 -170.9392 -0.6497 -180.0 7566.6667
0.3132 1.5889 -6.486 -169.8118 -0.6987 -179.9997 7583.3333
0.3136 1.595 -6.4539 -169.1294 -0.7497 -180.0 7600.0
0.314 1.6015 -6.4207 -168.8344 -0.7497 -180.0 7616.6667
0.3144 1.6085 -6.3873 -168.1833 -0.7987 -179.9998 7633.3333
0.3149 1.6155 -6.3558 -167.6088 -0.8732 180.0 7650.0
0.3155 1.623 -6.3227 -167.1385 -0.9476 -179.9999 7666.6667
0.3161 1.6309 -6.2895 -166.702 -1.0242 -180.0 7683.3333
0.3167 1.6384 -6.2582 -166.5059 -1.0497 180.0 7700.0
0.3173 1.6465 -6.2251 -166.2562 -1.0497 -180.0 7716.6667
0.3179 1.6548 -6.1921 -165.9039 -1.0987 -179.9999 7733.3333
0.3185 1.6628 -6.1606 -165.6059 -1.1497 -180.0 7750.0
0.3192 1.6711 -6.1291 -165.4098 -1.1497 -180.0 7766.6667
0.3198 1.6798 -6.0963 -165.1167 -1.2184 -179.9999 7783.3333
0.3207 1.6888 -6.0635 -164.6412 -1.3703 -179.9998 7800.0
0.3215 1.6976 -6.0322 -164.2598 -1.4497 -180.0 7816.6667
0.3222 1.7066 -6.0008 -164.1069 -1.4497 -180.0 7833.3333
0.3231 1.7159 -5.9683 -163.9406 -1.4716 -180.0 7850.0
0.324 1.7255 -5.9355 -163.7549 -1.4997 -180.0 7866.6667
0.3247 1.7347 -5.9043 -163.6784 -1.4997 180.0 7883.3333
0.3256 1.7438 -5.8729 -163.65 -1.4997 180.0 7900.0
0.3264 1.7533 -5.8406 -163.65 -1.4997 180.0 7916.6667
0.3273 1.7629 -5.8077 -163.65 -1.4997 180.0 7933.3333
0.3281 1.772 -5.7768 -163.65 -1.4997 180.0 7950.0
0.3289 1.7816 -5.7443 -163.65 -1.4997 180.0 7966.6667
0.3298 1.7912 -5.7116 -163.6499 -1.4997 180.0 7983.3333
0.3306 1.8004 -5.6803 -163.65 -1.4997 180.0 8000.0
0.3314 1.8095 -5.649 -163.65 -1.4997 180.0 8016.6667
0.3323 1.819 -5.6167 -163.7292 -1.4997 180.0 8033.3333
0.3331 1.8285 -5.5837 -163.9118 -1.4997 180.0 8050.0
0.3339 1.8373 -5.5528 -164.0392 -1.4801 -180.0 8066.6667
0.3348 1.8466 -5.5203 -164.1594 -1.4497 -180.0 8083.3333
0.3356 1.8559 -5.4873 -164.2912 -1.4497 -180.0 8100.0
0.3364 1.8646 -5.456 -164.3696 -1.4497 180.0 8116.6667
0.3372 1.8734 -5.4246 -164.4373 -1.4497 -180.0 8133.3333
0.338 1.8823 -5.3921 -164.5188 -1.431 -180.0 8150.0
0.3388 1.8915 -5.359 -164.5696 -1.3997 -180.0 8166.6667
0.3396 1.9001 -5.3279 -164.5999 -1.3997 -180.0 8183.3333
0.3404 1.909 -5.2954 -164.6187 -1.3997 -180.0 8200.0
0.3412 1.9181 -5.2623 -164.65 -1.3997 180.0 8216.6667
0.342 1.9267 -5.2309 -164.65 -1.3997 -180.0 8233.3333
0.3427 1.9354 -5.1994 -164.65 -1.3997 -180.0 8250.0
0.3435 1.9442 -5.167 -164.65 -1.3997 -180.0 8266.6667
0.3443 1.9534 -5.134 -164.65 -1.3997 -180.0 8283.3333
0.3451 1.962 -5.1025 -164.65 -1.3997 -180.0 8300.0
0.3459 1.9706 -5.0711 -164.65 -1.3997 -180.0 8316.6667
0.3467 1.9795 -5.0387 -164.65 -1.3997 -180.0 8333.3333
0.3475 1.9886 -5.0056 -164.65 -1.3997 -180.0 8350.0
0.3482 1.9972 -4.9744 -164.65 -1.3997 -180.0 8366.6667
0.349 2.0061 -4.942 -164.6667 -1.3997 -180.0 8383.3333
0.3498 2.0152 -4.9089 -164.7 -1.3997 -180.0 8400.0
0.3506 2.0237 -4.8775 -164.7333 -1.3997 -180.0 8416.6667
0.3513 2.0322 -4.846 -164.9098 -1.3997 -180.0 8433.3333
0.3521 2.0408 -4.8136 -165.1969 -1.3997 -180.0 8450.0
0.353 2.0494 -4.7802 -165.5333 -1.3997 180.0 8466.6667
0.3537 2.0571 -4.7488 -166.0941 -1.3997 180.0 8483.3333
0.3546 2.065 -4.7163 -166.3938 -1.3997 180.0 8500.0
0.3554 2.073 -4.6828 -166.75 -1.3997 180.0 8516.6667
0.3562 2.0799 -4.651 -167.7716 -1.4468 179.9994 8533.3333
0.3571 2.0857 -4.6188 -169.6147 -1.6085 179.9997 8550.0
0.3581 2.0913 -4.586 -170.3667 -1.7789 179.9999 8566.6667
0.3592 2.0968 -4.5519 -170.8225 -1.8811 179.9999 8583.3333
0.3603 2.1017 -4.5199 -171.2882 -1.9791 179.9999 8600.0
0.3614 2.1066 -4.4868 -171.5875 -2.0497 180.0 8616.6667
0.3627 2.1115 -4.4527 -171.8314 -2.0654 180.0 8633.3333
0.3638 2.1161 -4.4205 -171.9588 -2.0997 180.0 8650.0
0.3651 2.1205 -4.3881 -172.1275 -2.0997 180.0 8666.6667
0.3663 2.125 -4.3551 -172.2813 -2.0997 -180.0 8683.3333
0.3676 2.1295 -4.3209 -172.5294 -2.0997 -180.0 8700.0
0.3687 2.1337 -4.2886 -172.6549 -2.1134 180.0 8716.6667
0.3699 2.1377 -4.2563 -172.8382 -2.1497 -180.0 8733.3333
0.3712 2.1418 -4.2232 -172.975 -2.1497 -180.0 8750.0
0.3725 2.1459 -4.1889 -173.1461 -2.1634 180.0 8766.6667
0.3737 2.1497 -4.1567 -173.4637 -2.1997 180.0 8783.3333
0.375 2.1532 -4.1241 -173.7088 -2.2232 180.0 8800.0
0.3763 2.1567 -4.0911 -173.9228 -2.2997 180.0 8816.6667
0.3777 2.1602 -4.0567 -174.1657 -2.3252 179.9999 8833.3333
0.379 2.1632 -4.0244 -174.7088 -2.4232 180.0 8850.0
0.3805 2.1662 -3.9912 -174.9688 -2.4997 180.0 8866.6667
0.382 2.169 -3.9568 -175.2637 -2.5252 180.0 8883.3333
0.3836 2.1716 -3.9245 -175.5206 -2.5997 180.0 8900.0
0.385 2.1739 -3.8913 -175.9104 -2.5997 180.0 8916.6667
0.3866 2.176 -3.8569 -176.6029 -2.5997 180.0 8933.3333
0.3881 2.1775 -3.8244 -177.1794 -2.5997 180.0 8950.0
0.3895 2.1789 -3.7917 -177.7401 -2.5997 180.0 8966.6667
0.391 2.1799 -3.7585 -178.3437 -2.5893 -180.0 8983.3333
0.3926 2.1806 -3.7239 -178.7823 -2.5497 180.0 9000.0
0.394 2.1811 -3.6914 -179.1038 -2.5497 180.0 9016.6667
0.3955 2.1815 -3.6587 -179.3293 -2.5497 -180.0 9033.3333
0.397 2.1817 -3.6256 -179.4781 -2.5497 -180.0 9050.0
0.3985 2.182 -3.591 -179.5999 -2.5497 -180.0 9066.6667
0.4 2.1822 -3.5585 -179.5999 -2.5497 -180.0 9083.3333
0.4014 2.1824 -3.5258 -179.5999 -2.5497 -180.0 9100.0
0.4028 2.1826 -3.4927 -179.5999 -2.5497 180.0 9116.6667
0.4044 2.183 -3.458 -179.5999 -2.5497 -180.0 9133.3333
0.4059 2.1831 -3.4256 -179.5999 -2.5497 -180.0 9150.0
0.4073 2.1833 -3.3924 -179.5999 -2.5497 -180.0 9166.6667
0.4089 2.1836 -3.3578 -179.6195 -2.5497 -180.0 9183.3333
0.4104 2.1837 -3.3252 -179.744 -2.5321 -180.0 9200.0
0.4117 2.1838 -3.2925 -179.9499 -2.4497 -180.0 9216.6667
0.4131 2.1838 -3.2595 -179.9864 -2.4424 -180.0 9233.3333
0.4146 2.1836 -3.2248 179.4648 -2.3997 180.0 9250.0
0.4159 2.1823 -3.1924 177.7589 -2.3997 180.0 9266.6667
0.4173 2.1804 -3.1594 176.7595 -2.3851 -179.9998 9283.3333
0.4187 2.1775 -3.1249 175.2354 -2.2732 -179.9999 9300.0
0.4199 2.1744 -3.0924 174.6766 -2.1419 -180.0 9316.6667
0.4211 2.1713 -3.0598 174.5501 -2.0997 -180.0 9333.3333
0.4222 2.1682 -3.027 174.4751 -2.0872 -179.9999 9350.0
0.4235 2.1644 -2.9924 173.9266 -1.9997 -180.0 9366.6667
0.4247 2.1609 -2.9601 173.8001 -1.9997 -180.0 9383.3333
0.4257 2.1574 -2.9274 173.8001 -1.9997 -180.0 9400.0
0.4269 2.1538 -2.8947 173.6959 -1.9997 -180.0 9416.6667
0.4281 2.1494 -2.8602 172.7383 -1.9928 -180.0 9433.3333
0.4292 2.1451 -2.828 172.2619 -1.9497 -180.0 9450.0
0.4303 2.1402 -2.7953 171.5011 -1.9445 -180.0 9466.6667
0.4315 2.1344 -2.761 170.6226 -1.8928 -180.0 9483.3333
0.4325 2.1291 -2.729 170.4325 -1.8497 -180.0 9500.0
0.4335 2.1234 -2.6964 170.2845 -1.8445 -180.0 9516.6667
0.4347 2.1175 -2.6622 170.1226 -1.7928 -180.0 9533.3333
0.4356 2.1118 -2.6302 169.9325 -1.7438 -180.0 9550.0
0.4365 2.106 -2.5979 169.7952 -1.6997 -180.0 9566.6667
0.4375 2.1001 -2.5658 169.7501 -1.6997 -180.0 9583.3333
0.4385 2.0943 -2.5334 169.7501 -1.6997 -180.0 9600.0
0.4395 2.0881 -2.4992 169.7501 -1.6997 -180.0 9616.6667
0.4404 2.0823 -2.4671 169.7501 -1.6997 180.0 9633.3333
0.4414 2.0764 -2.4347 169.7501 -1.6997 180.0 9650.0
0.4424 2.0703 -2.4005 169.7501 -1.6997 180.0 9666.6667
0.4434 2.0644 -2.3683 169.7501 -1.6997 180.0 9683.3333
0.4443 2.0587 -2.3361 169.7501 -1.6997 180.0 9700.0
0.4452 2.0528 -2.3038 169.7501 -1.6997 180.0 9716.6667
0.4463 2.0466 -2.2695 169.7501 -1.6997 180.0 9733.3333
0.4473 2.0408 -2.2374 169.7501 -1.6997 180.0 9750.0
0.4482 2.035 -2.2051 169.7501 -1.6997 180.0 9766.6667
0.4492 2.0287 -2.1708 169.7501 -1.6997 180.0 9783.3333
0.4502 2.023 -2.1387 169.7501 -1.6997 180.0 9800.0
0.4511 2.0171 -2.1064 169.7501 -1.6997 180.0 9816.6667
0.4521 2.0113 -2.0741 169.7501 -1.6997 180.0 9833.3333
0.4531 2.005 -2.0399 169.7501 -1.6997 180.0 9850.0
0.454 1.9993 -2.0077 169.7501 -1.6997 180.0 9866.6667
0.455 1.9934 -1.9754 169.7501 -1.6997 180.0 9883.3333
0.4561 1.9872 -1.9413 169.7501 -1.6997 180.0 9900.0
0.4569 1.9814 -1.9091 169.7501 -1.6997 180.0 9916.6667
0.4579 1.9756 -1.8769 169.7501 -1.6997 180.0 9933.3333
0.4589 1.9697 -1.8446 169.7501 -1.6997 180.0 9950.0
0.4599 1.9636 -1.8104 169.7501 -1.6997 180.0 9966.6667
0.4608 1.9577 -1.7782 169.7501 -1.6997 180.0 9983.3333
0.4618 1.9519 -1.7459 169.7501 -1.6997 180.0 10000.0
0.4628 1.9457 -1.7117 169.7501 -1.6997 180.0 10016.6667
0.4638 1.9399 -1.6795 169.7501 -1.6997 180.0 10033.3333
0.4647 1.934 -1.6472 169.7501 -1.6997 180.0 10050.0
0.4657 1.9282 -1.615 169.7501 -1.6997 180.0 10066.6667
0.4667 1.922 -1.5807 169.7501 -1.6997 180.0 10083.3333
0.4677 1.9162 -1.5485 169.7501 -1.6997 180.0 10100.0
0.4687 1.9103 -1.5163 169.7501 -1.6997 180.0 10116.6667
0.4696 1.9042 -1.4821 169.7501 -1.6997 180.0 10133.3333
0.4706 1.8983 -1.4498 169.7501 -1.6997 180.0 10150.0
0.4716 1.8924 -1.4175 169.7501 -1.6997 180.0 10166.6667
0.4726 1.8866 -1.3853 169.7501 -1.6997 180.0 10183.3333
0.4735 1.8804 -1.3511 169.7501 -1.6997 180.0 10200.0
0.4745 1.8746 -1.3188 169.7501 -1.6997 180.0 10216.6667
0.4755 1.8687 -1.2866 169.7501 -1.6997 180.0 10233.3333
0.4764 1.863 -1.2545 169.7501 -1.6997 180.0 10250.0
0.4774 1.8567 -1.2203 169.7501 -1.6997 180.0 10266.6667
0.4784 1.8509 -1.188 169.7501 -1.6997 180.0 10283.3333
0.4793 1.8451 -1.1558 169.7501 -1.6997 180.0 10300.0
0.4804 1.8389 -1.1216 169.7501 -1.6997 180.0 10316.6667
0.4813 1.833 -1.0892 169.7501 -1.6997 -180.0 10333.3333
0.4822 1.8272 -1.057 169.7501 -1.6997 -180.0 10350.0
0.4832 1.8214 -1.0249 169.7501 -1.6997 -180.0 10366.6667
0.4843 1.8152 -0.9907 169.8459 -1.6997 -180.0 10383.3333
0.4851 1.8095 -0.9582 169.8972 -1.6997 -180.0 10400.0
0.4861 1.8039 -0.9261 170.0383 -1.6997 180.0 10416.6667
0.4872 1.7979 -0.8918 170.1459 -1.6997 -180.0 10433.3333
0.4881 1.7923 -0.8594 170.1972 -1.7468 180.0 10450.0
0.4892 1.7869 -0.8271 170.5226 -1.8419 -180.0 10466.6667
0.4903 1.7819 -0.7947 171.1364 -1.9399 -179.9999 10483.3333
0.4914 1.7769 -0.7625 171.2442 -1.9497 -180.0 10500.0
0.4926 1.7717 -0.7281 171.3876 -1.9955 -180.0 10516.6667
0.4937 1.7668 -0.6956 171.4903 -1.9997 -180.0 10533.3333
0.4949 1.762 -0.6633 171.5442 -1.9997 -180.0 10550.0
0.4961 1.7569 -0.629 171.5959 -2.0455 -180.0 10566.6667
0.4974 1.7522 -0.5964 171.6452 -2.0497 180.0 10583.3333
0.4979 1.7475 -0.564 171.6942 -2.0497 180.0 10600.0
0.5015 1.7427 -0.5318 171.7001 -2.0497 180.0 10616.6667
0.4713 1.7377 -0.4962 171.7897 -2.0497 180.0 10633.3333
0.4388 1.733 -0.4623 171.8442 -2.0497 180.0 10650.0
0.4076 1.7285 -0.429 171.9364 -2.0928 -180.0 10666.6667
0.3741 1.7237 -0.3933 172.0397 -2.1445 -180.0 10683.3333
0.3423 1.7191 -0.3594 172.1383 -2.1938 -180.0 10700.0
0.3115 1.7147 -0.3257 172.1501 -2.1997 -180.0 10716.6667
0.2774 1.7102 -0.2921 172.1923 -2.2419 -180.0 10733.3333
0.275 1.7056 -0.2576 172.3313 -2.3372 -180.0 10750.0
0.2772 1.7013 -0.2248 172.4795 -2.4791 -180.0 10766.6667
0.2784 1.6971 -0.1924 172.5423 -2.5419 -180.0 10783.3333
0.28 1.6929 -0.1601 172.6325 -2.6321 -180.0 10800.0
0.2816 1.6884 -0.1257 172.6928 -2.6924 -180.0 10816.6667
0.2832 1.6842 -0.0929 172.7423 -2.7419 -180.0 10833.3333
0.2847 1.6802 -0.0606 172.7913 -2.7909 -180.0 10850.0
0.2864 1.6758 -0.0263 172.8001 -2.7997 -180.0 10866.6667
0.288 1.6717 0.0066 172.8423 -2.8419 -180.0 10883.3333
0.2897 1.6677 0.0388 172.8501 -2.8909 -180.0 10900.0
0.2915 1.6633 0.0731 172.8501 -2.8997 -180.0 10916.6667
0.293 1.6592 0.1059 172.8501 -2.8997 -180.0 10933.3333
0.2947 1.6551 0.1385 172.8913 -2.8997 -180.0 10950.0
0.2964 1.6511 0.1707 172.9001 -2.9399 -180.0 10966.6667
0.2981 1.6469 0.2051 172.9418 -2.9497 -180.0 10983.3333
0.2998 1.6428 0.2379 172.9501 -2.9497 -180.0 11000.0
0.3015 1.6388 0.2704 172.9903 -2.9899 -180.0 11016.6667
0.3033 1.6349 0.3027 173.0393 -3.0781 -180.0 11033.3333
0.3052 1.6307 0.337 173.1313 -3.1403 -180.0 11050.0
0.3069 1.6268 0.3699 173.1903 -3.1899 -180.0 11066.6667
0.3088 1.6229 0.4024 173.2393 -3.2389 -180.0 11083.3333
0.3107 1.6191 0.4347 173.3266 -3.3644 -180.0 11100.0
0.3128 1.6152 0.469 173.3897 -3.4789 -180.0 11116.6667
0.3149 1.6114 0.502 173.4785 -3.5389 -180.0 11133.3333
0.3169 1.6077 0.5342 173.5383 -3.6262 -180.0 11150.0
0.3191 1.6039 0.5685 173.6688 -3.808 -180.0 11166.6667
0.3214 1.6004 0.6015 173.7785 -3.9281 -180.0 11183.3333
0.3237 1.5969 0.6337 173.8766 -4.0262 -180.0 11200.0
0.3262 1.5932 0.668 173.9397 -4.1685 -180.0 11216.6667
0.3287 1.5897 0.7009 173.9893 -4.2389 -180.0 11233.3333
0.3311 1.5863 0.7334 174.0383 -4.3262 -180.0 11250.0
0.3336 1.583 0.7657 174.0874 -4.387 -180.0 11266.6667
0.3362 1.5794 0.8001 174.1001 -4.3998 -180.0 11283.3333
0.3388 1.576 0.833 174.1383 -4.4762 -180.0 11300.0
0.3414 1.5727 0.8655 174.1501 -4.537 -180.0 11316.6667
0.344 1.5694 0.8978 174.2226 -4.6586 -180.0 11333.3333
0.347 1.5659 0.932 174.2501 -4.7373 -180.0 11350.0
0.3488 1.5626 0.9652 174.2501 -4.7498 180.0 11366.6667
0.3553 1.5594 0.9969 174.2864 -4.8223 -180.0 11383.3333
0.3315 1.5559 1.0335 174.3376 -4.8873 -180.0 11400.0
0.2994 1.5527 1.0696 174.3874 -4.8998 -180.0 11416.6667
0.2701 1.5495 1.1047 174.4364 -4.9361 -180.0 11433.3333
0.2404 1.5463 1.1398 174.4501 -4.9851 -180.0 11450.0
0.2091 1.5431 1.1771 174.5959 -5.0727 -180.0 11466.6667
0.1787 1.54 1.2134 174.7226 -5.1723 -180.0 11483.3333
0.1496 1.5372 1.2484 174.856 -5.2704 -180.0 11500.0
0.1181 1.5341 1.2859 174.973 -5.3363 -180.0 11516.6667
0.0889 1.5313 1.322 175.1452 -5.4586 -179.9999 11533.3333
0.0563 1.5287 1.3581 175.3766 -5.641 -179.9999 11550.0
0.0507 1.5261 1.3912 175.553 -5.7341 -180.0 11566.6667
0.0562 1.5235 1.4251 175.6709 -5.7498 -180.0 11583.3333
0.0591 1.5211 1.4584 175.7707 -5.7851 -180.0 11600.0
0.0626 1.5188 1.4908 175.8687 -5.8341 -180.0 11616.6667
0.0658 1.5164 1.5231 175.9334 -5.8498 -180.0 11633.3333
0.0693 1.514 1.5572 176.0188 -5.8842 -180.0 11650.0
0.0728 1.5118 1.5905 176.1187 -5.9341 -180.0 11666.6667
0.0762 1.5097 1.6226 176.1834 -5.9831 -180.0 11683.3333
0.0798 1.5074 1.6568 176.2688 -6.0342 -180.0 11700.0
0.0833 1.5053 1.69 176.3344 -6.0498 -180.0 11716.6667
0.0867 1.5031 1.7225 176.3501 -6.0498 -180.0 11733.3333
0.0902 1.501 1.7548 176.3825 -6.0822 -180.0 11750.0
0.0939 1.499 1.7889 176.4334 -6.1331 -180.0 11766.6667
0.0974 1.4969 1.8222 176.4501 -6.1498 -180.0 11783.3333
0.1009 1.4949 1.8545 176.4825 -6.1498 -180.0 11800.0
0.1044 1.4929 1.8868 176.5001 -6.1498 -180.0 11816.6667
0.1081 1.4908 1.9209 176.5001 -6.1498 -180.0 11833.3333
0.1118 1.4888 1.9543 176.5325 -6.1822 -180.0 11850.0
0.1152 1.4869 1.9864 176.5815 -6.1998 -180.0 11866.6667
0.1189 1.4848 2.0205 176.6324 -6.1998 -180.0 11883.3333
0.1225 1.4829 2.0538 176.6825 -6.2322 -180.0 11900.0
0.1261 1.481 2.0862 176.7315 -6.2498 -180.0 11916.6667
0.1297 1.4791 2.1186 176.7805 -6.2498 -180.0 11933.3333
0.1333 1.4773 2.1526 176.8001 -6.2498 -180.0 11950.0
0.137 1.4754 2.186 176.8315 -6.2498 180.0 11966.6667
0.1406 1.4736 2.218 176.8501 -6.2498 -180.0 11983.3333
0.1442 1.4718 2.2521 176.8814 -6.2498 -180.0 12000.0
0.1479 1.47 2.2855 176.9315 -6.2498 -180.0 12016.6667
0.1515 1.4682 2.3179 176.9501 -6.2498 -180.0 12033.3333
0.155 1.4664 2.3502 176.9501 -6.2498 -180.0 12050.0
0.1587 1.4647 2.3842 176.9501 -6.2498 -180.0 12066.6667
0.1624 1.4629 2.4177 176.9501 -6.2498 -180.0 12083.3333
0.1659 1.4611 2.45 176.9501 -6.2498 -180.0 12100.0
0.1695 1.4594 2.4823 176.9501 -6.2498 -180.0 12116.6667
0.1732 1.4576 2.5162 176.9501 -6.2498 -180.0 12133.3333
0.1768 1.4558 2.5498 176.9501 -6.2498 -180.0 12150.0
0.1804 1.4541 2.5818 176.9501 -6.2498 -180.0 12166.6667
0.1841 1.4523 2.6158 176.9501 -6.2498 -180.0 12183.3333
0.1877 1.4504 2.6493 176.9501 -6.2498 -180.0 12200.0
0.1916 1.4487 2.6817 176.9501 -6.2498 -180.0 12216.6667
0.1941 1.447 2.7141 176.9501 -6.2498 -180.0 12233.3333
0.2012 1.4452 2.7476 176.9501 -6.2498 -180.0 12250.0
0.1857 1.4434 2.7834 176.9501 -6.2498 -180.0 12266.6667
0.1538 1.4416 2.8193 176.9501 -6.2498 -180.0 12283.3333
0.1244 1.4398 2.8568 176.9501 -6.2498 -180.0 12300.0
0.0942 1.4381 2.8941 176.9501 -6.2498 -180.0 12316.6667
0.0655 1.4363 2.93 176.9501 -6.2498 -180.0 12333.3333
0.0364 1.4346 2.9659 176.9501 -6.2498 -180.0 12350.0
0.0071 1.4327 3.0034 176.9501 -6.2498 -180.0 12366.6667
-0.0263 1.431 3.0411 176.9501 -6.2498 180.0 12383.3333
-0.0373 1.4293 3.0747 176.9501 -6.2498 180.0 12400.0
-0.0305 1.4274 3.1082 176.9501 -6.2498 -180.0 12416.6667
-0.0276 1.4256 3.1419 176.9501 -6.2498 -180.0 12433.3333
-0.0239 1.4238 3.1743 176.9501 -6.2498 -180.0 12450.0
-0.0203 1.4221 3.2066 176.9501 -6.2498 180.0 12466.6667
-0.0166 1.4204 3.2404 176.9501 -6.2498 -180.0 12483.3333
-0.013 1.4185 3.2741 176.9501 -6.2498 180.0 12500.0
-0.0094 1.4168 3.3065 176.9501 -6.2498 -180.0 12516.6667
-0.0058 1.415 3.3389 176.9501 -6.2498 180.0 12533.3333
-0.0022 1.4133 3.3726 176.9501 -6.2498 180.0 12550.0
0.0015 1.4115 3.4064 176.9501 -6.2498 -180.0 12566.6667
0.005 1.4098 3.4384 176.9991 -6.2498 -180.0 12583.3333
0.0088 1.408 3.4722 177.0501 -6.2498 180.0 12600.0
0.0125 1.4062 3.5059 177.0501 -6.2753 -180.0 12616.6667
0.016 1.4046 3.5383 177.0991 -6.2998 -180.0 12633.3333
0.0196 1.403 3.5706 177.1501 -6.2998 -180.0 12650.0
0.0233 1.4013 3.6043 177.198 -6.2998 -180.0 12666.6667
0.027 1.3998 3.6381 177.3236 -6.2998 -180.0 12683.3333
0.0306 1.3983 3.6704 177.4707 -6.3233 -180.0 12700.0
0.0342 1.3969 3.7028 177.6177 -6.3723 -180.0 12716.6667
0.038 1.3957 3.7364 177.8605 -6.4456 -179.9999 12733.3333
0.0419 1.3946 3.7703 178.1677 -6.5469 -179.9999 12750.0
0.0456 1.3937 3.8024 178.4805 -6.6449 -179.9999 12766.6667
0.0496 1.393 3.8361 178.7459 -6.7227 -180.0 12783.3333
0.0537 1.3923 3.8699 178.9413 -6.7969 -179.9999 12800.0
0.0575 1.392 3.9023 179.3481 -6.8949 -179.9999 12816.6667
0.0615 1.3919 3.9346 179.8442 -7.0145 -179.9999 12833.3333
0.0657 1.392 3.9681 -179.8562 -7.1217 -180.0 12850.0
0.07 1.3922 4.0021 -179.6872 -7.1949 -179.9999 12866.6667
0.0741 1.3924 4.034 -179.4636 -7.2929 -180.0 12883.3333
0.0785 1.3929 4.0676 -179.2843 -7.3498 -180.0 12900.0
0.0828 1.3934 4.1014 -179.1999 -7.3498 -180.0 12916.6667
0.087 1.3938 4.1337 -179.1999 -7.3498 180.0 12933.3333
0.0911 1.3943 4.1661 -179.1999 -7.3498 180.0 12950.0
0.0956 1.3948 4.1996 -179.1999 -7.3499 180.0 12966.6667
0.0993 1.3952 4.2336 -179.1999 -7.3499 180.0 12983.3333
0.1063 1.3957 4.2656 -179.1999 -7.3499 -180.0 13000.0
0.0981 1.3962 4.2995 -179.1999 -7.3499 -180.0 13016.6667
0.0655 1.3966 4.3377 -179.1999 -7.3499 180.0 13033.3333
0.0369 1.3971 4.376 -179.1999 -7.3499 180.0 13050.0
0.0087 1.3976 4.4121 -179.1999 -7.3499 180.0 13066.6667
-0.0205 1.398 4.45 -179.1999 -7.3499 180.0 13083.3333
-0.0501 1.3985 4.4884 -179.1999 -7.3499 180.0 13100.0
-0.0782 1.399 4.5246 -179.1999 -7.3499 180.0 13116.6667
-0.1067 1.3994 4.5623 -179.1999 -7.3499 180.0 13133.3333
-0.1391 1.3999 4.601 -179.1999 -7.3499 180.0 13150.0
-0.1547 1.4004 4.6358 -179.1999 -7.3499 180.0 13166.6667
-0.1469 1.4008 4.6679 -179.1999 -7.3499 180.0 13183.3333
-0.1437 1.4013 4.7004 -179.1999 -7.3499 180.0 13200.0
-0.1391 1.4017 4.7337 -179.1999 -7.3499 180.0 13216.6667
-0.1348 1.4022 4.7677 -179.1999 -7.3499 180.0 13233.3333
-0.1307 1.4027 4.7998 -179.1999 -7.3499 180.0 13250.0
-0.1264 1.4031 4.8332 -179.1999 -7.3499 180.0 13266.6667
-0.122 1.4036 4.8672 -179.1999 -7.3499 180.0 13283.3333
-0.1178 1.4041 4.8995 -179.1999 -7.3499 180.0 13300.0
-0.1137 1.4045 4.9319 -179.1999 -7.3499 180.0 13316.6667
-0.1094 1.405 4.9651 -179.1999 -7.3499 180.0 13333.3333
-0.105 1.4055 4.9993 -179.1999 -7.3499 180.0 13350.0
-0.1008 1.4059 5.0313 -179.1999 -7.3499 180.0 13366.6667
-0.0965 1.4064 5.0646 -179.1999 -7.3499 180.0 13383.3333
-0.0922 1.4069 5.0987 -179.1999 -7.3499 180.0 13400.0
-0.088 1.4073 5.131 -179.1999 -7.3499 180.0 13416.6667
-0.0838 1.4077 5.1634 -179.1999 -7.3499 180.0 13433.3333
-0.0795 1.4083 5.1966 -179.1999 -7.3499 180.0 13450.0
-0.0751 1.4087 5.2308 -179.1999 -7.3499 180.0 13466.6667
-0.071 1.4091 5.2629 -179.1999 -7.3499 180.0 13483.3333
-0.0667 1.4097 5.2962 -179.1999 -7.3499 180.0 13500.0
-0.0622 1.4101 5.3303 -179.1999 -7.3499 180.0 13516.6667
-0.058 1.4105 5.3626 -179.1999 -7.3499 180.0 13533.3333
-0.0539 1.411 5.395 -179.1999 -7.3499 180.0 13550.0
-0.0497 1.4115 5.4281 -179.1853 -7.3645 -180.0 13566.6667
-0.0452 1.4121 5.4623 -179.1185 -7.4313 -180.0 13583.3333
-0.0409 1.4126 5.4945 -179.0352 -7.5146 -180.0 13600.0
-0.0366 1.4132 5.527 -178.9862 -7.5499 -180.0 13616.6667
-0.0322 1.4138 5.56 -178.9364 -7.577 -180.0 13633.3333
-0.0277 1.4145 5.5942 -178.8852 -7.6646 -180.0 13650.0
-0.0233 1.4151 5.6263 -178.8499 -7.6999 -180.0 13666.6667
-0.0188 1.4158 5.6594 -178.8499 -7.6999 180.0 13683.3333
-0.0142 1.4165 5.6936 -178.8499 -7.6999 180.0 13700.0
-0.0099 1.4171 5.7259 -178.8499 -7.6999 180.0 13716.6667
-0.0055 1.4178 5.7582 -178.8499 -7.6999 180.0 13733.3333
-0.001 1.4185 5.7912 -178.8499 -7.6999 180.0 13750.0
0.0037 1.4192 5.8255 -178.8499 -7.6999 180.0 13766.6667
0.008 1.4198 5.8577 -178.8499 -7.6999 180.0 13783.3333
0.0123 1.4205 5.8901 -178.8499 -7.6999 180.0 13800.0
0.0168 1.4211 5.9231 -178.8499 -7.6999 180.0 13816.6667
0.0215 1.4218 5.9574 -178.8499 -7.6999 180.0 13833.3333
0.0258 1.4225 5.9895 -178.8499 -7.6999 180.0 13850.0
0.0303 1.4232 6.0225 -178.8499 -7.6999 180.0 13866.6667
0.0349 1.4239 6.0568 -178.8499 -7.6999 180.0 13883.3333
0.0392 1.4245 6.0888 -178.8499 -7.6999 180.0 13900.0
0.0437 1.4252 6.1219 -178.8499 -7.6999 180.0 13916.6667
0.0484 1.4259 6.1561 -178.8499 -7.6999 180.0 13933.3333
0.0527 1.4265 6.1884 -178.8499 -7.6999 180.0 13950.0
0.0571 1.4272 6.2209 -178.8499 -7.6999 180.0 13966.6667
0.0615 1.4278 6.2537 -178.8499 -7.6999 180.0 13983.3333
0.0663 1.4285 6.288 -178.8499 -7.6999 180.0 14000.0
0.0702 1.4291 6.3204 -178.8499 -7.6999 180.0 14016.6667
0.0761 1.4298 6.3526 -178.8499 -7.6999 -180.0 14033.3333
0.0752 1.4305 6.3862 -178.8499 -7.6999 180.0 14050.0
0.0429 1.4311 6.4255 -178.8499 -7.6999 180.0 14066.6667
0.0158 1.4318 6.462 -178.8499 -7.6999 -180.0 14083.3333
-0.0124 1.4325 6.4989 -178.8411 -7.7087 -180.0 14100.0
-0.0408 1.4332 6.5361 -178.7916 -7.7666 -180.0 14116.6667
-0.0703 1.4339 6.5752 -178.7205 -7.9283 -179.9999 14133.3333
-0.0978 1.4348 6.6121 -178.5646 -8.3734 -179.9998 14150.0
-0.1254 1.4358 6.6501 -178.3749 -9.0499 -179.9999 14166.6667
-0.1537 1.4368 6.6901 -178.2205 -9.6872 -179.9999 14183.3333
-0.1799 1.4379 6.728 -178.0823 -10.3734 -179.9999 14200.0
-0.2058 1.4391 6.7664 -177.9686 -11.0911 -179.9998 14216.6667
-0.2311 1.4403 6.8056 -177.7853 -12.0249 -179.9999 14233.3333
-0.2571 1.4418 6.8473 -177.6823 -13.1999 -179.9999 14250.0
-0.2807 1.4431 6.8867 -177.5843 -14.1038 -179.9998 14266.6667
-0.3038 1.4446 6.9274 -177.4853 -15.353 -179.9999 14283.3333
-0.3273 1.4462 6.9705 -177.3823 -16.3999 -179.9999 14300.0
-0.3488 1.4476 7.0112 -177.2999 -17.2019 -180.0 14316.6667
-0.3699 1.4492 7.0525 -177.2659 -18.1136 -179.9993 14333.3333
-0.389 1.4509 7.095 -177.0189 -20.7999 -179.9992 14350.0
-0.4068 1.4529 7.1408 -176.7765 -23.8666 -179.9997 14366.6667
-0.4221 1.4549 7.1841 -176.6226 -25.5744 -179.9995 14383.3333
-0.4362 1.4569 7.2287 -176.4312 -27.4374 -179.9998 14400.0
-0.45 1.4592 7.2758 -176.2456 -28.8156 -179.9988 14416.6667
-0.4609 1.4615 7.3204 -175.9294 -31.2146 -179.9998 14433.3333
-0.4712 1.4639 7.366 -175.7999 -32.2499 -180.0 14450.0
-0.4819 1.4665 7.4136 -175.7999 -32.2499 -180.0 14466.6667
-0.4929 1.4688 7.4591 -175.7863 -32.4146 -179.9999 14483.3333
-0.4995 1.4713 7.5027 -175.6882 -33.5381 -179.9999 14500.0
-0.4796 1.4738 7.5287 -175.5999 -34.2391 -180.0 14516.6667
-0.4611 1.4763 7.5559 -175.588 -35.3124 -179.999 14533.3333
-0.4371 1.4791 7.5808 -175.4499 -43.3793 -180.0 14550.0
-0.4141 1.4817 7.6038 -175.4499 -45.0999 -180.0 14566.6667
-0.3908 1.4843 7.6269 -175.4499 -45.4041 180.0 14583.3333
-0.3645 1.487 7.6495 -175.494 -49.5558 179.9962 14600.0
-0.3375 1.4894 7.6674 -175.8866 -56.1293 179.997 14616.6667
-0.3086 1.4916 7.6833 -176.27 -61.2041 179.9992 14633.3333
-0.2776 1.4936 7.6987 -176.5057 -63.5734 179.9999 14650.0
-0.248 1.4956 7.7126 -176.5688 -64.7057 179.9992 14666.6667
-0.218 1.4974 7.7256 -176.7538 -66.6547 179.9999 14683.3333
-0.1877 1.4993 7.7382 -176.8059 -67.406 179.9998 14700.0
-0.1552 1.5012 7.7506 -176.8999 -69.0586 180.0 14716.6667
-0.1246 1.5029 7.762 -176.911 -69.7959 179.9993 14733.3333
-0.0934 1.5046 7.7718 -177.0632 -72.3145 179.9985 14750.0
-0.0616 1.5062 7.7798 -177.3078 -75.8144 179.9996 14766.6667
-0.0276 1.5076 7.7875 -177.511 -77.4253 179.9993 14783.3333
0.0044 1.509 7.7936 -177.6582 -78.9763 179.9995 14800.0
0.0368 1.5103 7.7992 -177.8058 -80.2498 179.9996 14816.6667
0.0712 1.5115 7.8044 -177.9537 -81.4508 179.9999 14833.3333
0.1035 1.5127 7.8089 -177.9999 -82.0822 180.0 14850.0
0.136 1.5137 7.8131 -177.9999 -82.5999 180.0 14866.6667
0.1686 1.5149 7.8173 -178.0018 -82.6207 179.9999 14883.3333
0.2031 1.5161 7.8212 -178.1046 -83.7528 179.9988 14900.0
0.2357 1.5171 7.8233 -178.2018 -86.2116 179.9999 14916.6667
0.2685 1.5181 7.8252 -178.2509 -86.5051 180.0 14933.3333
0.3032 1.5192 7.8272 -178.2999 -86.7587 180.0 14950.0
0.3358 1.5201 7.829 -178.2999 -86.9057 180.0 14966.6667
0.3685 1.5211 7.8306 -178.2999 -87.0509 -180.0 14983.3333
0.4013 1.522 7.8323 -178.2999 -87.0999 -180.0 15000.0
0.4361 1.523 7.8341 -178.2999 -87.0999 -180.0 15016.6667
0.4687 1.524 7.8358 -178.2999 -87.0999 180.0 15033.3333
0.5015 1.525 7.8374 -178.2999 -87.0999 180.0 15050.0
0.5342 1.526 7.8387 -178.2999 -87.0999 180.0 15066.6667
0.5672 1.527 7.875 -178.2999 -87.0999 180.0 15083.3333
0.5983 1.528 7.9093 -178.2999 -87.0999 180.0 15100.0
0.6294 1.529 7.9437 -178.2999 -87.0999 180.0 15116.6667
0.6623 1.53 7.9802 -178.3009 -87.1009 180.0 15133.3333
0.6934 1.5309 8.0145 -178.3499 -87.1499 180.0 15150.0
0.7246 1.5318 8.0488 -178.4969 -87.3461 179.9999 15166.6667
0.7561 1.5323 8.0828 -179.1216 -87.8304 179.9972 15183.3333
0.7899 1.5325 8.1185 -179.6499 -88.3998 180.0 15200.0
0.8222 1.5325 8.1519 179.9115 -88.9883 179.9974 15216.6667
0.8545 1.5321 8.1849 179.4272 -89.4324 179.9925 15233.3333
0.8893 1.5316 8.2198 -0.9576 -90.0 0.0 15250.0
0.9222 1.5309 8.2525 -1.0984 -89.7555 0.0013 15266.6667
0.9554 1.5302 8.2849 -1.197 -89.4621 0.001 15283.3333
0.9885 1.5295 8.3172 -1.2948 -89.2622 0.0007 15300.0
1.0238 1.5287 8.3515 -1.3489 -89.1524 0.0001 15316.6667
1.0573 1.5279 8.3836 -1.3982 -88.862 0.0002 15333.3333
1.0909 1.5271 8.4156 -1.3999 -88.5678 0.0 15350.0
1.1246 1.5263 8.4473 -1.3999 -88.1816 0.0 15366.6667
1.1607 1.5254 8.4807 -1.3999 -87.7189 0.0 15383.3333
1.1951 1.5246 8.5117 -1.3999 -87.1826 0.0 15400.0
1.2309 1.524 8.5425 -1.2589 -84.6159 -0.0028 15416.6667
1.2636 1.5233 8.5406 -1.0678 -83.1826 -0.0018 15433.3333
1.298 1.5229 8.5349 -0.6256 -81.5971 -0.0024 15450.0
1.3305 1.5227 8.5296 -0.3222 -80.4866 -0.0013 15466.6667
1.3623 1.523 8.5226 0.339 -77.6493 -0.0077 15483.3333
1.3961 1.5233 8.5144 0.588 -76.4127 -0.0004 15500.0
1.428 1.5238 8.5062 0.7849 -75.4747 -0.0005 15516.6667
1.4596 1.5243 8.4974 0.981 -74.4982 -0.0006 15533.3333
1.4909 1.5249 8.4882 1.1328 -73.6943 -0.0004 15550.0
1.5242 1.5257 8.478 1.2419 -72.9585 -0.0002 15566.6667
1.5555 1.5264 8.4679 1.3405 -72.0884 -0.0002 15583.3333
1.5865 1.5273 8.4573 1.4386 -71.0296 -0.0003 15600.0
1.617 1.5283 8.4458 1.6234 -69.7355 -0.0008 15616.6667
1.6495 1.5293 8.4336 1.8297 -68.6097 -0.0005 15633.3333
1.6793 1.5305 8.4193 1.9385 -67.662 -0.0002 15650.0
1.7209 1.5316 8.4338 2.0365 -66.9894 -0.0002 15666.6667
1.7668 1.5329 8.4526 2.0501 -66.5419 0.0 15683.3333
1.8104 1.5341 8.4689 2.1385 -65.7502 -0.0002 15700.0
1.8539 1.5353 8.485 2.1501 -65.1758 0.0 15716.6667
1.8973 1.5365 8.5006 2.1501 -64.763 0.0 15733.3333
1.9437 1.5378 8.5167 2.1501 -64.1314 0.0 15750.0
1.9881 1.539 8.5314 2.1501 -63.2737 0.0 15766.6667
2.0319 1.5403 8.5453 2.1501 -62.56 0.0 15783.3333
2.0791 1.5416 8.5589 2.1501 -61.1377 0.0 15800.0
2.1241 1.5428 8.5712 2.1501 -60.1737 0.0 15816.6667
2.1692 1.5441 8.5818 2.1501 -58.1531 0.0 15833.3333
2.2149 1.5453 8.59 2.1501 -55.2061 0.0 15850.0
2.2604 1.5465 8.5967 2.1501 -53.2835 0.0 15866.6667
2.3092 1.5479 8.6013 2.2758 -50.3252 -0.0009 15883.3333
2.3561 1.5492 8.6031 2.4243 -47.1237 -0.0009 15900.0
2.402 1.5508 8.602 2.6523 -43.5757 -0.0018 15916.6667
2.4508 1.5525 8.5974 2.8257 -39.6002 -0.0009 15933.3333
2.4971 1.5542 8.5901 2.9741 -35.9855 -0.0008 15950.0
2.5419 1.556 8.5802 3.1212 -32.4561 -0.0009 15966.6667
2.5888 1.5581 8.5657 3.401 -27.7503 -0.002 15983.3333
2.6324 1.5601 8.549 3.4501 -24.1091 0.0 16000.0
2.6747 1.562 8.5302 3.4501 -21.1287 0.0 16016.6667
2.7162 1.564 8.5103 3.4501 -19.1778 0.0 16033.3333
2.7592 1.566 8.4869 3.4501 -16.2815 0.0 16050.0
2.7988 1.5681 8.4618 3.5709 -12.6856 -0.0008 16066.6667
2.8365 1.5701 8.4358 3.6001 -10.4993 0.0 16083.3333
2.8762 1.5724 8.4069 3.722 -8.9222 -0.0003 16100.0
2.9137 1.5746 8.3789 3.7501 -8.1278 0.0 16116.6667
2.9503 1.5767 8.3503 3.7501 -6.7454 0.0 16133.3333
2.9851 1.5789 8.3211 3.7501 -5.8268 0.0 16150.0
3.0253 1.5811 8.2898 3.7105 -4.7003 0.0001 16166.6667
3.0335 1.5832 8.2571 3.7001 -3.666 0.0 16183.3333
3.0332 1.5853 8.2246 3.6619 -2.6474 0.0001 16200.0
3.0349 1.5875 8.1901 3.6105 -1.9649 0.0 16216.6667
3.0356 1.5896 8.157 3.5609 -1.5366 0.0 16233.3333
3.0364 1.5915 8.1244 3.5119 -1.2209 0.0 16250.0
3.0369 1.5936 8.0915 3.4628 -0.964 0.0 16266.6667
3.0373 1.5955 8.0591 3.4138 -0.7552 0.0 16283.3333
3.0376 1.5975 8.0246 3.3626 -0.5503 0.0 16300.0
3.0379 1.5994 7.9912 3.3128 -0.4258 0.0 16316.6667
3.0381 1.6013 7.9589 3.3001 -0.3278 0.0 16333.3333
3.0381 1.6032 7.9244 3.2251 -0.0378 0.0001 16350.0
3.038 1.6051 7.8911 3.1256 0.2732 0.0 16366.6667
3.0376 1.6068 7.8584 3.0638 0.5673 0.0 16383.3333
3.0371 1.6085 7.8259 2.9089 1.0732 0.0002 16400.0
3.0358 1.6101 7.7916 2.7407 1.6143 0.0001 16416.6667
3.0356 1.6116 7.7582 2.5187 2.0399 0.0002 16433.3333
3.0305 1.6129 7.726 2.3795 2.3262 0.0 16450.0
3.0549 1.6143 7.6904 2.2407 2.6549 0.0001 16466.6667
3.0884 1.6155 7.6553 2.1276 2.8948 0.0 16483.3333
3.1188 1.6166 7.6209 2.0648 3.0203 0.0 16500.0
3.1497 1.6178 7.5867 2.0501 3.084 0.0 16516.6667
3.1822 1.6191 7.5504 2.0501 3.0997 0.0 16533.3333
3.2138 1.6203 7.5152 2.0501 3.1703 0.0 16550.0
3.2442 1.6214 7.4811 1.9815 3.3026 0.0 16566.6667
3.2766 1.6226 7.4445 1.9147 3.3851 0.0 16583.3333
3.308 1.6237 7.4093 1.9001 3.3997 0.0 16600.0
3.3388 1.6248 7.3747 1.9001 3.3997 0.0 16616.6667
3.3693 1.6258 7.3402 1.9001 3.3997 0.0 16633.3333
3.4016 1.627 7.3039 1.9001 3.3997 0.0 16650.0
3.4331 1.6281 7.2685 1.9001 3.3997 0.0 16666.6667
3.4638 1.6291 7.2339 1.9001 3.3997 0.0 16683.3333
3.4943 1.6302 7.1995 1.8677 3.4321 0.0 16700.0
3.5267 1.6313 7.1632 1.8168 3.4497 0.0 16716.6667
3.5572 1.6324 7.1276 1.7334 3.4497 0.0 16733.3333
3.5915 1.6333 7.0933 1.6677 3.4497 0.0 16750.0
3.6001 1.6342 7.0583 1.5834 3.483 0.0 16766.6667
3.5956 1.6351 7.025 1.4168 3.6664 0.0001 16783.3333
3.5941 1.6358 6.9924 1.2854 3.8468 0.0 16800.0
3.5917 1.6365 6.9599 1.156 4.0252 0.0001 16816.6667
3.5892 1.637 6.9256 1.0032 4.2289 0.0001 16833.3333
3.5865 1.6375 6.8922 0.756 4.5585 0.0002 16850.0
3.5837 1.6378 6.8597 0.556 4.8566 0.0001 16866.6667
3.5809 1.638 6.8273 0.4089 5.0409 0.0 16883.3333
3.5778 1.6382 6.7932 0.2876 5.2247 0.0 16900.0
3.5746 1.6384 6.7596 0.2187 5.3624 0.0 16916.6667
3.5715 1.6384 6.7274 0.1089 5.4909 0.0 16933.3333
3.5681 1.6384 6.6932 0.0189 5.581 0.0 16950.0
3.5648 1.6383 6.6598 -0.0626 5.6311 0.0 16966.6667
3.5616 1.6382 6.6272 -0.1607 5.6497 0.0 16983.3333
3.5584 1.6381 6.5948 -0.2881 5.6497 0.0 17000.0
3.5551 1.6379 6.5608 -0.4103 5.6497 0.0 17016.6667
3.5518 1.6376 6.5272 -0.4499 5.6497 0.0 17033.3333
3.5486 1.6373 6.4951 -0.4499 5.6497 0.0 17050.0
3.5452 1.6371 6.4609 -0.4499 5.6497 0.0 17066.6667
3.5419 1.6368 6.4274 -0.4499 5.6497 0.0 17083.3333
3.5387 1.6366 6.3949 -0.4499 5.6497 0.0 17100.0
3.5354 1.6363 6.3625 -0.4499 5.6497 0.0 17116.6667
3.5321 1.636 6.3284 -0.4499 5.6497 0.0 17133.3333
3.5287 1.6358 6.2948 -0.4499 5.6497 0.0 17150.0
3.5255 1.6355 6.2624 -0.4499 5.6497 0.0 17166.6667
3.5223 1.6352 6.2299 -0.4499 5.6497 0.0 17183.3333
3.5189 1.635 6.1959 -0.4499 5.6497 0.0 17200.0
3.5156 1.6347 6.1623 -0.4499 5.6497 0.0 17216.6667
3.5124 1.6344 6.1299 -0.4499 5.6497 0.0 17233.3333
3.5092 1.6342 6.0975 -0.4499 5.6497 0.0 17250.0
3.5059 1.6339 6.0636 -0.4499 5.6497 0.0 17266.6667
3.5026 1.6337 6.0298 -0.4499 5.6497 0.0 17283.3333
3.4994 1.6335 5.9978 -0.4499 5.6497 0.0 17300.0
3.496 1.6331 5.9637 -0.4499 5.6497 0.0 17316.6667
3.4927 1.6329 5.93 -0.4499 5.6497 0.0 17333.3333
3.4895 1.6326 5.8978 -0.4499 5.6497 0.0 17350.0
3.4861 1.6324 5.8638 -0.4499 5.6226 0.0 17366.6667
3.4828 1.6321 5.8301 -0.4224 5.5722 0.0 17383.3333
3.4797 1.6319 5.7977 -0.3734 5.5497 0.0 17400.0
3.4765 1.6317 5.7653 -0.3499 5.5497 0.0 17416.6667
3.4732 1.6315 5.7314 -0.3239 5.5497 0.0 17433.3333
3.47 1.6313 5.6977 -0.2999 5.5497 0.0 17450.0
3.4668 1.6312 5.6652 -0.2999 5.5497 0.0 17466.6667
3.4636 1.631 5.6328 -0.2999 5.5497 0.0 17483.3333
3.4605 1.6308 5.599 -0.2999 5.5497 0.0 17500.0
3.4569 1.6306 5.5651 -0.2999 5.5497 0.0 17516.6667
3.4546 1.6305 5.5329 -0.2999 5.5497 0.0 17533.3333
3.4483 1.6303 5.4994 -0.2999 5.5497 0.0 17550.0
3.4617 1.6301 5.464 -0.2999 5.5497 0.0 17566.6667
3.4946 1.63 5.428 -0.2999 5.5497 0.0 17583.3333
3.5229 1.6298 5.3924 -0.2999 5.5497 0.0 17600.0
3.5536 1.6296 5.3554 -0.2999 5.5497 0.0 17616.6667
3.5843 1.6294 5.3182 -0.2999 5.5497 0.0 17633.3333
3.6132 1.6293 5.283 -0.2999 5.5497 0.0 17650.0
3.644 1.6291 5.2458 -0.2999 5.5497 0.0 17666.6667
3.6737 1.6289 5.2087 -0.2999 5.5497 0.0 17683.3333
3.7061 1.6287 5.1729 -0.2999 5.5497 0.0 17700.0
3.7208 1.6286 5.1387 -0.2999 5.5497 0.0 17716.6667
3.7142 1.6284 5.1053 -0.2999 5.5497 0.0 17733.3333
3.7117 1.6282 5.0713 -0.2999 5.5497 0.0 17750.0
3.7083 1.628 5.0389 -0.2999 5.5497 0.0 17766.6667
3.7053 1.6279 5.0064 -0.2999 5.5497 0.0 17783.3333
3.702 1.6277 4.9729 -0.2999 5.5497 0.0 17800.0
3.6986 1.6275 4.9388 -0.2999 5.5497 0.0 17816.6667
3.6956 1.6273 4.9067 -0.2999 5.5497 0.0 17833.3333
3.6923 1.6272 4.8729 -0.2999 5.5497 0.0 17850.0
3.6889 1.627 4.839 -0.2999 5.5497 0.0 17866.6667
3.6858 1.6268 4.8066 -0.2999 5.5497 0.0 17883.3333
3.6827 1.6266 4.7741 -0.2999 5.5497 0.0 17900.0
3.6794 1.6265 4.7404 -0.2999 5.5497 0.0 17916.6667
3.6761 1.6263 4.7065 -0.2999 5.5713 0.0 17933.3333
3.6728 1.6261 4.6741 -0.2999 5.6203 0.0 17950.0
3.6696 1.6259 4.6416 -0.2999 5.6693 0.0 17966.6667
3.6663 1.6258 4.6081 -0.2999 5.7195 0.0 17983.3333
3.6628 1.6256 4.5739 -0.2999 5.7497 0.0 18000.0
3.6596 1.6254 4.5418 -0.2999 5.7693 0.0 18016.6667
3.6562 1.6252 4.5082 -0.2999 5.7997 0.0 18033.3333
3.6527 1.6251 4.4742 -0.2999 5.8203 0.0 18050.0
3.6494 1.6249 4.4418 -0.2999 5.8693 0.0 18066.6667
3.646 1.6247 4.4092 -0.2999 5.9183 0.0 18083.3333
3.6425 1.6245 4.3758 -0.2999 5.9497 0.0 18100.0
3.639 1.6244 4.3417 -0.2999 5.9497 0.0 18116.6667
3.6356 1.6242 4.3095 -0.2999 5.9497 0.0 18133.3333
3.6321 1.624 4.276 -0.2999 5.9497 0.0 18150.0
3.6286 1.6238 4.2419 -0.2999 5.9497 0.0 18166.6667
3.6252 1.6237 4.2095 -0.2999 5.9497 0.0 18183.3333
3.6218 1.6235 4.177 -0.2999 5.9497 0.0 18200.0
3.6184 1.6233 4.1436 -0.2999 5.9497 0.0 18216.6667
3.6148 1.6231 4.1094 -0.2999 5.9497 0.0 18233.3333
3.6114 1.623 4.0773 -0.2999 5.9497 0.0 18250.0
3.6079 1.6228 4.0438 -0.2999 5.9497 0.0 18266.6667
3.6044 1.6226 4.0097 -0.2999 5.9497 0.0 18283.3333
3.6008 1.6224 3.9773 -0.2999 5.9497 0.0 18300.0
3.5981 1.6223 3.9447 -0.2999 5.9497 0.0 18316.6667
3.5924 1.6221 3.9116 -0.2999 5.9497 0.0 18333.3333
3.5994 1.6219 3.8763 -0.2999 5.9497 0.0 18350.0
3.6323 1.6217 3.8402 -0.2999 5.9497 0.0 18366.6667
3.6604 1.6216 3.8043 -0.2999 5.9497 0.0 18383.3333
3.6905 1.6214 3.7676 -0.2999 5.9497 0.0 18400.0
3.7211 1.6212 3.7298 -0.2999 5.9497 0.0 18416.6667
3.7501 1.621 3.6941 -0.2999 5.9497 0.0 18433.3333
3.7793 1.6209 3.6581 -0.2999 5.9497 0.0 18450.0
3.809 1.6208 3.6214 -0.2999 5.9643 0.0 18466.6667
3.8397 1.6205 3.5835 -0.2999 5.9997 0.0 18483.3333
3.8686 1.6203 3.548 -0.2999 5.9997 0.0 18500.0
3.8979 1.6202 3.5112 -0.2999 6.0143 0.0 18516.6667
3.9307 1.62 3.4732 -0.2999 6.0497 0.0 18533.3333
3.9507 1.6198 3.4382 -0.2999 6.0497 0.0 18550.0
3.944 1.6196 3.4061 -0.2999 6.0497 0.0 18566.6667
3.9413 1.6195 3.3728 -0.2999 6.0497 0.0 18583.3333
3.9375 1.6194 3.3385 -0.2999 6.0497 0.0 18600.0
3.9341 1.6191 3.3063 -0.2999 6.0497 0.0 18616.6667
3.9306 1.6189 3.2731 -0.2999 6.0497 0.0 18633.3333
3.9269 1.6188 3.2388 -0.2999 6.0497 0.0 18650.0
3.9236 1.6187 3.2066 -0.2999 6.0497 0.0 18666.6667
3.92 1.6184 3.1733 -0.2999 6.0497 0.0 18683.3333
3.9163 1.6182 3.139 -0.2999 6.0497 0.0 18700.0
3.9129 1.6181 3.1067 -0.2999 6.0497 0.0 18716.6667
3.9095 1.618 3.0741 -0.2999 6.0497 0.0 18733.3333
3.906 1.6177 3.0411 -0.2999 6.0497 0.0 18750.0
3.9023 1.6175 3.0066 -0.2999 6.0497 0.0 18766.6667
3.8989 1.6174 2.9743 -0.2999 6.0497 0.0 18783.3333
3.8955 1.6173 2.9418 -0.2999 6.0497 0.0 18800.0
3.892 1.6171 2.9087 -0.2999 6.0497 0.0 18816.6667
3.8883 1.6168 2.8743 -0.2999 6.0624 0.0 18833.3333
3.8849 1.6167 2.842 -0.2881 6.0997 0.0 18850.0
3.8813 1.6166 2.8088 -0.2384 6.1112 0.0 18866.6667
3.8776 1.6164 2.7745 -0.1999 6.1497 0.0 18883.3333
3.8741 1.6163 2.7421 -0.1881 6.1615 0.0 18900.0
3.8705 1.6163 2.7096 -0.1391 6.2105 0.0 18916.6667
3.867 1.6162 2.6765 -0.0999 6.2497 0.0 18933.3333
3.8632 1.6161 2.6422 -0.0999 6.2615 0.0 18950.0
3.8596 1.6161 2.6098 -0.0891 6.2997 0.0 18966.6667
3.856 1.6161 2.5773 -0.0499 6.2997 0.0 18983.3333
3.8524 1.616 2.5443 -0.0499 6.2997 0.0 19000.0
3.8486 1.616 2.5098 -0.0499 6.2997 0.0 19016.6667
3.845 1.616 2.4776 -0.0499 6.2997 0.0 19033.3333
3.8414 1.6159 2.4446 -0.0499 6.2997 0.0 19050.0
3.8376 1.6159 2.4102 -0.0499 6.2997 0.0 19066.6667
3.834 1.6159 2.3779 -0.0499 6.2997 0.0 19083.3333
3.8303 1.6159 2.3449 -0.0499 6.2997 0.0 19100.0
3.8266 1.6158 2.3105 -0.0499 6.2997 0.0 19116.6667
3.823 1.6158 2.2781 -0.0499 6.2997 0.0 19133.3333
3.8194 1.6158 2.2456 -0.0499 6.2997 0.0 19150.0
3.8158 1.6157 2.2126 -0.0499 6.308 0.0 19166.6667
3.8119 1.6157 2.1782 -0.0499 6.3595 0.0 19183.3333
3.8083 1.6157 2.1459 -0.0499 6.4085 0.0 19200.0
3.8046 1.6156 2.1129 -0.0499 6.458 0.0 19216.6667
3.8006 1.6156 2.0785 -0.0499 6.5095 0.0 19233.3333
3.7969 1.6156 2.0462 -0.0587 6.5585 0.0 19250.0
3.7931 1.6155 2.0135 -0.0999 6.5997 0.0 19266.6667
3.7894 1.6155 1.981 -0.0999 6.5997 0.0 19283.3333
3.7856 1.6154 1.9482 -0.0999 6.5997 0.0 19300.0
3.7816 1.6154 1.9137 -0.0999 6.5997 0.0 19316.6667
3.7779 1.6153 1.8813 -0.0999 6.5997 0.0 19333.3333
3.7741 1.6152 1.8487 -0.0999 6.5997 0.0 19350.0
3.7703 1.6152 1.816 -0.0999 6.5997 0.0 19366.6667
3.7663 1.6151 1.7815 -0.0999 6.5997 0.0 19383.3333
3.7626 1.6151 1.7492 -0.0999 6.5997 0.0 19400.0
3.7587 1.615 1.7163 -0.0999 6.5997 0.0 19416.6667
3.7548 1.6149 1.6818 -0.0999 6.5997 0.0 19433.3333
3.7511 1.6149 1.6495 -0.0999 6.5997 0.0 19450.0
3.7472 1.6148 1.6167 -0.0999 6.5997 0.0 19466.6667
3.7433 1.6148 1.5822 -0.0999 6.5997 0.0 19483.3333
3.7395 1.6147 1.5498 -0.0999 6.5997 0.0 19500.0
3.7357 1.6147 1.5172 -0.0999 6.5997 0.0 19516.6667
3.7319 1.6146 1.4845 -0.0999 6.5997 0.0 19533.3333
3.7279 1.6145 1.45 -0.0999 6.5997 0.0 19550.0
3.7241 1.6145 1.4176 -0.0999 6.5997 0.0 19566.6667
3.7204 1.6144 1.3849 -0.0999 6.5997 0.0 19583.3333
3.7167 1.6144 1.3523 -0.0999 6.5997 0.0 19600.0
3.7126 1.6143 1.3177 -0.0999 6.5997 0.0 19616.6667
3.7089 1.6142 1.2854 -0.0999 6.5997 0.0 19633.3333
3.7051 1.6142 1.2527 -0.0999 6.5997 0.0 19650.0
3.7011 1.6141 1.218 -0.0999 6.5997 0.0 19666.6667
3.6973 1.6141 1.1856 -0.0999 6.5997 0.0 19683.3333
3.6936 1.614 1.1531 -0.0999 6.5968 0.0 19700.0
3.6898 1.614 1.1203 -0.0999 6.5497 0.0 19716.6667
3.6859 1.6139 1.0858 -0.0999 6.5497 0.0 19733.3333
3.6821 1.6138 1.0534 -0.0999 6.5497 0.0 19750.0
3.6783 1.6138 1.0208 -0.0999 6.5497 0.0 19766.6667
3.6744 1.6137 0.9862 -0.0999 6.5497 0.0 19783.3333
3.6707 1.6137 0.9538 -0.0999 6.5526 0.0 19800.0
3.6669 1.6136 0.9211 -0.0999 6.6056 0.0 19816.6667
3.663 1.6135 0.8885 -0.0999 6.7518 0.0 19833.3333
3.6589 1.6135 0.854 -0.0999 6.8556 0.0 19850.0
3.6549 1.6134 0.8215 -0.0999 6.9517 0.0 19866.6667
3.6509 1.6134 0.789 -0.0999 7.0017 0.0 19883.3333
3.6469 1.6133 0.7564 -0.0999 7.0997 0.0 19900.0
3.6425 1.6133 0.7218 -0.1019 7.2575 0.0 19916.6667
3.6382 1.6132 0.6895 -0.1499 7.4517 0.0 19933.3333
3.6339 1.6131 0.6569 -0.1499 7.5497 0.0 19950.0
3.6293 1.613 0.6225 -0.2019 7.7016 0.0 19966.6667
3.6248 1.6128 0.5901 -0.2519 7.7546 0.0 19983.3333
3.6203 1.6126 0.5575 -0.3499 7.9997 0.0 20000.0
3.6155 1.6124 0.523 -0.4019 8.1035 0.0 20016.6667
3.6106 1.6121 0.4907 -0.4509 8.2016 0.0 20033.3333
3.606 1.6118 0.4583 -0.4999 8.2996 0.0 20050.0
3.6335 1.6115 0.4211 -0.4999 8.3486 0.0 20066.6667
3.663 1.6112 0.3816 -0.4999 8.4006 0.0 20083.3333
3.6906 1.6109 0.3444 -0.4999 8.4496 0.0 20100.0
3.7182 1.6106 0.3071 -0.5489 8.4986 0.0 20116.6667
3.7455 1.6103 0.2699 -0.5499 8.5957 0.0 20133.3333
3.7748 1.61 0.2302 -0.5499 8.5996 0.0 20150.0
3.77 1.6097 0.1978 -0.5499 8.5996 0.0 20166.6667
3.765 1.6093 0.1655 -0.5499 8.5996 0.0 20183.3333
3.7598 1.609 0.131 -0.5499 8.5996 0.0 20200.0
3.7549 1.6087 0.0986 -0.5499 8.5996 0.0 20216.6667
3.75 1.6084 0.0662 -0.5499 8.5996 0.0 20233.3333
3.7451 1.6081 0.0338 -0.5499 8.5996 0.0 20250.0
3.7399 1.6077 -0.0005 -0.5499 8.6486 0.0 20266.6667
3.7349 1.6074 -0.033 -0.646 8.8418 0.0 20283.3333
3.7297 1.607 -0.0654 -0.697 9.0378 0.0 20300.0
3.7244 1.6065 -0.0976 -0.6999 9.2339 0.0 20316.6667
3.7188 1.6061 -0.1319 -0.7478 9.3454 0.0 20333.3333
3.7134 1.6057 -0.1644 -0.7499 9.4437 0.0 20350.0
3.708 1.6052 -0.1966 -0.796 9.5418 0.0 20366.6667
3.7022 1.6047 -0.2309 -0.7999 9.5975 0.0 20383.3333
3.6967 1.6043 -0.2633 -0.7999 9.5996 0.0 20400.0
3.6913 1.6038 -0.2955 -0.7999 9.5996 0.0 20416.6667
3.6854 1.6033 -0.3299 -0.7999 9.5996 0.0 20433.3333
3.68 1.6029 -0.3622 -0.7999 9.5996 0.0 20450.0
3.6745 1.6024 -0.3945 -0.7999 9.5996 0.0 20466.6667
3.6691 1.6019 -0.4268 -0.7999 9.5996 0.0 20483.3333
3.6632 1.6015 -0.461 -0.7999 9.5996 0.0 20500.0
3.6578 1.601 -0.4934 -0.7999 9.5996 0.0 20516.6667
3.6523 1.6005 -0.5258 -0.7999 9.5996 0.0 20533.3333
3.6469 1.6002 -0.5579 -0.7999 9.5996 0.0 20550.0
3.6411 1.5996 -0.5922 -0.7999 9.5996 0.0 20566.6667
3.6356 1.5991 -0.6247 -0.7999 9.5996 0.0 20583.3333
3.6302 1.5988 -0.6569 -0.7999 9.5996 0.0 20600.0
3.6244 1.5982 -0.6911 -0.7999 9.5996 0.0 20616.6667
3.6188 1.5977 -0.7236 -0.7999 9.5996 0.0 20633.3333
3.6133 1.5973 -0.7559 -0.7999 9.5996 0.0 20650.0
3.608 1.5969 -0.7881 -0.7999 9.5996 0.0 20666.6667
3.6022 1.5963 -0.8223 -0.7999 9.5996 0.0 20683.3333
3.5966 1.5959 -0.8549 -0.7999 9.5996 0.0 20700.0
3.5912 1.5955 -0.887 -0.7999 9.5996 0.0 20716.6667
3.5855 1.5949 -0.9212 -0.7999 9.5996 0.0 20733.3333
3.58 1.5945 -0.9538 -0.7999 9.5996 0.0 20750.0
3.5745 1.5941 -0.9861 -0.7999 9.5996 0.0 20766.6667
3.569 1.5936 -1.0183 -0.7999 9.5996 0.0 20783.3333
3.5633 1.5932 -1.0524 -0.7999 9.5996 0.0 20800.0
3.5578 1.5927 -1.085 -0.7999 9.5996 0.0 20816.6667
3.5521 1.5922 -1.1173 -0.7999 9.5996 0.0 20833.3333
3.5474 1.5918 -1.1495 -0.7999 9.5996 0.0 20850.0
3.5393 1.5913 -1.1834 -0.7999 9.5996 0.0 20866.6667
3.5625 1.5908 -1.2209 -0.7999 9.5996 0.0 20883.3333
3.5906 1.5904 -1.2588 -0.7999 9.5996 0.0 20900.0
3.6168 1.5899 -1.2963 -0.7999 9.68 0.0 20916.6667
3.6451 1.5894 -1.3364 -0.7999 9.8663 0.0 20933.3333
3.6719 1.589 -1.3749 -0.7999 10.1467 0.0 20950.0
3.6982 1.5885 -1.413 -0.7999 10.3604 0.0 20966.6667
3.7242 1.588 -1.451 -0.7999 10.478 0.0 20983.3333
3.7522 1.5876 -1.4914 -0.7999 10.5809 0.0 21000.0
3.7778 1.5871 -1.53 -0.7999 10.6398 0.0 21016.6667
3.807 1.5866 -1.5685 -0.7999 10.6496 0.0 21033.3333
3.8062 1.5862 -1.6037 -0.7999 10.6902 0.0 21050.0
3.7988 1.5857 -1.636 -0.7999 10.7398 0.0 21066.6667
3.7931 1.5852 -1.668 -0.7999 10.7888 0.0 21083.3333
3.7864 1.5848 -1.7021 -0.7593 10.8402 0.0 21100.0
3.7802 1.5843 -1.7346 -0.7499 10.8496 0.0 21116.6667
3.7741 1.5839 -1.7667 -0.7499 10.8888 0.0 21133.3333
3.7678 1.5835 -1.7988 -0.7499 10.9761 0.0 21150.0
3.7612 1.583 -1.8327 -0.7499 11.0788 0.0 21166.6667
3.7548 1.5826 -1.8653 -0.7499 11.178 0.0 21183.3333
3.7484 1.5822 -1.8974 -0.6734 11.3525 0.0 21200.0
3.7418 1.5818 -1.9293 -0.6499 11.5114 0.0 21216.6667
3.7349 1.5815 -1.9631 -0.6499 11.6652 0.0 21233.3333
3.7278 1.5811 -1.9957 -0.6499 11.8143 0.0 21250.0
3.722 1.5807 -2.0276 -0.6126 11.9614 0.0 21266.6667
3.7118 1.5804 -2.0608 -0.5999 12.1923 0.0 21283.3333
3.7305 1.5801 -2.099 -0.5234 12.479 0.0 21300.0
3.757 1.5798 -2.1386 -0.4999 12.7731 0.0 21316.6667
3.7808 1.5796 -2.1775 -0.4274 13.031 0.0 21333.3333
3.8067 1.5793 -2.2191 -0.3999 13.2496 0.0 21350.0
3.8314 1.579 -2.2593 -0.3626 13.4486 0.0 21366.6667
3.8551 1.5789 -2.2984 -0.3499 13.6084 0.0 21383.3333
3.8808 1.5786 -2.3402 -0.3499 13.6496 0.0 21400.0
3.9044 1.5785 -2.3803 -0.3499 13.6869 0.0 21416.6667
3.9317 1.5783 -2.4206 -0.3499 13.6996 0.0 21433.3333
3.9319 1.5781 -2.4541 -0.3499 13.7349 0.0 21450.0
3.9218 1.5779 -2.4871 -0.3499 13.7861 0.0 21466.6667
3.9142 1.5777 -2.5198 -0.3499 13.8721 0.0 21483.3333
3.9062 1.5775 -2.5511 -0.3499 13.9349 0.0 21500.0
3.8979 1.5773 -2.5847 -0.3134 14.0954 0.0 21516.6667
3.8897 1.577 -2.617 -0.2999 14.1859 0.0 21533.3333
3.8817 1.5769 -2.6486 -0.2999 14.3055 0.0 21550.0
3.8734 1.5768 -2.6805 -0.2999 14.4869 0.0 21566.6667
3.8652 1.5766 -2.7119 -0.2999 14.6496 0.0 21583.3333
3.8563 1.5764 -2.7452 -0.2999 14.9746 0.0 21600.0
3.8474 1.5762 -2.7775 -0.2999 15.2712 0.0 21616.6667
3.8389 1.5761 -2.8087 -0.2999 15.4829 0.0 21633.3333
3.8295 1.5759 -2.8419 -0.2999 15.6183 0.0 21650.0
3.8204 1.5757 -2.874 -0.2999 15.7869 0.0 21666.6667
3.8115 1.5755 -2.9055 -0.2999 15.9163 0.0 21683.3333
3.8025 1.5754 -2.9368 -0.2999 15.982 0.0 21700.0
3.7931 1.5752 -2.9698 -0.2999 15.9996 0.0 21716.6667
3.7838 1.575 -3.0021 -0.2999 15.9996 0.0 21733.3333
3.7749 1.5748 -3.0332 -0.2999 15.9996 0.0 21750.0
3.7653 1.5747 -3.0663 -0.2999 15.9996 0.0 21766.6667
3.7561 1.5745 -3.0985 -0.2999 15.9996 0.0 21783.3333
3.7471 1.5743 -3.13 -0.2999 15.9996 0.0 21800.0
3.7383 1.5741 -3.1612 -0.2999 15.9996 0.0 21816.6667
3.7285 1.574 -3.1942 -0.2999 15.9996 0.0 21833.3333
3.7202 1.5738 -3.2268 -0.2999 15.9996 0.0 21850.0
3.7075 1.5736 -3.2568 -0.2999 15.9996 0.0 21866.6667
3.72 1.5734 -3.2962 -0.2999 15.9996 0.0 21883.3333
3.7453 1.5733 -3.3384 -0.3323 16.032 0.0 21900.0
3.767 1.573 -3.3786 -0.3813 16.0496 0.0 21916.6667
3.7897 1.5728 -3.4193 -0.3999 16.0496 0.0 21933.3333
3.8121 1.5725 -3.4596 -0.4293 16.0496 0.0 21950.0
3.8347 1.5723 -3.5017 -0.4499 16.0496 0.0 21966.6667
3.8612 1.572 -3.5444 -0.4499 15.9888 0.0 21983.3333
3.8642 1.5717 -3.5789 -0.4793 15.7143 0.0 22000.0
3.853 1.5714 -3.6113 -0.4999 14.5829 0.0 22016.6667
3.8458 1.5711 -3.6443 -0.5303 13.4329 -0.0001 22033.3333
3.8386 1.5708 -3.6758 -0.5793 12.4525 -0.0001 22050.0
3.8318 1.5704 -3.7095 -0.5999 11.5767 0.0 22066.6667
3.8254 1.5701 -3.7425 -0.6303 10.9957 -0.0001 22083.3333
3.8194 1.5697 -3.7746 -0.6793 10.5937 0.0 22100.0
3.8136 1.5693 -3.8066 -0.6999 10.3643 0.0 22116.6667
3.8075 1.5689 -3.8402 -0.6999 10.2704 0.0 22133.3333
3.8015 1.5685 -3.8735 -0.6999 10.2496 0.0 22150.0
3.7957 1.5681 -3.9052 -0.6999 10.2496 0.0 22166.6667
3.7896 1.5677 -3.9389 -0.6999 10.1913 0.0 22183.3333
3.7837 1.5673 -3.9722 -0.6999 10.1202 0.0 22200.0
3.778 1.5669 -4.0043 -0.6999 9.9859 0.0 22216.6667
3.7725 1.5665 -4.0364 -0.645 9.7898 0.0 22233.3333
3.7669 1.5661 -4.0701 -0.5718 9.5308 0.0 22250.0
3.7614 1.5658 -4.1034 -0.5499 9.3143 0.0 22266.6667
3.7562 1.5655 -4.1356 -0.5499 9.1398 0.0 22283.3333
3.7511 1.5651 -4.1678 -0.5499 8.9172 0.0 22300.0
3.7461 1.5649 -4.2014 -0.4957 8.5829 0.0001 22316.6667
3.7413 1.5646 -4.2351 -0.4499 8.2074 0.0 22333.3333
3.7368 1.5643 -4.267 -0.4499 7.8643 0.0 22350.0
3.7324 1.5641 -4.3008 -0.3957 7.5642 0.0001 22366.6667
3.7281 1.5639 -4.3344 -0.3499 7.3123 0.0 22383.3333
3.724 1.5637 -4.3668 -0.3499 7.0937 0.0 22400.0
3.7201 1.5635 -4.3991 -0.3244 6.9486 0.0 22416.6667
3.7161 1.5634 -4.4329 -0.2999 6.8215 0.0 22433.3333
3.7121 1.5632 -4.4666 -0.2734 6.6437 0.0 22450.0
3.7084 1.563 -4.4986 -0.2499 6.4476 0.0 22466.6667
3.7047 1.563 -4.5326 -0.2239 6.2975 0.0 22483.3333
3.7011 1.5628 -4.5663 -0.147 6.1702 0.0 22500.0
3.6977 1.5628 -4.5987 -0.0744 6.0486 0.0 22516.6667
3.6943 1.5628 -4.6311 -0.0009 5.9261 0.0 22533.3333
3.6908 1.5629 -4.6649 0.0751 5.8246 0.0 22550.0
3.6874 1.5629 -4.6987 0.1256 5.7486 0.0 22566.6667
3.6842 1.563 -4.7309 0.1991 5.6751 0.0 22583.3333
3.6809 1.5632 -4.7648 0.2501 5.6496 0.0 22600.0
3.6776 1.5633 -4.7986 0.2756 5.6496 0.0 22616.6667
3.6744 1.5635 -4.831 0.3001 5.6496 0.0 22633.3333
3.6712 1.5637 -4.8634 0.3001 5.6496 0.0 22650.0
3.6678 1.5638 -4.8971 0.3001 5.6496 0.0 22666.6667
3.6645 1.564 -4.931 0.3001 5.6496 0.0 22683.3333
3.6612 1.5642 -4.9635 0.3001 5.6496 0.0 22700.0
3.658 1.5644 -4.9959 0.3001 5.6496 0.0 22716.6667
3.6547 1.5645 -5.0295 0.3001 5.6496 0.0 22733.3333
3.6513 1.5647 -5.0635 0.3001 5.6496 0.0 22750.0
3.6481 1.5649 -5.0957 0.3001 5.6496 0.0 22766.6667
3.6448 1.5651 -5.1294 0.3001 5.6496 0.0 22783.3333
3.6415 1.5652 -5.1633 0.3001 5.6496 0.0 22800.0
3.6383 1.5654 -5.1957 0.3001 5.6496 0.0 22816.6667
3.6351 1.5656 -5.2282 0.3001 5.6496 0.0 22833.3333
3.6318 1.5658 -5.2618 0.3438 5.6496 0.0 22850.0
3.6284 1.566 -5.2959 0.4001 5.6496 0.0 22866.6667
3.6252 1.5663 -5.328 0.4001 5.6712 0.0 22883.3333
3.6218 1.5665 -5.3617 0.422 5.7215 0.0 22900.0
3.6183 1.5668 -5.3956 0.4501 5.7721 0.0 22916.6667
3.615 1.567 -5.4281 0.4501 5.8427 0.0 22933.3333
3.6117 1.5673 -5.4605 0.4501 5.9408 0.0 22950.0
3.6081 1.5675 -5.494 0.4501 6.0413 0.0 22966.6667
3.6044 1.5678 -5.528 0.4501 6.1643 0.0 22983.3333
3.6009 1.5681 -5.5604 0.4501 6.2908 0.0 23000.0
3.5972 1.5683 -5.5929 0.4501 6.3888 0.0 23016.6667
3.5934 1.5686 -5.6263 0.4501 6.509 0.0 23033.3333
3.5895 1.5689 -5.6603 0.4501 6.6408 0.0 23050.0
3.5857 1.5691 -5.6924 0.4305 6.7388 0.0 23066.6667
3.5816 1.5694 -5.7259 0.4001 6.859 0.0 23083.3333
3.5775 1.5696 -5.7599 0.3795 7.0114 0.0 23100.0
3.5735 1.5698 -5.792 0.3501 7.178 0.0 23116.6667
3.5691 1.57 -5.8255 0.3303 7.4183 0.0 23133.3333
3.5645 1.5701 -5.8594 0.3001 7.7231 0.0 23150.0
3.56 1.5703 -5.8917 0.2805 7.9584 0.0 23166.6667
3.5553 1.5704 -5.924 0.2501 8.2172 0.0 23183.3333
3.5503 1.5706 -5.9572 0.2501 8.5559 0.0 23200.0
3.5451 1.5708 -5.9911 0.2305 8.6692 0.0 23216.6667
3.5402 1.5708 -6.0233 0.2001 8.6996 0.0 23233.3333
3.5353 1.5709 -6.0555 0.2001 8.6996 0.0 23250.0
3.5302 1.571 -6.0888 0.2001 8.7173 0.0 23266.6667
3.525 1.5712 -6.1227 0.2001 8.7496 0.0 23283.3333
3.52 1.5713 -6.1548 0.2001 8.7849 0.0 23300.0
3.5149 1.5714 -6.1871 0.2001 8.9496 0.0 23316.6667
3.5095 1.5716 -6.2203 0.2334 9.2663 -0.0001 23333.3333
3.5038 1.5718 -6.2541 0.3354 9.6055 -0.0001 23350.0
3.4982 1.572 -6.2862 0.4334 9.8496 0.0 23366.6667
3.4925 1.5723 -6.3184 0.5315 10.028 0.0 23383.3333
3.4865 1.5727 -6.3513 0.6313 10.2777 0.0 23400.0
3.4802 1.5731 -6.3853 0.7168 10.5329 0.0 23416.6667
3.4742 1.5735 -6.417 0.7971 10.7937 -0.0001 23433.3333
3.4677 1.5741 -6.45 0.9157 11.0621 0.0 23450.0
3.461 1.5747 -6.4837 0.9834 11.2829 0.0 23466.6667
3.4545 1.5753 -6.5156 1.0971 11.5437 -0.0001 23483.3333
3.4478 1.576 -6.5476 1.2442 11.8378 -0.0001 23500.0
3.4408 1.5768 -6.5803 1.3793 12.1225 0.0 23516.6667
3.4334 1.5777 -6.614 1.5128 12.4408 -0.0002 23533.3333
3.4261 1.5787 -6.6455 1.7089 12.8967 -0.0002 23550.0
3.4183 1.5798 -6.678 1.8938 13.3225 -0.0001 23566.6667
3.4103 1.581 -6.7115 2.0315 13.5623 0.0 23583.3333
3.4026 1.5823 -6.7431 2.1148 13.729 0.0 23600.0
3.3948 1.5834 -6.7748 2.1638 13.8133 0.0 23616.6667
3.3868 1.5848 -6.8072 2.2001 13.8496 0.0 23633.3333
3.3786 1.5861 -6.8407 2.2001 13.8496 0.0 23650.0
3.3708 1.5874 -6.8721 2.2001 13.8496 0.0 23666.6667
3.3628 1.5886 -6.9046 2.2001 13.8496 0.0 23683.3333
3.3546 1.5899 -6.938 2.2148 13.879 0.0 23700.0
3.3467 1.5913 -6.9696 2.2501 13.9633 0.0 23716.6667
3.3388 1.5925 -7.0013 2.2756 14.0378 0.0 23733.3333
3.3307 1.5938 -7.0335 2.3626 14.1621 0.0 23750.0
3.3222 1.5953 -7.067 2.4138 14.2134 0.0 23766.6667
3.3141 1.5968 -7.0985 2.4628 14.2497 0.0 23783.3333
3.3061 1.5982 -7.1302 2.5354 14.2379 0.0 23800.0
3.2979 1.5998 -7.1625 2.7074 14.1538 0.0001 23816.6667
3.2896 1.6016 -7.196 2.9511 13.9232 0.0001 23833.3333
3.282 1.6033 -7.2274 3.1354 13.6761 0.0 23850.0
3.2742 1.6052 -7.2598 3.2501 13.5996 0.0 23866.6667
3.2661 1.6072 -7.2933 3.2501 13.5996 0.0 23883.3333
3.2585 1.609 -7.3248 3.2501 13.5996 0.0 23900.0
3.2506 1.6109 -7.3571 3.2501 13.5996 0.0 23916.6667
3.2425 1.6128 -7.3907 3.2501 13.5996 0.0 23933.3333
3.2349 1.6147 -7.4222 3.2619 13.5996 0.0 23950.0
3.2272 1.6166 -7.454 3.3325 13.5888 0.0 23966.6667
3.2195 1.6186 -7.4862 3.523 13.4975 0.0001 23983.3333
3.2116 1.621 -7.5199 3.9296 13.1584 0.0005 24000.0
3.2045 1.6235 -7.5516 4.5229 12.4623 0.0013 24016.6667
3.1981 1.6265 -7.5835 5.2581 11.4035 0.0008 24033.3333
3.1921 1.6299 -7.616 5.7658 10.4684 0.0003 24050.0
3.1863 1.6336 -7.65 6.0825 9.8565 0.0 24066.6667
3.1808 1.6371 -7.6819 6.2001 9.6996 0.0 24083.3333
3.1753 1.6406 -7.7139 6.2001 9.6996 0.0 24100.0
3.1698 1.6442 -7.7464 6.2084 9.6996 0.0 24116.6667
3.164 1.648 -7.7804 6.2501 9.6996 0.0 24133.3333
3.1585 1.6515 -7.8123 6.2501 9.6996 0.0 24150.0
3.153 1.6551 -7.8447 6.2501 9.6996 0.0 24166.6667
3.1472 1.6589 -7.8787 6.2697 9.6996 0.0 24183.3333
3.1417 1.6626 -7.9106 6.3589 9.6996 0.0 24200.0
3.1362 1.6662 -7.9427 6.4001 9.6996 0.0 24216.6667
3.1307 1.6698 -7.9751 6.4147 9.7069 0.0 24233.3333
3.1249 1.6738 -8.0091 6.5089 9.7584 0.0 24250.0
3.1193 1.6775 -8.0409 6.5736 9.8388 0.0 24266.6667
3.1135 1.6815 -8.0733 6.722 10.0933 0.0 24283.3333
3.1073 1.6855 -8.1072 6.8677 10.4202 -0.0001 24300.0
3.1012 1.6895 -8.139 6.9736 10.8359 -0.0001 24316.6667
3.0948 1.6936 -8.1709 7.1138 11.3957 -0.0001 24333.3333
3.088 1.6977 -8.2027 7.2236 12.1702 -0.0003 24350.0
3.0803 1.7019 -8.2345 7.4157 13.6058 -0.0002 24366.6667
3.0714 1.7065 -8.2677 7.5501 15.1212 0.0 24383.3333
3.0621 1.7108 -8.2989 7.5501 16.3871 0.0 24400.0
3.0515 1.7154 -8.3317 7.5501 17.8329 0.0 24416.6667
3.0412 1.7197 -8.3624 7.5501 18.6869 0.0 24433.3333
3.0303 1.724 -8.3929 7.5501 19.6025 0.0 24450.0
3.0191 1.7284 -8.4236 7.5501 20.0569 0.0 24466.6667
3.0069 1.7329 -8.4559 7.5501 20.6114 0.0 24483.3333
2.9953 1.7372 -8.486 7.5442 21.0878 0.0 24500.0
2.9833 1.7414 -8.5162 7.4854 21.828 0.0001 24516.6667
2.9706 1.7457 -8.5464 7.3459 22.6288 0.0 24533.3333
2.9569 1.7501 -8.578 7.2942 23.5937 0.0 24550.0
2.9435 1.7542 -8.6074 7.2452 24.4221 0.0001 24566.6667
2.9295 1.7583 -8.6368 7.1962 25.6123 0.0 24583.3333
2.9149 1.7624 -8.666 7.1501 26.4058 0.0 24600.0
2.899 1.7667 -8.6967 7.1452 27.3182 0.0 24616.6667
2.8839 1.7707 -8.7252 7.0845 28.0398 0.0002 24633.3333
2.868 1.7747 -8.7538 6.897 29.1371 0.0 24650.0
2.8508 1.7788 -8.7837 6.8452 29.7682 0.0 24666.6667
2.8344 1.7827 -8.8117 6.7884 30.4506 0.0001 24683.3333
2.8176 1.7865 -8.8396 6.6297 31.132 0.0003 24700.0
2.7999 1.79 -8.8671 6.2693 32.5642 0.0009 24716.6667
2.7799 1.7935 -8.8954 5.5037 35.3839 0.0011 24733.3333
2.76 1.7963 -8.9211 4.9012 37.7555 0.0018 24750.0
2.7384 1.7986 -8.9458 4.0756 41.1621 0.0007 24766.6667
2.7143 1.8006 -8.9708 3.443 44.0477 0.0025 24783.3333
2.6901 1.8022 -8.9927 2.73 47.7173 0.0007 24800.0
2.6648 1.8036 -9.0135 2.3868 50.5232 0.0006 24816.6667
2.6384 1.8047 -9.033 2.0451 53.6184 0.0002 24833.3333
2.6093 1.8058 -9.052 1.7803 57.0321 0.001 24850.0
2.5808 1.8066 -9.0682 1.4334 60.0889 0.0011 24866.6667
2.5515 1.8072 -9.0828 0.9963 63.5311 0.0001 24883.3333
2.5218 1.8076 -9.0966 0.8001 65.0997 0.0 24900.0
2.4895 1.8079 -9.1097 0.4427 68.0458 0.0004 24916.6667
2.4587 1.8081 -9.1206 0.2445 70.4419 0.0003 24933.3333
2.4274 1.808 -9.1304 -0.0499 72.5497 0.0 24950.0
2.3938 1.8078 -9.1396 -0.3556 74.687 0.0002 24966.6667
2.3621 1.8075 -9.1478 -0.5046 75.6281 0.0002 24983.3333
