0.0 5.0 10.0 0.0 0.0 0.0 0.0
0.0 5.0 10.0 0.0 0.0 0.0 16.6667
0.0 5.0 10.0 0.0 0.0 0.0 33.3333
0.0 5.0 10.0 0.0 0.0 0.0 50.0
0.0 5.0 10.0 0.0 0.0 0.0 66.6667
0.0 5.0 10.0 0.0 0.0 0.0 83.3333
0.0 5.0 10.0 0.0 0.0 0.0 100.0
0.0 5.0 10.0 0.0 0.0 0.0 116.6667
0.0 5.0 10.0 0.0 0.0 0.0 133.3333
0.0 5.0 10.0 0.0 0.0 0.0 150.0
0.0 5.0 10.0 0.0 0.0 0.0 166.6667
0.0 5.0 10.0 0.0 0.0 0.0 183.3333
0.0 5.0 10.0 0.0 0.0 0.0 200.0
0.0 5.0 10.0 0.0 0.0 0.0 216.6667
0.0 5.0 10.0 0.0 0.0 0.0 233.3333
0.0 5.0 10.0 0.0 0.0 0.0 250.0
0.0 5.0 10.0 0.0 0.0 0.0 266.6667
0.0 5.0 10.0 0.0 0.0 0.0 283.3333
0.0 5.0 10.0 0.0143 0.0 0.0 300.0
0.0 5.0 10.0 0.05 0.0 0.0 316.6667
0.0 5.0 10.0 0.3344 -0.0178 0.0001 333.3333
0.0 5.0 10.0 0.85 -0.05 0.0 350.0
0.0 5.0 10.0 1.0833 -0.05 0.0 366.6667
0.0 5.0 10.0002 1.8177 -0.05 0.0 383.3333
0.0 5.0001 9.9992 2.6235 0.0118 -0.0004 400.0
0.0 4.9997 10.0032 4.0 0.0667 0.0004 416.6667
0.0 5.0006 9.994 5.4595 0.0 0.0 433.3333
0.0 5.0047 9.9529 5.725 -0.0187 0.0 450.0
0.0 5.008 9.9206 5.85 -0.05 0.0 466.6667
0.0001 5.0113 9.8879 5.8686 -0.05 0.0 483.3333
0.0001 5.0148 9.8545 5.9188 -0.05 0.0 500.0
0.0001 5.0184 9.8206 5.95 -0.05 0.0 516.6667
0.0001 5.0218 9.7874 5.95 -0.05 0.0 533.3333
0.0002 5.0254 9.7529 5.95 -0.05 0.0 550.0
0.0002 5.0287 9.7219 5.95 -0.05 0.0 566.6667
0.0002 5.0321 9.6893 5.95 -0.05 0.0 583.3333
0.0003 5.0354 9.6571 5.95 -0.05 0.0 600.0
0.0003 5.0387 9.6256 5.95 -0.05 0.0 616.6667
0.0003 5.0425 9.5889 5.95 -0.05 0.0 633.3333
0.0003 5.0456 9.5593 5.95 -0.05 0.0 650.0
0.0004 5.0494 9.5227 5.95 -0.05 0.0 666.6667
0.0004 5.0528 9.4902 5.95 -0.05 0.0 683.3333
0.0004 5.0564 9.4557 5.95 -0.05 0.0 700.0
0.0005 5.0597 9.4237 5.95 -0.05 0.0 716.6667
0.0005 5.0633 9.3899 5.95 -0.05 0.0 733.3333
0.0005 5.0666 9.3572 5.95 -0.05 0.0 750.0
0.0006 5.0698 9.3276 5.95 -0.05 0.0 766.6667
0.0006 5.0735 9.2921 5.95 -0.05 0.0 783.3333
0.0006 5.0768 9.2592 5.95 -0.05 0.0 800.0
0.0006 5.0802 9.2271 5.95 -0.05 0.0 816.6667
0.0007 5.084 9.1909 5.95 -0.05 0.0 833.3333
0.0007 5.0874 9.1583 5.9656 -0.05 0.0 850.0
0.0007 5.091 9.1239 6.0333 -0.0833 0.0 866.6667
0.0008 5.0945 9.0915 6.1314 -0.1657 0.0 883.3333
0.001 5.098 9.0593 6.2 -0.2 0.0 900.0
0.0008 5.101 9.0315 6.2421 -0.2351 0.0001 916.6667
0.0014 5.1045 9.0014 6.5 -0.45 0.0 933.3333
-0.0044 5.1095 8.9578 6.5694 -0.5056 0.0001 950.0
-0.039 5.1129 8.9288 6.8147 -0.7471 0.0002 966.6667
-0.0712 5.1171 8.8943 7.05 -1.1 0.0 983.3333
-0.1038 5.1212 8.8608 7.1658 -1.4579 0.0014 1000.0
-0.1325 5.1253 8.8289 7.6417 -2.9012 0.0003 1016.6667
-0.1667 5.1304 8.7903 7.9894 -3.778 0.0002 1033.3333
-0.1889 5.1338 8.7648 8.1409 -4.2705 0.0 1050.0
-0.2286 5.1401 8.7187 8.35 -4.55 0.0 1066.6667
-0.2531 5.1439 8.6902 8.3528 -4.5542 0.0 1083.3333
-0.2934 5.1503 8.6433 8.4917 -4.7556 0.0001 1100.0
-0.3198 5.1548 8.612 8.7832 -5.1062 0.0011 1116.6667
-0.3518 5.1608 8.5731 9.4892 -5.8765 0.0002 1133.3333
-0.3786 5.1659 8.5404 9.76 -6.12 0.0 1150.0
-0.4043 5.1709 8.5089 9.8154 -6.2128 0.0 1166.6667
-0.4399 5.1779 8.465 10.1 -6.45 0.0 1183.3333
-0.462 5.1823 8.4377 10.1 -6.45 0.0 1200.0
-0.497 5.1895 8.394 10.4833 -6.775 0.0003 1216.6667
-0.525 5.1957 8.3585 10.975 -7.25 0.0003 1233.3333
-0.5492 5.2012 8.3273 11.35 -7.75 0.0 1250.0
-0.5838 5.2096 8.2817 11.8693 -8.4193 0.0 1266.6667
-0.608 5.2156 8.2497 11.9738 -8.5238 0.0 1283.3333
-0.6413 5.224 8.2054 12.2111 -8.7722 0.0 1300.0
-0.6648 5.23 8.1738 12.269 -8.8754 0.0 1316.6667
-0.6865 5.2356 8.1447 12.3881 -9.0341 0.0 1333.3333
-0.7232 5.2455 8.0935 12.6781 -9.6062 0.0001 1350.0
-0.7514 5.2516 8.0612 12.8 -9.8704 0.0 1366.6667
-0.7808 5.251 8.059 12.8111 -9.9667 0.0 1383.3333
-0.8055 5.2511 8.0542 12.8905 -10.0857 0.0 1400.0
-0.8511 5.2511 8.046 12.95 -10.1 0.0 1416.6667
-0.875 5.2511 8.0418 12.95 -10.1 0.0 1433.3333
-0.9187 5.2511 8.0339 12.95 -10.2118 0.0 1450.0
-0.9491 5.2511 8.0283 12.9931 -10.3039 0.0001 1466.6667
-0.9808 5.2511 8.0224 13.1763 -10.5439 0.0 1483.3333
-1.01 5.2511 8.0169 13.3214 -10.7786 0.0001 1500.0
-1.0486 5.2511 8.0092 13.6431 -11.2039 0.0001 1516.6667
-1.0796 5.2511 8.003 13.8294 -11.4392 0.0 1533.3333
-1.1125 5.2511 7.9962 14.0156 -11.6562 0.0001 1550.0
-1.1458 5.2511 7.9891 14.3407 -11.9509 0.0001 1566.6667
-1.1763 5.2511 7.9825 14.5729 -12.2229 0.0003 1583.3333
-1.2103 5.2511 7.9748 15.0749 -12.725 0.0003 1600.0
-1.2395 5.2511 7.968 15.4807 -13.1263 0.0001 1616.6667
-1.2679 5.2511 7.9613 15.7877 -13.3895 0.0 1633.3333
-1.3087 5.2511 7.9511 16.4293 -14.1471 0.0003 1650.0
-1.3386 5.2511 7.9431 16.8701 -14.6842 0.0003 1666.6667
-1.3671 5.2511 7.9354 17.3098 -15.2118 0.0001 1683.3333
-1.3987 5.2511 7.9265 17.8 -15.8 0.0 1700.0
-1.4259 5.2511 7.9184 18.37 -16.5456 0.0005 1716.6667
-1.4657 5.2511 7.906 18.9235 -17.2236 0.0001 1733.3333
-1.4963 5.2511 7.8964 19.2056 -17.5057 0.0 1750.0
-1.5258 5.2511 7.887 19.2981 -17.5982 0.0 1766.6667
-1.5589 5.2511 7.8764 19.5553 -17.8554 0.0 1783.3333
-1.5859 5.2511 7.8676 19.8184 -18.1185 0.0001 1800.0
-1.6256 5.2511 7.8544 19.9697 -18.2648 0.0 1816.6667
-1.6557 5.2511 7.8444 20.1538 -18.4075 0.0 1833.3333
-1.6852 5.2511 7.8345 20.2001 -18.5001 0.0 1850.0
-1.7202 5.2511 7.8227 20.305 -18.7099 0.0 1866.6667
-1.7511 5.2511 7.8121 20.3543 -18.8043 0.0 1883.3333
-1.784 5.2511 7.8009 20.4119 -18.8677 0.0 1900.0
-1.8149 5.2511 7.7902 20.505 -19.0099 0.0 1916.6667
-1.8457 5.2511 7.7796 20.5606 -19.1141 0.0 1933.3333
-1.8732 5.2511 7.77 20.6922 -19.2896 0.0 1950.0
-1.908 5.2511 7.7576 20.9063 -19.6084 0.0 1966.6667
-1.9401 5.2511 7.7461 21.0559 -19.8088 0.0 1983.3333
-1.9619 5.2511 7.7381 21.1284 -19.9175 0.0 2000.0
-1.9929 5.2511 7.7267 21.3445 -20.1834 0.0001 2016.6667
-2.0356 5.2511 7.7108 21.6079 -20.5079 0.0 2033.3333
-2.0649 5.2511 7.6997 21.7023 -20.6088 0.0 2050.0
-2.0847 5.2511 7.6923 21.7385 -20.7537 0.0 2066.6667
-2.1248 5.2511 7.6768 21.939 -21.0834 0.0 2083.3333
-2.1511 5.2511 7.6666 22.1025 -21.2144 0.0001 2100.0
-2.1786 5.2511 7.6558 22.3323 -21.4689 0.0001 2116.6667
-2.2206 5.2511 7.639 22.6532 -21.8532 0.0 2133.3333
-2.2522 5.2511 7.6262 22.8191 -22.0263 0.0001 2150.0
-2.2754 5.2511 7.6166 23.1365 -22.4628 0.0003 2166.6667
-2.3132 5.2511 7.6008 23.404 -22.755 0.0 2183.3333
-2.3433 5.2511 7.588 23.6001 -23.0001 0.0 2200.0
-2.3734 5.2511 7.5751 23.7962 -23.1962 0.0 2216.6667
-2.4035 5.2511 7.562 24.0883 -23.4883 0.0 2233.3333
-2.4353 5.2511 7.5481 24.2001 -23.6001 0.0 2250.0
-2.4671 5.2511 7.5341 24.4021 -23.754 0.0 2266.6667
-2.4971 5.2511 7.5208 24.456 -23.856 0.0 2283.3333
-2.5271 5.2511 7.5074 24.7501 -24.1501 0.0 2300.0
-2.5569 5.2511 7.4939 24.9462 -24.3462 0.0 2316.6667
-2.5886 5.2511 7.4794 25.1029 -24.502 0.0 2333.3333
-2.6169 5.2511 7.4665 25.2418 -24.5945 0.0 2350.0
-2.6408 5.2511 7.4555 25.2874 -24.6747 0.0 2366.6667
-2.6688 5.2511 7.4426 25.3709 -24.8417 0.0 2383.3333
-2.7094 5.2511 7.4236 25.5502 -25.1 0.0 2400.0
-2.7391 5.2511 7.4095 25.6482 -25.2472 0.0 2416.6667
-2.7637 5.2511 7.3979 25.7319 -25.3726 0.0 2433.3333
-2.7946 5.2511 7.3831 25.8314 -25.5626 0.0 2450.0
-2.8234 5.2511 7.3692 25.9306 -25.8413 0.0 2466.6667
-2.8608 5.2511 7.3508 25.9517 -26.2539 0.0 2483.3333
-2.8833 5.2511 7.3397 26.0275 -26.4433 0.0 2500.0
-2.9125 5.2511 7.3247 26.1668 -27.0834 0.0002 2516.6667
-2.9481 5.2511 7.3061 26.2954 -27.5834 0.0 2533.3333
-2.9774 5.2511 7.2905 26.3943 -27.8825 0.0 2550.0
-3.0043 5.2511 7.2762 26.4872 -28.2047 0.0 2566.6667
-3.0365 5.2511 7.2585 26.6913 -28.6801 0.0 2583.3333
-3.0653 5.2511 7.2425 26.7943 -29.0295 0.0 2600.0
-3.0939 5.2511 7.2265 26.8923 -29.2805 0.0 2616.6667
-3.1224 5.2511 7.2104 26.9453 -29.3903 0.0 2633.3333
-3.1512 5.2511 7.1941 26.9502 -29.5766 0.0 2650.0
-3.1774 5.2511 7.1791 26.9503 -29.8038 0.0 2666.6667
-3.211 5.2511 7.1596 26.9502 -30.1358 0.0 2683.3333
-3.2396 5.2511 7.1427 26.9031 -30.5266 0.0 2700.0
-3.2632 5.2511 7.1288 26.861 -30.7068 0.0 2716.6667
-3.2913 5.2511 7.1116 26.4653 -31.5595 -0.0009 2733.3333
-3.3228 5.2511 7.0914 25.8306 -32.6234 -0.0007 2750.0
-3.3502 5.2511 7.0729 24.587 -34.0874 -0.0026 2766.6667
-3.378 5.2511 7.0524 22.6561 -36.4053 -0.0046 2783.3333
-3.404 5.2511 7.0317 21.0409 -38.5472 -0.004 2800.0
-3.4264 5.2511 7.0121 19.1216 -40.9229 -0.0126 2816.6667
-3.4477 5.2511 6.9927 18.0501 -42.2317 -0.0024 2833.3333
-3.4706 5.2511 6.9707 16.7566 -43.8814 -0.0093 2850.0
-3.4996 5.2511 6.941 15.2539 -45.5834 -0.0052 2866.6667
-3.5237 5.2511 6.9156 14.2353 -46.6168 -0.0024 2883.3333
-3.5453 5.2511 6.8919 13.0609 -47.8564 -0.006 2900.0
-3.5692 5.2511 6.864 11.8532 -49.2334 -0.0039 2916.6667
-3.5859 5.2511 6.8442 11.0975 -50.2168 -0.0027 2933.3333
-3.6086 5.2511 6.8153 10.1135 -51.6626 -0.0062 2950.0
-3.6322 5.2511 6.7841 9.2058 -53.0364 -0.002 2966.6667
-3.6466 5.2511 6.7641 8.5917 -54.0971 -0.0043 2983.3333
-3.6635 5.2511 6.7398 7.9817 -55.1401 -0.0017 3000.0
-3.6856 5.2511 6.7062 7.1093 -56.7453 -0.0079 3016.6667
-3.7031 5.2511 6.6776 6.2239 -58.5686 -0.0049 3033.3333
-3.7203 5.2511 6.6476 5.5135 -60.0601 -0.0037 3050.0
-3.7359 5.2511 6.6195 5.1385 -60.965 -0.0006 3066.6667
-3.751 5.2511 6.5915 4.8949 -61.6407 -0.001 3083.3333
-3.766 5.2511 6.563 4.6795 -62.2369 -0.0004 3100.0
-3.7798 5.2511 6.5361 4.5611 -62.6177 -0.0001 3116.6667
-3.7945 5.2511 6.5077 4.4816 -62.8374 0.0 3133.3333
-3.8119 5.2511 6.4735 4.4502 -62.9501 0.0 3150.0
-3.8308 5.2511 6.4362 4.4502 -63.0001 0.0 3166.6667
-3.8403 5.2511 6.4177 4.4266 -63.0473 0.0 3183.3333
-3.8554 5.2511 6.388 4.4002 -63.1365 0.0 3200.0
-3.8749 5.2511 6.3493 4.4002 -63.2001 0.0 3216.6667
-3.8885 5.2511 6.3224 4.4002 -63.2276 0.0 3233.3333
-3.9034 5.2511 6.2926 4.3475 -63.5148 -0.0002 3250.0
-3.918 5.2511 6.2624 4.2195 -64.2105 -0.0006 3266.6667
-3.9328 5.2511 6.2303 4.0634 -65.1834 -0.0008 3283.3333
-3.9463 5.2511 6.2 3.9125 -66.0119 -0.0005 3300.0
-3.96 5.2511 6.1683 3.7604 -66.9949 -0.0009 3316.6667
-3.9705 5.2512 6.1395 3.6194 -67.9396 -0.0008 3333.3333
-3.9856 5.251 6.1098 3.5237 -68.6434 -0.0002 3350.0
-3.9804 5.2521 6.0696 3.4719 -69.2413 -0.0002 3366.6667
-3.9587 5.2542 6.0294 3.4502 -69.5738 0.0 3383.3333
-3.9429 5.2558 5.9923 3.4502 -69.6501 0.0 3400.0
-3.9253 5.2576 5.9548 3.4639 -69.6501 0.0 3416.6667
-3.9038 5.2599 5.907 3.5543 -69.7043 0.0001 3433.3333
-3.8762 5.2628 5.8536 3.7559 -69.9325 0.0003 3450.0
-3.8765 5.2636 5.8206 3.9768 -70.3815 0.0011 3466.6667
-3.8757 5.2645 5.7864 4.2149 -71.0473 0.0013 3483.3333
-3.8512 5.2672 5.7448 4.3503 -71.7782 0.0 3500.0
-3.8276 5.27 5.6984 4.3503 -72.839 0.0 3516.6667
-3.8066 5.2724 5.66 4.2589 -74.0568 -0.0021 3533.3333
-3.7829 5.2744 5.6215 3.8731 -76.3359 -0.0234 3550.0
-3.753 5.2766 5.5776 3.304 -79.4188 -0.0068 3566.6667
-3.7266 5.2782 5.5419 2.9219 -81.4776 -0.0169 3583.3333
-3.6963 5.2797 5.5042 2.4445 -83.7251 -0.0193 3600.0
-3.6653 5.281 5.4676 2.1283 -85.361 -0.0044 3616.6667
-3.6347 5.2819 5.4336 1.8159 -87.0521 -0.0598 3633.3333
-3.6015 5.2827 5.3991 1.3469 -88.7002 -0.0216 3650.0
-3.567 5.2833 5.3642 1.1648 -89.6603 -0.092 3666.6667
-3.5377 5.2838 5.3353 -179.2059 -89.4745 -179.948 3683.3333
-3.5065 5.284 5.306 -179.5797 -88.2498 -179.92 3700.0
-3.4656 5.2839 5.2703 179.7733 -86.0055 -179.9618 3716.6667
-3.4276 5.2834 5.2397 179.1451 -83.9083 -179.9724 3733.3333
-3.3953 5.2827 5.2153 178.6701 -81.871 -179.9855 3750.0
-3.3577 5.2817 5.1897 178.1591 -79.4077 -179.9761 3766.6667
-3.3155 5.2803 5.164 177.5527 -76.361 -179.9929 3783.3333
-3.2746 5.2786 5.1408 177.1905 -74.5713 -179.9973 3800.0
-3.2275 5.2765 5.1157 176.7436 -72.7852 -179.991 3816.6667
-3.1872 5.2744 5.0961 176.2528 -71.0323 -179.9964 3833.3333
-3.145 5.2719 5.077 175.6136 -69.0471 -179.9815 3850.0
-3.1064 5.2693 5.0622 174.7566 -66.1499 -179.9887 3866.6667
-3.0597 5.2655 5.0462 174.0319 -63.8832 -179.9981 3883.3333
-3.008 5.2613 5.0299 173.4368 -61.961 -179.991 3900.0
-2.9663 5.2574 5.0189 172.7814 -59.9724 -179.9963 3916.6667
-2.9246 5.2533 5.0087 172.1415 -58.1291 -179.9907 3933.3333
-2.8832 5.2486 5.001 171.2127 -55.5535 -179.989 3950.0
-2.8301 5.242 4.9936 170.0337 -52.4183 -179.9968 3966.6667
-2.7918 5.237 4.9896 169.4696 -50.5009 -179.9945 3983.3333
-2.7418 5.2299 4.987 168.5495 -47.4999 -179.9937 4000.0
-2.69 5.2221 4.9867 167.8364 -44.6507 -179.9994 4016.6667
-2.6516 5.2162 4.9871 167.6913 -43.8012 -180.0 4033.3333
-2.595 5.2075 4.9881 167.6027 -43.0973 -179.9997 4050.0
-2.5571 5.2016 4.9901 167.4006 -41.5685 -179.996 4066.6667
-2.5084 5.1937 4.9958 167.0503 -37.7142 -180.0 4083.3333
-2.4558 5.1852 5.0028 167.0503 -36.5705 -180.0 4100.0
-2.4115 5.178 5.0093 167.0503 -36.0397 180.0 4116.6667
-2.3724 5.1716 5.0151 167.0606 -35.7586 180.0 4133.3333
-2.3345 5.1655 5.0209 167.1003 -35.5999 180.0 4150.0
-2.2758 5.1567 5.0314 167.9856 -33.9482 179.9994 4166.6667
-2.2385 5.1511 5.0398 168.1003 -32.1614 180.0 4183.3333
-2.1851 5.1429 5.0525 168.1003 -30.7713 -180.0 4200.0
-2.1496 5.1376 5.0617 168.1198 -30.1749 179.9999 4216.6667
-2.0921 5.1291 5.0766 168.597 -29.7232 179.9999 4233.3333
-2.0551 5.124 5.0866 169.1622 -29.573 179.9993 4250.0
-1.9996 5.1169 5.102 170.0503 -29.0157 180.0 4266.6667
-1.9639 5.1123 5.1123 170.0503 -28.4314 180.0 4283.3333
-1.9194 5.1066 5.1263 170.0503 -27.1653 180.0 4300.0
-1.8648 5.0996 5.1439 170.0503 -26.6666 180.0 4316.6667
-1.8231 5.0941 5.1576 170.0503 -26.5058 180.0 4333.3333
-1.7789 5.0884 5.1722 170.0797 -26.1823 179.9999 4350.0
-1.7353 5.0828 5.187 170.1503 -25.8175 180.0 4366.6667
-1.6922 5.0773 5.2019 170.1503 -25.5999 180.0 4383.3333
-1.647 5.0715 5.2175 170.1636 -25.5332 180.0 4400.0
-1.5997 5.0654 5.234 170.2318 -25.2869 180.0 4416.6667
-1.5595 5.0603 5.2483 170.3258 -25.0989 180.0 4433.3333
-1.515 5.0547 5.2641 170.4003 -24.9249 180.0 4450.0
-1.4692 5.0489 5.2806 170.4003 -24.8499 180.0 4466.6667
-1.4272 5.0436 5.2957 170.4003 -24.8499 180.0 4483.3333
-1.385 5.0383 5.3109 170.4003 -24.8499 180.0 4500.0
-1.3356 5.0321 5.3286 170.4003 -24.8499 -180.0 4516.6667
-1.297 5.0272 5.3424 170.4106 -24.8499 -180.0 4533.3333
-1.2609 5.0226 5.3554 170.4503 -24.8499 -180.0 4550.0
-1.2031 5.0154 5.3762 170.5003 -24.7499 180.0 4566.6667
-1.1641 5.0106 5.3904 170.5316 -24.6978 179.9999 4583.3333
-1.1179 5.0049 5.4074 170.6738 -24.4528 180.0 4600.0
-1.0742 4.9995 5.4236 170.7503 -24.2999 180.0 4616.6667
-1.0302 4.9942 5.4395 170.7503 -24.2771 180.0 4633.3333
-0.9907 4.9894 5.4552 170.8453 -23.1213 179.9943 4650.0
-0.9427 4.9836 5.4816 171.4831 -15.8401 179.9984 4666.6667
-0.9041 4.979 5.5053 171.741 -13.1582 179.9995 4683.3333
-0.8631 4.9741 5.533 172.0128 -10.5675 179.9961 4700.0
-0.8286 4.9701 5.56 172.5112 -6.8674 179.9971 4716.6667
-0.7969 4.9663 5.5881 172.8868 -3.5437 179.9994 4733.3333
-0.7613 4.9622 5.6215 173.1161 -1.6473 179.9999 4750.0
-0.7322 4.9588 5.6493 173.2056 -1.0736 180.0 4766.6667
-0.703 4.9555 5.6779 173.3372 -0.4157 179.9999 4783.3333
-0.6644 4.951 5.7177 173.5379 1.0095 179.9999 4800.0
-0.6265 4.9467 5.7576 173.5576 1.6073 180.0 4816.6667
-0.6041 4.9441 5.7812 173.63 1.6798 180.0 4833.3333
-0.5709 4.9404 5.8159 173.6503 1.7401 180.0 4850.0
-0.5308 4.9357 5.8609 173.9503 3.5501 180.0 4866.6667
-0.5004 4.9323 5.8951 173.9527 3.562 180.0 4883.3333
-0.4756 4.9296 5.9237 174.0717 4.1572 179.9998 4900.0
-0.4507 4.9269 5.9529 174.1707 4.5464 179.9999 4916.6667
-0.4093 4.9223 6.0013 174.2003 4.6501 180.0 4933.3333
-0.3778 4.9189 6.0397 174.5503 5.8001 180.0 4950.0
-0.3512 4.9161 6.0724 174.6819 5.9755 180.0 4966.6667
-0.329 4.9139 6.0997 174.7361 6.0001 180.0 4983.3333
-0.2901 4.9099 6.1474 174.842 6.0001 -180.0 5000.0
-0.2591 4.9068 6.1855 174.8844 6.0001 -180.0 5016.6667
-0.2304 4.904 6.221 174.9586 6.0001 180.0 5033.3333
-0.2004 4.9011 6.258 175.1768 6.0883 179.9999 5050.0
-0.1701 4.8984 6.2955 175.3287 6.1501 180.0 5066.6667
-0.1481 4.8964 6.3226 175.3503 6.1501 -180.0 5083.3333
-0.1182 4.8937 6.3596 175.3836 6.1501 180.0 5100.0
-0.0851 4.8907 6.4006 175.4503 6.1501 180.0 5116.6667
-0.0617 4.8886 6.4296 175.46 6.1501 -180.0 5133.3333
-0.0189 4.8849 6.4825 175.5209 6.1501 -180.0 5150.0
0.0103 4.8823 6.5187 175.5503 6.1501 180.0 5166.6667
0.0402 4.8797 6.5557 175.6003 6.1501 180.0 5183.3333
0.0647 4.8776 6.586 175.719 6.1501 180.0 5200.0
0.1008 4.8748 6.6308 175.8503 6.1398 -180.0 5216.6667
0.1406 4.8715 6.6799 175.9061 6.0815 -180.0 5233.3333
0.1683 4.8693 6.714 176.0288 6.0358 -180.0 5250.0
0.1957 4.8672 6.7478 176.1063 6.0001 -180.0 5266.6667
0.2355 4.8643 6.7969 176.1503 5.9846 -180.0 5283.3333
0.2727 4.8614 6.8427 176.1709 5.9501 180.0 5300.0
0.3038 4.8592 6.8807 176.3055 5.8975 -179.9999 5316.6667
0.3358 4.8571 6.92 176.558 5.8001 -180.0 5333.3333
0.3748 4.8546 6.9675 176.719 5.8001 -180.0 5350.0
0.4062 4.8526 7.007 176.7678 5.8001 180.0 5366.6667
0.4412 4.8506 7.0469 176.8724 5.8579 179.9999 5383.3333
0.4678 4.8483 7.0951 177.0502 6.0001 180.0 5400.0
0.4584 4.8463 7.1328 177.0678 6.0001 180.0 5416.6667
0.4563 4.8445 7.1682 177.1895 6.0001 180.0 5433.3333
0.4517 4.8428 7.2082 177.5252 6.0001 -180.0 5450.0
0.4473 4.8411 7.2502 177.7794 6.1167 179.9999 5466.6667
0.4428 4.8397 7.2899 177.9064 6.386 -180.0 5483.3333
0.439 4.8386 7.3243 178.1121 6.3147 -179.9999 5500.0
0.4346 4.8374 7.3655 178.4765 6.1311 -179.9999 5516.6667
0.4299 4.8365 7.4103 178.8299 6.0501 180.0 5533.3333
0.4258 4.8358 7.4478 178.9936 6.0634 -180.0 5550.0
0.4212 4.8354 7.4917 179.3335 6.1001 180.0 5566.6667
0.4171 4.8351 7.5296 179.5002 6.1001 -180.0 5583.3333
0.4128 4.8347 7.5702 179.5158 6.1001 -180.0 5600.0
0.4086 4.8344 7.6093 179.6099 6.0852 -180.0 5616.6667
0.4047 4.8343 7.6455 179.8169 5.9834 -179.9999 5633.3333
0.4003 4.8345 7.69 -179.8717 5.6875 -179.9999 5650.0
0.3964 4.8347 7.7309 -179.6331 5.5 -179.9999 5666.6667
0.3926 4.835 7.7714 -179.437 5.3529 -179.9999 5683.3333
0.3888 4.8356 7.8136 -179.2998 5.25 -180.0 5700.0
0.3847 4.8362 7.8584 -179.2665 5.2 -180.0 5716.6667
0.3809 4.8368 7.9002 -179.1684 5.0529 -180.0 5733.3333
0.3774 4.8376 7.9435 -178.9968 4.6853 -179.9994 5750.0
0.3744 4.8385 7.9868 -178.7498 4.05 -180.0 5766.6667
0.3714 4.8394 8.0294 -178.7081 3.9563 -179.9999 5783.3333
0.3686 4.8407 8.0756 -178.5276 3.5778 -180.0 5800.0
0.366 4.8418 8.1175 -178.4498 3.4917 -180.0 5816.6667
0.363 4.8432 8.1671 -178.4394 3.4396 -180.0 5833.3333
0.3602 4.8445 8.2144 -178.3998 3.3765 -180.0 5850.0
0.3574 4.8458 8.2624 -178.3998 3.2878 -180.0 5866.6667
0.3549 4.8471 8.3084 -178.4346 3.2152 180.0 5883.3333
0.3531 4.8479 8.3424 -178.5433 3.1065 180.0 5900.0
0.3495 4.8495 8.4081 -178.6365 3.0378 180.0 5916.6667
0.3471 4.8505 8.4558 -178.9098 2.92 179.9997 5933.3333
0.3453 4.8508 8.4964 -179.391 2.6765 179.9999 5950.0
0.3431 4.8511 8.5441 -179.6998 2.5 180.0 5966.6667
0.341 4.8513 8.5924 -179.7331 2.4714 179.9999 5983.3333
0.339 4.8513 8.647 179.8802 2.15 179.9999 6000.0
0.3376 4.851 8.687 179.5526 1.9405 179.9999 6016.6667
0.3359 4.8496 8.7423 178.6002 1.75 180.0 6033.3333
0.3349 4.8487 8.7789 178.6002 1.75 180.0 6050.0
0.333 4.8473 8.8371 178.595 1.7396 180.0 6066.6667
0.3316 4.8459 8.8873 178.5113 1.5956 179.9999 6083.3333
0.3308 4.8442 8.9405 177.9844 0.7105 179.9939 6100.0
0.3321 4.8418 8.9798 176.7764 -1.5437 179.9999 6116.6667
0.3333 4.8396 9.0155 176.5383 -1.9802 179.9998 6133.3333
0.3362 4.8352 9.087 176.4502 -2.25 180.0 6150.0
0.3378 4.8325 9.1296 176.4502 -2.25 180.0 6166.6667
0.3394 4.83 9.1702 176.4502 -2.25 -180.0 6183.3333
0.3415 4.8267 9.224 176.4502 -2.25 -180.0 6200.0
0.3436 4.8235 9.2752 176.4502 -2.25 -180.0 6216.6667
0.3449 4.8214 9.3087 176.4502 -2.25 -180.0 6233.3333
0.3471 4.8178 9.3662 176.4502 -2.25 -180.0 6250.0
0.3489 4.815 9.411 176.4502 -2.25 -180.0 6266.6667
0.3515 4.811 9.477 176.4502 -2.25 -180.0 6283.3333
0.3538 4.8073 9.5364 176.4502 -2.25 -180.0 6300.0
0.3559 4.8041 9.5888 176.4502 -2.25 -180.0 6316.6667
0.3581 4.8006 9.6443 176.4502 -2.25 -180.0 6333.3333
0.3602 4.7973 9.6984 176.4502 -2.25 -180.0 6350.0
0.3623 4.7939 9.7518 176.4502 -2.25 -180.0 6366.6667
0.3639 4.7914 9.7926 176.4502 -2.25 -180.0 6383.3333
0.3666 4.7871 9.8617 176.4502 -2.25 -180.0 6400.0
0.3688 4.7837 9.9173 176.4502 -2.25 -180.0 6416.6667
0.3711 4.78 9.9763 176.4502 -2.25 -180.0 6433.3333
0.3733 4.7765 10.0318 176.4502 -2.25 -180.0 6450.0
0.3752 4.7736 10.0799 176.4941 -2.25 -180.0 6466.6667
0.378 4.7694 10.1505 176.6076 -2.3 -180.0 6483.3333
0.3801 4.7664 10.202 176.7002 -2.3 -180.0 6500.0
0.3818 4.7641 10.2446 176.776 -2.3379 -180.0 6516.6667
0.3838 4.7615 10.293 177.1002 -2.4167 -179.9999 6533.3333
0.3874 4.7587 10.3697 178.0294 -2.6333 -179.9999 6550.0
0.388 4.7574 10.4139 178.324 -2.65 -180.0 6566.6667
0.3936 4.7559 10.4842 178.9196 -2.7917 -180.0 6583.3333
0.3429 4.7555 10.5436 179.562 -2.8941 -180.0 6600.0
0.2903 4.7556 10.6002 179.9919 -2.987 -180.0 6616.6667
0.2564 4.7558 10.6407 -179.4038 -3.0 180.0 6633.3333
0.1786 4.7581 10.724 -178.3316 -3.0 -180.0 6650.0
0.1697 4.7602 10.7861 -178.0362 -3.0 180.0 6666.6667
0.1824 4.7622 10.8368 -177.889 -3.0 180.0 6683.3333
0.1828 4.7645 10.894 -177.7027 -3.0 -180.0 6700.0
0.1863 4.7667 10.9483 -177.5998 -3.0 -180.0 6716.6667
0.1893 4.7693 11.0081 -177.5998 -3.0 180.0 6733.3333
0.1918 4.7712 11.0545 -177.5998 -3.0 180.0 6750.0
0.1941 4.7731 11.0996 -177.5998 -3.0 180.0 6766.6667
0.1976 4.7759 11.1671 -177.5998 -3.0 180.0 6783.3333
0.2008 4.7785 11.2275 -177.5998 -3.0 180.0 6800.0
0.2036 4.7807 11.2803 -177.5998 -3.0157 180.0 6816.6667
0.2066 4.7831 11.3368 -177.5998 -3.05 180.0 6833.3333
0.2101 4.7858 11.4036 -177.5998 -3.05 180.0 6850.0
0.2129 4.788 11.4548 -177.5998 -3.05 180.0 6866.6667
0.2156 4.7901 11.5053 -177.5998 -3.05 180.0 6883.3333
0.219 4.7929 11.5704 -177.5998 -3.05 180.0 6900.0
0.2222 4.7953 11.6294 -177.5998 -3.05 -180.0 6916.6667
0.2252 4.7977 11.6861 -177.5998 -3.05 180.0 6933.3333
0.2283 4.8002 11.7441 -177.5998 -3.05 180.0 6950.0
0.2312 4.8025 11.7991 -177.5998 -3.05 180.0 6966.6667
0.2342 4.8049 11.8555 -177.5998 -3.05 180.0 6983.3333
0.237 4.8071 11.9082 -177.5998 -3.0675 180.0 7000.0
0.2395 4.8089 11.9536 -177.5998 -3.1102 180.0 7016.6667
0.2427 4.8113 12.011 -177.5998 -3.1597 180.0 7033.3333
0.2469 4.8145 12.0853 -177.5998 -3.2 180.0 7050.0
0.2492 4.8163 12.1274 -177.5998 -3.2 180.0 7066.6667
0.252 4.8184 12.1771 -177.5998 -3.2 -180.0 7083.3333
0.2563 4.8216 12.2552 -177.5998 -3.2 -180.0 7100.0
0.2592 4.8237 12.3056 -177.5998 -3.2 -180.0 7116.6667
0.2624 4.8261 12.3626 -177.5998 -3.2 -180.0 7133.3333
0.2654 4.8284 12.4178 -177.5998 -3.2176 -180.0 7150.0
0.2687 4.8308 12.4739 -177.5998 -3.25 -180.0 7166.6667
0.2722 4.8334 12.5358 -177.5998 -3.25 -180.0 7183.3333
0.2748 4.8353 12.5831 -177.5998 -3.25 -180.0 7200.0
0.2774 4.8372 12.6278 -177.5998 -3.25 -180.0 7216.6667
0.2819 4.8406 12.707 -177.5998 -3.25 -180.0 7233.3333
0.2847 4.8426 12.7556 -177.5998 -3.25 -180.0 7250.0
0.2875 4.8448 12.8056 -177.5998 -3.25 -180.0 7266.6667
0.2904 4.8469 12.8561 -177.5998 -3.25 -180.0 7283.3333
0.294 4.8495 12.921 -177.5998 -3.25 -180.0 7300.0
0.2975 4.8522 12.9829 -177.5998 -3.25 -180.0 7316.6667
0.3005 4.8543 13.0338 -177.5998 -3.25 -180.0 7333.3333
0.3039 4.8569 13.0949 -177.5998 -3.25 -180.0 7350.0
0.3067 4.8589 13.1435 -177.5998 -3.25 -180.0 7366.6667
0.3102 4.8615 13.2056 -177.5998 -3.25 -180.0 7383.3333
0.3138 4.8642 13.2688 -177.5998 -3.25 -180.0 7400.0
0.3168 4.8664 13.3209 -177.5998 -3.25 -180.0 7416.6667
0.3202 4.8689 13.3817 -177.5998 -3.25 -180.0 7433.3333
0.3233 4.8712 13.4369 -177.5998 -3.25 -180.0 7450.0
0.3262 4.8733 13.4877 -177.5998 -3.25 -180.0 7466.6667
0.3296 4.8759 13.548 -177.5998 -3.25 -180.0 7483.3333
0.333 4.8783 13.6056 -177.5998 -3.25 -180.0 7500.0
0.3361 4.8807 13.6619 -177.5998 -3.25 -180.0 7516.6667
0.3394 4.8832 13.7208 -177.5998 -3.25 -180.0 7533.3333
0.3425 4.8854 13.7742 -177.5998 -3.25 -180.0 7550.0
0.3456 4.8877 13.8292 -177.5998 -3.25 -180.0 7566.6667
0.3492 4.8903 13.8911 -177.5998 -3.25 -180.0 7583.3333
0.3522 4.8926 13.9461 -177.5998 -3.25 -180.0 7600.0
0.3553 4.8949 13.9998 -177.5998 -3.25 -180.0 7616.6667
0.3581 4.897 14.0505 -177.5998 -3.25 -180.0 7633.3333
0.3613 4.8994 14.1063 -177.5998 -3.25 -180.0 7650.0
0.3641 4.9014 14.1552 -177.5998 -3.25 -180.0 7666.6667
0.368 4.9043 14.2244 -177.5998 -3.25 -180.0 7683.3333
0.3711 4.9066 14.2786 -177.5998 -3.25 -180.0 7700.0
0.3743 4.9089 14.3337 -177.5998 -3.25 -180.0 7716.6667
0.3775 4.9112 14.3906 -177.5998 -3.25 -180.0 7733.3333
0.3805 4.9134 14.4432 -177.5998 -3.25 -180.0 7750.0
0.3834 4.9156 14.4944 -177.5998 -3.25 -180.0 7766.6667
0.3865 4.918 14.5493 -177.5998 -3.25 -180.0 7783.3333
0.3898 4.9204 14.607 -177.5998 -3.25 -180.0 7800.0
0.3929 4.9227 14.6631 -177.5998 -3.25 -180.0 7816.6667
0.3961 4.925 14.7182 -177.5998 -3.25 -180.0 7833.3333
0.3993 4.9273 14.7731 -177.5998 -3.25 -180.0 7850.0
0.402 4.9294 14.8217 -177.5998 -3.25 -180.0 7866.6667
0.4053 4.9318 14.8799 -177.5998 -3.25 180.0 7883.3333
0.4085 4.9341 14.9367 -177.6351 -3.2735 180.0 7900.0
0.4116 4.9362 14.9891 -177.7498 -3.35 180.0 7916.6667
0.4144 4.9382 15.0376 -177.7623 -3.3583 180.0 7933.3333
0.418 4.9403 15.0959 -177.8998 -3.45 180.0 7950.0
0.4215 4.9424 15.1553 -177.9304 -3.4704 180.0 7966.6667
0.4247 4.9441 15.2062 -178.079 -3.5573 180.0 7983.3333
0.4283 4.9459 15.2636 -178.2498 -3.6 -180.0 8000.0
0.4318 4.9475 15.3176 -178.4081 -3.6584 179.9996 8016.6667
0.4358 4.9481 15.3746 -179.2782 -3.9697 179.9999 8033.3333
0.4396 4.9485 15.4287 -179.5998 -4.0501 180.0 8050.0
0.4433 4.9489 15.481 -179.5998 -4.0501 180.0 8066.6667
0.4464 4.9492 15.5238 -179.5998 -4.0501 180.0 8083.3333
0.4503 4.9496 15.5805 -179.5998 -4.05 180.0 8100.0
0.4538 4.95 15.631 -179.5998 -4.05 180.0 8116.6667
0.4585 4.9503 15.696 -179.651 -4.05 -180.0 8133.3333
0.4631 4.9506 15.7605 -179.7279 -4.05 -180.0 8150.0
0.467 4.9507 15.8166 -179.9253 -4.05 -180.0 8166.6667
0.4709 4.9503 15.8709 179.5846 -4.0892 179.9997 8183.3333
0.4747 4.9491 15.9229 178.7003 -4.25 180.0 8200.0
0.4779 4.9481 15.9657 178.7003 -4.25 180.0 8216.6667
0.4824 4.9463 16.0261 178.1478 -4.35 180.0 8233.3333
0.491 4.9441 16.0883 178.0502 -4.35 180.0 8250.0
0.5443 4.9425 16.1294 178.0502 -4.35 -180.0 8266.6667
0.6178 4.9402 16.1926 178.0502 -4.35 -180.0 8283.3333
0.6755 4.9384 16.2417 178.0502 -4.35 -180.0 8300.0
0.7325 4.9366 16.2907 178.0502 -4.35 180.0 8316.6667
0.7716 4.9354 16.3243 178.0502 -4.35 180.0 8333.3333
0.8558 4.9326 16.3965 178.0502 -4.35 180.0 8350.0
0.9076 4.931 16.441 178.0502 -4.35 180.0 8366.6667
0.9542 4.9296 16.4809 178.0502 -4.35 -180.0 8383.3333
1.0236 4.9272 16.5405 177.9439 -4.3438 180.0 8400.0
1.0826 4.9251 16.5913 177.8426 -4.2424 -180.0 8416.6667
1.123 4.9237 16.6263 177.7669 -4.1667 -180.0 8433.3333
1.2031 4.9207 16.6955 177.7474 -4.15 180.0 8450.0
1.2567 4.9187 16.7418 177.7011 -4.1501 180.0 8466.6667
1.322 4.9162 16.7983 177.6419 -4.0918 -180.0 8483.3333
1.3826 4.9138 16.851 177.5502 -4.0001 -180.0 8500.0
1.4403 4.9115 16.901 177.5502 -4.0001 -180.0 8516.6667
1.498 4.9092 16.9511 177.5384 -3.9883 -180.0 8533.3333
1.5558 4.9067 17.0016 177.4002 -3.8501 -180.0 8550.0
1.6169 4.904 17.0549 177.4002 -3.8452 -180.0 8566.6667
1.6741 4.9016 17.1051 177.3845 -3.7726 -180.0 8583.3333
1.7314 4.899 17.1559 177.1973 -3.4383 -180.0 8600.0
1.7886 4.8963 17.2067 177.1483 -3.2464 -180.0 8616.6667
1.8425 4.8937 17.255 177.1021 -3.1538 -180.0 8633.3333
1.8911 4.8913 17.299 177.0581 -2.7712 -180.0 8650.0
1.9624 4.8878 17.3646 177.0502 -2.398 -180.0 8666.6667
2.0203 4.8849 17.4178 177.0472 -2.3289 -180.0 8683.3333
2.0597 4.8829 17.4543 177.0093 -2.0637 -180.0 8700.0
2.1336 4.8792 17.524 177.0002 -1.6462 -180.0 8716.6667
2.1885 4.8763 17.5759 177.0002 -1.5428 -180.0 8733.3333
2.2452 4.8734 17.6303 177.0002 -1.1973 -180.0 8750.0
2.2955 4.8709 17.6786 177.0002 -1.151 180.0 8766.6667
2.3521 4.8679 17.7331 177.0012 -1.0001 180.0 8783.3333
2.4055 4.8653 17.7845 177.0502 -1.0001 180.0 8800.0
2.4621 4.8624 17.8391 177.0502 -0.9981 180.0 8816.6667
2.5154 4.8597 17.8906 177.0512 -0.9501 180.0 8833.3333
2.567 4.8572 17.9405 177.1002 -0.9501 180.0 8850.0
2.608 4.8552 17.9802 177.1419 -0.9501 180.0 8866.6667
2.6775 4.8517 18.0473 177.2002 -0.9 180.0 8883.3333
2.725 4.8495 18.0933 177.2002 -0.9 180.0 8900.0
2.7719 4.8473 18.1388 177.2928 -0.8537 180.0 8916.6667
2.8244 4.8449 18.1898 177.3481 -0.8021 180.0 8933.3333
2.8774 4.8426 18.2414 177.4002 -0.75 -180.0 8950.0
2.9151 4.8409 18.2782 177.4399 -0.6706 180.0 8966.6667
2.9762 4.8384 18.3384 177.6874 -0.3654 180.0 8983.3333
3.0212 4.8367 18.3832 177.8265 -0.1816 180.0 9000.0
3.0703 4.835 18.4322 178.021 0.0635 179.9999 9016.6667
3.1171 4.8336 18.4802 178.3453 0.6902 179.9997 9033.3333
3.1697 4.8324 18.5351 178.6335 1.22 179.9999 9050.0
3.2071 4.8316 18.5746 178.8367 1.5857 179.9998 9066.6667
3.2529 4.8308 18.6234 178.971 1.7708 180.0 9083.3333
3.2957 4.83 18.6692 179.0318 1.9579 180.0 9100.0
3.3426 4.8292 18.7196 179.0502 2.05 180.0 9116.6667
3.389 4.8284 18.7697 179.0502 2.05 180.0 9133.3333
3.4379 4.8276 18.8217 179.0645 2.0643 180.0 9150.0
3.4885 4.8268 18.8788 179.3163 3.9832 179.9929 9166.6667
3.5201 4.8268 18.9223 179.7502 7.7499 180.0 9183.3333
3.5669 4.8265 18.9835 179.7502 7.7499 -180.0 9200.0
3.6176 4.8263 19.0512 179.7502 8.5842 180.0 9216.6667
3.6566 4.8261 19.1078 179.7502 10.431 -180.0 9233.3333
3.6926 4.8259 19.1672 179.7502 14.0473 180.0 9250.0
3.7193 4.8256 19.2203 179.7306 17.296 -179.9999 9266.6667
3.7527 4.8254 19.2843 179.7002 17.6197 -180.0 9283.3333
3.7814 4.8251 19.3399 179.7002 17.6499 -180.0 9300.0
3.8109 4.8249 19.397 179.7002 17.6499 -180.0 9316.6667
3.8485 4.8246 19.4697 179.7002 17.6499 180.0 9333.3333
3.8751 4.8244 19.5209 179.7002 17.6999 180.0 9350.0
3.9066 4.8241 19.583 179.6692 18.1266 -179.9998 9366.6667
3.9369 4.8238 19.6453 179.6002 19.0333 -180.0 9383.3333
3.9651 4.8234 19.7051 179.5848 19.6769 -179.9999 9400.0
4.0001 4.823 19.7813 179.5502 20.3719 -180.0 9416.6667
4.0275 4.8226 19.8418 179.5502 20.5971 -180.0 9433.3333
4.0557 4.8222 19.9045 179.5502 20.75 -180.0 9450.0
4.081 4.8218 19.9608 179.5502 20.8458 -180.0 9466.6667
4.1049 4.8215 20.0146 179.5367 21.0135 -180.0 9483.3333
4.136 4.8211 20.0847 179.5002 21.05 -180.0 9500.0
4.1669 4.8206 20.1543 179.5002 21.1176 -180.0 9516.6667
4.1932 4.8202 20.2142 179.5002 21.3078 180.0 9533.3333
4.22 4.8198 20.2761 179.5208 21.5324 180.0 9550.0
4.2471 4.8194 20.339 179.5502 21.65 180.0 9566.6667
4.273 4.819 20.399 179.5502 21.6907 180.0 9583.3333
4.2979 4.8187 20.457 179.5502 21.75 180.0 9600.0
4.3257 4.8183 20.5214 179.5502 21.75 -180.0 9616.6667
4.3521 4.8179 20.5831 179.5502 21.75 -180.0 9633.3333
4.3774 4.8176 20.642 179.5502 21.75 -180.0 9650.0
4.4039 4.8172 20.7035 179.5502 21.75 -180.0 9666.6667
4.4306 4.8168 20.7657 179.5502 21.75 -180.0 9683.3333
4.4558 4.8165 20.8244 179.5502 21.75 -180.0 9700.0
4.4823 4.8161 20.886 179.5502 21.75 -180.0 9716.6667
4.5048 4.8158 20.9385 179.5502 21.75 -180.0 9733.3333
4.5273 4.8155 20.9909 179.5502 21.75 -180.0 9750.0
4.5594 4.8151 21.0656 179.5502 21.75 -180.0 9766.6667
4.5794 4.8147 21.1121 179.5502 21.75 -180.0 9783.3333
4.6043 4.8144 21.1701 179.5502 21.75 -180.0 9800.0
4.64 4.8139 21.2532 179.5502 21.7696 -180.0 9816.6667
4.6649 4.8135 21.3113 179.5502 21.8395 -180.0 9833.3333
4.6881 4.8132 21.3659 179.5502 22.1386 -180.0 9850.0
4.7085 4.813 21.4166 179.5502 22.7958 180.0 9866.6667
4.7398 4.8124 21.4967 179.5502 23.7 -180.0 9883.3333
4.762 4.8121 21.5543 179.5326 23.8941 -179.9999 9900.0
4.7835 4.8117 21.6107 179.4861 24.675 -179.9999 9916.6667
4.8019 4.8113 21.6673 179.4502 26.4948 -180.0 9933.3333
4.8226 4.8107 21.7454 179.4502 30.1999 -180.0 9950.0
4.8381 4.8103 21.8069 179.4502 30.7499 -180.0 9966.6667
4.855 4.8098 21.8731 179.4502 30.7499 180.0 9983.3333
4.8711 4.8094 21.9369 179.4502 30.7675 180.0 10000.0
4.8854 4.809 21.9936 179.4502 30.7999 180.0 10016.6667
4.8991 4.8087 22.0474 179.4502 30.7999 180.0 10033.3333
4.9194 4.8081 22.1277 179.4502 30.8156 180.0 10050.0
4.9353 4.8076 22.1921 179.4502 30.85 180.0 10066.6667
4.9537 4.8071 22.2594 179.4502 30.85 180.0 10083.3333
4.9626 4.8067 22.3172 179.4502 30.8761 180.0 10100.0
4.9774 4.8064 22.3618 179.4502 30.9486 180.0 10116.6667
5.0338 4.8064 22.395 179.5123 31.0364 180.0 10133.3333
5.0597 4.8064 22.4116 179.5502 31.1501 180.0 10150.0
5.104 4.8064 22.4383 179.5502 31.2045 180.0 10166.6667
5.1384 4.8064 22.4592 179.5502 31.2483 180.0 10183.3333
5.179 4.8064 22.484 179.5973 31.2972 180.0 10200.0
5.2193 4.8064 22.5084 179.6002 31.3001 180.0 10216.6667
5.2594 4.8064 22.533 179.6015 31.4514 180.0 10233.3333
5.3053 4.8064 22.5611 179.6502 31.5001 180.0 10250.0
5.3407 4.8064 22.5828 179.6617 31.523 180.0 10266.6667
5.3769 4.8064 22.605 179.7002 31.6001 180.0 10283.3333
5.4056 4.8064 22.6226 179.7002 31.6029 180.0 10300.0
5.4386 4.8064 22.6431 179.7002 31.6492 -180.0 10316.6667
5.483 4.8064 22.6704 179.7002 31.6599 180.0 10333.3333
5.5168 4.8064 22.6914 179.7096 31.7562 180.0 10350.0
5.5546 4.8064 22.715 179.7731 32.0344 180.0 10366.6667
5.5892 4.8064 22.7368 179.8502 32.1706 180.0 10383.3333
5.6168 4.8064 22.7542 179.8502 32.25 180.0 10400.0
5.6514 4.8064 22.7761 179.8992 32.4461 180.0 10416.6667
5.6843 4.8064 22.7974 179.9909 32.8584 180.0 10433.3333
5.7167 4.8064 22.8185 -179.9998 33.0765 180.0 10450.0
5.7653 4.8064 22.8514 -179.7815 34.2417 179.9999 10466.6667
5.7918 4.8064 22.8699 -179.6998 34.656 180.0 10483.3333
5.8331 4.8064 22.8986 -179.6998 34.9 -180.0 10500.0
5.8649 4.8064 22.9208 -179.676 35.0674 179.9998 10516.6667
5.8878 4.8064 22.9375 -179.5673 35.8283 179.9998 10533.3333
5.9321 4.8064 22.9707 -179.4373 36.9812 179.9999 10550.0
5.9652 4.8064 22.9964 -179.3343 37.8324 179.9997 10566.6667
5.9969 4.8064 23.0226 -179.2361 39.3981 180.0 10583.3333
6.0286 4.8064 23.0488 -179.1498 39.7438 180.0 10600.0
6.0619 4.8064 23.0773 -179.1498 40.0751 180.0 10616.6667
6.0958 4.8064 23.1039 -179.1498 40.2392 -180.0 10633.3333
6.1228 4.8065 23.1347 -179.1498 40.4089 180.0 10650.0
6.1254 4.8071 23.1955 -179.1498 40.4917 -180.0 10666.6667
6.1305 4.8078 23.2566 -179.1498 40.7392 -180.0 10683.3333
6.1343 4.8084 23.312 -179.1498 40.9 -180.0 10700.0
6.1378 4.8089 23.3611 -179.1498 40.9 -180.0 10716.6667
6.1428 4.8096 23.4312 -179.1498 40.9574 -180.0 10733.3333
6.1467 4.8102 23.4881 -179.1498 41.0523 180.0 10750.0
6.1492 4.8107 23.5281 -179.1498 41.342 -180.0 10766.6667
6.1535 4.8114 23.597 -179.1498 41.4476 -180.0 10783.3333
6.1576 4.812 23.6626 -179.1498 41.45 -180.0 10800.0
6.161 4.8126 23.7171 -179.1498 41.45 -180.0 10816.6667
6.164 4.8132 23.7661 -179.1498 41.45 -180.0 10833.3333
6.1688 4.814 23.8446 -179.1498 41.5 -180.0 10850.0
6.1722 4.8146 23.9004 -179.1498 41.5098 180.0 10866.6667
6.1758 4.8151 23.9587 -179.1498 41.6275 180.0 10883.3333
6.1788 4.8157 24.0166 -179.1498 41.95 180.0 10900.0
6.1821 4.8165 24.078 -179.1498 41.9598 180.0 10916.6667
6.185 4.817 24.1356 -179.1498 42.0657 180.0 10933.3333
6.1878 4.8176 24.1937 -179.1498 42.25 180.0 10950.0
6.1908 4.8183 24.2553 -179.1498 42.2685 -180.0 10966.6667
6.1931 4.8188 24.3092 -179.1498 42.45 -180.0 10983.3333
6.1951 4.8193 24.3531 -179.1498 42.45 180.0 11000.0
6.198 4.8201 24.4249 -179.1985 42.7423 -180.0 11016.6667
6.2002 4.8206 24.4901 -179.2498 43.0105 -180.0 11033.3333
6.2019 4.8211 24.5419 -179.2498 43.1421 180.0 11050.0
6.2035 4.8216 24.5877 -179.289 43.2283 -180.0 11066.6667
6.2051 4.8221 24.6599 -179.3472 43.6294 -180.0 11083.3333
6.2065 4.8226 24.7185 -179.3498 43.6499 -180.0 11100.0
6.2068 4.8231 24.7798 -179.3498 44.825 -180.0 11116.6667
6.2063 4.8236 24.8378 -179.3498 45.4265 -180.0 11133.3333
6.2057 4.824 24.8992 -179.3498 45.6499 180.0 11150.0
6.205 4.8245 24.9573 -179.3498 45.6499 180.0 11166.6667
6.2045 4.8249 24.9994 -179.3498 45.7241 -180.0 11183.3333
6.2034 4.8253 25.0644 -179.3891 45.9857 -180.0 11200.0
6.2018 4.8259 25.1326 -179.3998 46.2322 -180.0 11216.6667
6.2016 4.8262 25.1838 -179.3998 46.3307 -180.0 11233.3333
6.1967 4.8266 25.2455 -179.3998 46.4719 -180.0 11250.0
6.2269 4.8267 25.2851 -179.3998 46.6465 -180.0 11266.6667
6.2551 4.8267 25.3149 -179.3998 46.7462 -180.0 11283.3333
6.2848 4.8267 25.3465 -179.3998 46.8 -180.0 11300.0
6.3128 4.8267 25.3765 -179.3508 46.9471 180.0 11316.6667
6.3406 4.8267 25.4065 -179.3498 47.0461 180.0 11333.3333
6.3702 4.8267 25.4383 -179.3498 47.15 -180.0 11350.0
6.3978 4.8267 25.4687 -179.3498 47.7872 180.0 11366.6667
6.4248 4.8267 25.4995 -179.2538 48.7126 180.0 11383.3333
6.4516 4.8267 25.5305 -179.1557 49.1734 180.0 11400.0
6.4783 4.8267 25.5616 -179.1498 49.246 180.0 11416.6667
6.5052 4.8267 25.5929 -179.1498 49.3852 -180.0 11433.3333
6.5282 4.8267 25.6199 -179.1498 49.5124 180.0 11450.0
6.5519 4.8267 25.6476 -179.1498 49.5499 -180.0 11466.6667
6.5876 4.8267 25.6896 -179.1498 49.5971 180.0 11483.3333
6.6149 4.8267 25.7216 -179.1027 49.647 180.0 11500.0
6.6359 4.8267 25.7465 -179.0998 49.7674 180.0 11516.6667
6.6686 4.8267 25.7855 -179.0998 50.0844 -180.0 11533.3333
6.6953 4.8267 25.8175 -179.0998 50.0998 180.0 11550.0
6.719 4.8267 25.8458 -179.0998 50.141 180.0 11566.6667
6.7421 4.8267 25.8738 -179.0628 50.2609 180.0 11583.3333
6.775 4.8267 25.9133 -179.0498 50.346 180.0 11600.0
6.8015 4.8267 25.9453 -179.0498 50.3958 180.0 11616.6667
6.8289 4.8267 25.9787 -179.0498 50.5914 -180.0 11633.3333
6.855 4.8267 26.0107 -179.0498 50.7879 -180.0 11650.0
6.8792 4.8267 26.0406 -179.0498 50.9738 180.0 11666.6667
6.9062 4.8267 26.0741 -179.0498 51.1789 180.0 11683.3333
6.9335 4.8267 26.1083 -179.0498 51.3872 180.0 11700.0
6.9579 4.8267 26.1389 -179.0498 51.4432 -180.0 11716.6667
6.9812 4.8267 26.1682 -179.0498 51.4497 -180.0 11733.3333
7.01 4.8267 26.2042 -179.0498 51.4497 180.0 11750.0
7.0332 4.8267 26.2334 -179.0498 51.4497 180.0 11766.6667
7.0593 4.8267 26.2662 -179.0498 51.4497 180.0 11783.3333
7.085 4.8267 26.2985 -179.0498 51.4497 180.0 11800.0
7.1134 4.8267 26.334 -179.0498 51.4497 180.0 11816.6667
7.1399 4.8267 26.3674 -179.0498 51.4497 180.0 11833.3333
7.1644 4.8267 26.398 -179.0498 51.4497 180.0 11850.0
7.1903 4.8267 26.4306 -179.0498 51.4497 180.0 11866.6667
7.2151 4.8267 26.4615 -179.0498 51.4497 180.0 11883.3333
7.2382 4.8267 26.4916 -179.0498 51.4497 -180.0 11900.0
7.2638 4.8267 26.5189 -179.0498 51.4066 180.0 11916.6667
7.2605 4.8273 26.5731 -179.0946 51.3101 180.0 11933.3333
7.2544 4.8278 26.6217 -179.1393 51.2602 180.0 11950.0
7.2495 4.8283 26.6728 -179.2617 50.8772 179.9998 11966.6667
7.2443 4.8287 26.7262 -179.3361 50.4595 179.9999 11983.3333
7.2395 4.8291 26.7812 -179.4249 50.0497 179.9999 12000.0
7.2349 4.8295 26.8399 -179.5343 49.4008 179.9999 12016.6667
7.2317 4.8297 26.8858 -179.6253 48.8471 179.9999 12033.3333
7.2292 4.8298 26.9386 -179.6874 47.8747 179.9999 12050.0
7.2279 4.83 26.9828 -179.8213 46.3631 179.9988 12066.6667
7.2293 4.8299 27.0279 179.7834 43.7527 179.9938 12083.3333
7.233 4.8294 27.0908 179.3875 41.734 179.9996 12100.0
7.237 4.8288 27.1512 179.27 41.1777 179.9999 12116.6667
7.2408 4.8283 27.2 179.135 40.4255 179.9994 12133.3333
7.2463 4.8276 27.2507 178.9369 38.6496 179.9987 12150.0
7.2551 4.8268 27.3062 178.7894 36.1194 179.9994 12166.6667
7.2641 4.826 27.3548 178.6639 34.6329 179.9996 12183.3333
7.2742 4.825 27.4065 178.5439 34.0245 179.9999 12200.0
7.2829 4.8241 27.4507 178.4782 33.8056 180.0 12216.6667
7.2912 4.8234 27.4919 178.4366 33.6548 180.0 12233.3333
7.3027 4.8223 27.5466 178.4002 33.1202 180.0 12250.0
7.3139 4.8212 27.5955 178.4002 32.1142 180.0 12266.6667
7.3278 4.8201 27.6515 178.3811 31.0329 179.9999 12283.3333
7.3423 4.8189 27.7072 178.328 30.4218 180.0 12300.0
7.3533 4.8181 27.7486 178.3002 30.1119 180.0 12316.6667
7.3671 4.8169 27.799 178.2668 29.7496 179.9999 12333.3333
7.3846 4.8154 27.8613 178.2002 29.2963 180.0 12350.0
7.399 4.8143 27.9118 178.1718 29.1359 180.0 12366.6667
7.413 4.8131 27.9607 178.1502 29.0221 180.0 12383.3333
7.427 4.812 28.0093 178.1237 28.8671 180.0 12400.0
7.4421 4.8107 28.0603 178.1002 28.7495 180.0 12416.6667
7.4561 4.8094 28.1103 178.0727 28.6947 180.0 12433.3333
7.4733 4.8082 28.1611 178.0502 28.6496 180.0 12450.0
7.4731 4.807 28.1992 178.0046 28.5584 180.0 12466.6667
7.4531 4.8058 28.2272 177.8908 28.3506 179.9999 12483.3333
7.4355 4.8042 28.262 177.7564 28.1559 180.0 12500.0
7.4174 4.8027 28.2955 177.5803 27.9798 179.9998 12516.6667
7.4 4.8008 28.3292 177.1065 27.531 179.9989 12533.3333
7.3852 4.7988 28.3581 176.6238 27.0733 179.9998 12550.0
7.3687 4.7964 28.391 176.1665 26.6972 179.9992 12566.6667
7.3507 4.7931 28.4274 175.3086 26.179 179.999 12583.3333
7.3349 4.7896 28.4602 174.5441 25.7849 179.9995 12600.0
7.3224 4.7866 28.4863 174.0084 25.5125 179.9997 12616.6667
7.3083 4.7827 28.5163 173.5334 25.2754 179.9997 12633.3333
7.2876 4.7768 28.5608 173.006 24.9055 179.9999 12650.0
7.2741 4.7727 28.5901 172.8325 24.6869 179.9999 12666.6667
7.2585 4.7678 28.6246 172.6126 24.4121 179.9998 12683.3333
7.2434 4.7628 28.6583 172.356 24.1555 179.9999 12700.0
7.229 4.758 28.6905 172.2051 23.982 180.0 12716.6667
7.2141 4.7529 28.7243 172.1044 23.8309 180.0 12733.3333
7.199 4.7476 28.7588 172.0267 23.7025 180.0 12750.0
7.1859 4.743 28.7888 171.9598 23.5487 179.9999 12766.6667
7.1721 4.738 28.8208 171.8646 23.3285 180.0 12783.3333
7.1568 4.7323 28.8569 171.759 23.0967 179.9999 12800.0
7.1428 4.727 28.89 171.6168 22.8454 179.9999 12816.6667
7.1285 4.7213 28.9244 171.3491 22.5055 179.9996 12833.3333
7.1151 4.7157 28.9575 171.0678 22.1262 179.9999 12850.0
7.1023 4.7103 28.9893 170.8761 21.8571 179.9999 12866.6667
7.0892 4.7043 29.0225 170.6435 21.5753 179.9998 12883.3333
7.0746 4.6976 29.0597 170.3627 21.2403 179.9999 12900.0
7.0616 4.691 29.0943 170.0018 20.7615 179.999 12916.6667
7.0503 4.6851 29.1247 169.5843 20.2146 179.9998 12933.3333
7.0383 4.6783 29.1583 169.2214 19.8211 179.9995 12950.0
7.0252 4.6705 29.1955 168.7589 19.3585 179.9997 12966.6667
7.0154 4.6643 29.224 168.4464 19.0312 179.9997 12983.3333
7.0045 4.6572 29.2561 168.1649 18.7026 180.0 13000.0
6.9927 4.6493 29.2913 168.0109 18.4711 179.9999 13016.6667
6.9798 4.6402 29.331 167.8408 18.1112 179.9999 13033.3333
6.9687 4.6325 29.3652 167.709 17.7762 179.9999 13050.0
6.9587 4.6249 29.3982 167.58 17.4418 179.9998 13066.6667
6.9495 4.6184 29.4261 167.4388 17.0813 180.0 13083.3333
6.9405 4.6106 29.4595 167.4002 16.808 180.0 13100.0
6.9162 4.6002 29.5007 167.4002 16.4036 180.0 13116.6667
6.8689 4.593 29.5206 167.3826 15.871 179.9999 13133.3333
6.8289 4.5855 29.5444 167.3502 15.2691 180.0 13150.0
6.7864 4.578 29.5682 167.3718 14.7242 -179.9999 13166.6667
6.7435 4.5702 29.593 167.4698 14.3419 -179.9999 13183.3333
6.6973 4.562 29.6203 167.5848 13.7728 -179.9999 13200.0
6.6443 4.5525 29.6522 167.7198 13.2713 -180.0 13216.6667
6.6031 4.5453 29.6772 167.7502 13.0938 -180.0 13233.3333
6.5598 4.5376 29.7037 167.7855 12.9291 -180.0 13250.0
6.516 4.5299 29.7304 167.8502 12.7643 -180.0 13266.6667
6.4709 4.5217 29.7594 167.8875 12.5879 -179.9999 13283.3333
6.4294 4.5154 29.7812 167.9502 12.3314 -180.0 13300.0
6.3997 4.5091 29.8044 167.953 12.1329 -180.0 13316.6667
6.3907 4.4989 29.8513 168.0316 11.7555 -179.9999 13333.3333
6.3839 4.4923 29.8821 168.1419 11.4385 -179.9999 13350.0
6.3771 4.4849 29.9178 168.2895 11.0972 -179.9999 13366.6667
6.3695 4.4767 29.9569 168.416 10.9021 -180.0 13383.3333
6.3643 4.471 29.9843 168.4573 10.7853 -180.0 13400.0
6.3589 4.4651 30.0126 168.497 10.7059 -180.0 13416.6667
6.3533 4.4589 30.043 168.6213 10.4575 -179.9999 13433.3333
6.344 4.4483 30.0956 168.8033 10.0465 -180.0 13450.0
6.3376 4.4411 30.1316 168.8502 9.9892 -180.0 13466.6667
6.3311 4.4336 30.1691 168.8502 9.8866 -180.0 13483.3333
6.3256 4.4272 30.2009 168.8525 9.7973 -180.0 13500.0
6.3215 4.4225 30.2248 168.8904 9.7594 -180.0 13516.6667
6.3136 4.4131 30.2716 168.9002 9.5988 -180.0 13533.3333
6.3088 4.4075 30.2999 168.9002 9.5571 180.0 13550.0
6.301 4.3983 30.3465 168.9502 9.3398 -180.0 13566.6667
6.2956 4.3916 30.3802 168.9502 9.2459 180.0 13583.3333
6.2903 4.3851 30.4134 168.9502 9.1996 -180.0 13600.0
6.2845 4.3782 30.4482 168.9502 9.1506 -180.0 13616.6667
6.2768 4.3704 30.4874 168.9502 9.0958 -180.0 13633.3333
6.2339 4.3635 30.5163 168.9502 9.0465 180.0 13650.0
6.1911 4.3562 30.5472 168.9502 8.9952 180.0 13666.6667
6.1546 4.3501 30.5732 168.9502 8.9514 -180.0 13683.3333
6.1081 4.3423 30.6064 169.0002 8.8996 -180.0 13700.0
6.0646 4.3351 30.6374 169.0002 8.8947 -180.0 13716.6667
6.0245 4.3284 30.6662 169.0002 8.8466 180.0 13733.3333
5.9952 4.3235 30.6872 169.0002 8.8087 180.0 13750.0
5.9444 4.315 30.7239 169.049 8.7022 -180.0 13766.6667
5.9054 4.3085 30.7519 169.0503 8.6996 -180.0 13783.3333
5.8597 4.3008 30.7849 169.0503 8.6996 180.0 13800.0
5.8186 4.2939 30.8146 169.0503 8.6506 180.0 13816.6667
5.7868 4.2886 30.8372 169.0503 8.6496 -180.0 13833.3333
5.7407 4.2808 30.8713 169.0932 8.5639 -180.0 13850.0
5.6947 4.2735 30.9029 169.1003 8.5496 -180.0 13866.6667
5.6873 4.2659 30.9422 169.1503 8.4986 -180.0 13883.3333
5.682 4.2591 30.9771 169.1503 8.4496 -180.0 13900.0
5.6766 4.2519 31.0144 169.2023 8.3496 -180.0 13916.6667
5.6714 4.2452 31.0494 169.2513 8.3467 -180.0 13933.3333
5.6664 4.2385 31.0844 169.3003 8.1996 -180.0 13950.0
5.6625 4.2333 31.1121 169.34 8.1598 -180.0 13966.6667
5.6572 4.2262 31.1492 169.3914 8.0262 -180.0 13983.3333
5.6515 4.2186 31.1898 169.447 7.9062 -180.0 14000.0
5.6473 4.2129 31.2205 169.4915 7.817 -180.0 14016.6667
5.6417 4.2051 31.262 169.5003 7.7519 -180.0 14033.3333
5.6377 4.1996 31.2916 169.5403 7.7495 180.0 14050.0
5.6322 4.1921 31.3317 169.5503 7.7043 -180.0 14066.6667
5.6271 4.1849 31.3698 169.5503 7.6995 -180.0 14083.3333
5.6229 4.1793 31.4004 169.5504 7.6995 -180.0 14100.0
5.6176 4.1719 31.4401 169.5504 7.6995 -180.0 14116.6667
5.6139 4.1669 31.4668 169.5504 7.6995 -180.0 14133.3333
5.6079 4.1586 31.5115 169.5504 7.6995 -180.0 14150.0
5.603 4.1518 31.5483 169.5504 7.6995 -180.0 14166.6667
5.5997 4.1473 31.5724 169.5504 7.6995 -180.0 14183.3333
5.5927 4.1377 31.6237 169.5504 7.6995 180.0 14200.0
5.5878 4.1309 31.6606 169.5504 7.6994 180.0 14216.6667
5.5831 4.1245 31.6948 169.5958 7.6541 -180.0 14233.3333
5.5779 4.1173 31.7337 169.6004 7.6495 -180.0 14250.0
5.5727 4.11 31.7728 169.6004 7.6494 -180.0 14266.6667
5.5677 4.1032 31.8098 169.6004 7.6495 -180.0 14283.3333
5.5639 4.098 31.8382 169.6368 7.6131 -180.0 14300.0
5.5594 4.0919 31.8715 169.6503 7.5995 -180.0 14316.6667
5.5529 4.0827 31.9217 169.6503 7.5523 180.0 14333.3333
5.5481 4.076 31.9577 169.6503 7.5495 180.0 14350.0
5.5443 4.0707 31.9867 169.6852 7.4797 -180.0 14366.6667
5.5398 4.0645 32.0208 169.7649 7.3849 -180.0 14383.3333
5.5335 4.0554 32.0708 169.8461 7.2578 -180.0 14400.0
5.5286 4.0486 32.1086 169.8503 7.2495 -180.0 14416.6667
5.5243 4.0424 32.143 169.9355 7.1217 -180.0 14433.3333
5.5198 4.0359 32.1796 169.9916 7.0171 -180.0 14450.0
5.5151 4.0291 32.2185 170.0431 6.9141 -180.0 14466.6667
5.5105 4.0223 32.2578 170.2744 6.7203 -180.0 14483.3333
5.506 4.0156 32.297 170.441 6.5589 -180.0 14500.0
5.5018 4.0095 32.3342 170.6347 6.3652 -180.0 14516.6667
5.4978 4.0035 32.3709 170.8308 6.2142 -180.0 14533.3333
5.4938 3.9975 32.4089 170.9828 6.1113 -180.0 14550.0
5.4909 3.9931 32.4359 171.0702 6.0297 -180.0 14566.6667
5.486 3.986 32.4833 171.531 5.8273 -179.9999 14583.3333
5.4826 3.9811 32.517 171.8404 5.6795 -179.9998 14600.0
5.4789 3.9758 32.5563 172.2055 5.4969 -179.9998 14616.6667
5.4753 3.9707 32.5945 172.5036 5.322 -179.9999 14633.3333
5.4719 3.9658 32.6326 172.6541 5.1957 -180.0 14650.0
5.4681 3.9603 32.6757 172.763 5.1182 -180.0 14666.6667
5.4649 3.9559 32.7111 172.8003 5.0691 -180.0 14683.3333
5.4614 3.9508 32.7508 172.8316 5.0182 -180.0 14700.0
5.4583 3.9463 32.7872 172.9096 4.9699 -180.0 14716.6667
5.455 3.9417 32.8245 172.9503 4.9495 -180.0 14733.3333
5.4516 3.9366 32.8647 172.9503 4.9183 180.0 14750.0
5.4484 3.932 32.9021 172.9504 4.8995 -180.0 14766.6667
5.4456 3.9281 32.9341 172.9504 4.8995 -180.0 14783.3333
5.4422 3.9232 32.9736 172.9504 4.8995 -180.0 14800.0
5.4387 3.9181 33.015 172.9504 4.8995 -180.0 14816.6667
5.4355 3.9133 33.0527 172.9504 4.8995 -180.0 14833.3333
5.4321 3.9084 33.092 172.9504 4.8995 -180.0 14850.0
5.4292 3.9043 33.1255 172.9504 4.8995 -180.0 14866.6667
5.426 3.8997 33.1629 172.9504 4.8995 -180.0 14883.3333
5.4224 3.8945 33.2047 172.9505 4.8995 -180.0 14900.0
5.4192 3.8897 33.2429 172.9505 4.8995 -180.0 14916.6667
5.4161 3.8853 33.2783 172.9505 4.8995 -180.0 14933.3333
5.4129 3.8807 33.3156 172.9505 4.8995 -180.0 14950.0
5.4096 3.8758 33.3551 172.9505 4.8995 -180.0 14966.6667
5.4066 3.8716 33.3889 172.9505 4.8995 -180.0 14983.3333
5.4038 3.8676 33.4215 172.9505 4.8995 -180.0 15000.0
5.4 3.862 33.4657 172.9506 4.8995 -180.0 15016.6667
5.3963 3.8567 33.509 172.9506 4.8995 -180.0 15033.3333
5.3933 3.8522 33.545 172.9506 4.8995 -180.0 15050.0
5.39 3.8476 33.5822 172.9506 4.8995 -180.0 15066.6667
5.3867 3.8428 33.6208 172.9506 4.8995 -180.0 15083.3333
5.3841 3.8389 33.6519 172.9506 4.8995 -180.0 15100.0
5.381 3.8344 33.6882 172.9506 4.8995 -180.0 15116.6667
5.3769 3.8285 33.7361 172.9506 4.8995 -180.0 15133.3333
5.3741 3.8245 33.769 172.9506 4.8995 -180.0 15150.0
5.3707 3.8196 33.8081 172.9506 4.8995 -180.0 15166.6667
5.3672 3.8145 33.8483 172.9506 4.8995 -180.0 15183.3333
5.364 3.8099 33.886 172.9506 4.9245 -180.0 15200.0
5.3606 3.805 33.9255 172.9506 5.0005 -180.0 15216.6667
5.3576 3.8008 33.9594 172.9506 5.0714 180.0 15233.3333
5.3543 3.7963 33.996 172.9506 5.0995 180.0 15250.0
5.3505 3.791 34.0381 172.9506 5.0995 180.0 15266.6667
5.3471 3.7863 34.0761 172.9506 5.0995 180.0 15283.3333
5.3438 3.7817 34.113 172.9507 5.0995 180.0 15300.0
5.3404 3.7769 34.1516 172.9507 5.0995 180.0 15316.6667
5.3369 3.7722 34.1902 172.9752 5.0995 180.0 15333.3333
5.3336 3.7676 34.2272 173.0007 5.0995 180.0 15350.0
5.3304 3.7631 34.2642 173.0232 5.0995 180.0 15366.6667
5.3269 3.7584 34.3029 173.1424 5.0995 180.0 15383.3333
5.3235 3.7539 34.3407 173.3396 5.1217 180.0 15400.0
5.3203 3.75 34.3758 173.5291 5.1691 180.0 15416.6667
5.3168 3.7456 34.4147 173.7299 5.2193 180.0 15433.3333
5.3133 3.7416 34.4533 173.9331 5.2495 -180.0 15450.0
5.3097 3.7375 34.4917 174.0715 5.2495 180.0 15466.6667
5.3063 3.7336 34.5295 174.1414 5.2495 180.0 15483.3333
5.3029 3.73 34.5657 174.2007 5.2495 180.0 15500.0
5.2992 3.7258 34.6062 174.2215 5.2495 180.0 15516.6667
5.2957 3.722 34.6445 174.2507 5.2495 -180.0 15533.3333
5.2922 3.7181 34.6829 174.2507 5.2495 180.0 15550.0
5.2886 3.7142 34.7214 174.2732 5.2495 180.0 15566.6667
5.2851 3.7104 34.7599 174.3007 5.2495 180.0 15583.3333
5.2822 3.7072 34.7913 174.3484 5.2495 180.0 15600.0
5.2793 3.7041 34.8235 174.4576 5.2495 180.0 15616.6667
5.2747 3.6994 34.8728 174.5507 5.2495 180.0 15633.3333
5.2721 3.6967 34.9012 174.6718 5.26 180.0 15650.0
5.2686 3.6933 34.938 174.7576 5.2995 180.0 15666.6667
5.264 3.6888 34.9879 174.8007 5.2995 -180.0 15683.3333
5.261 3.6858 35.0198 174.8007 5.2995 -180.0 15700.0
5.2575 3.6823 35.058 174.8007 5.2995 -180.0 15716.6667
5.2534 3.6783 35.1024 174.8006 5.2995 -180.0 15733.3333
5.2501 3.675 35.1376 174.8006 5.2995 180.0 15750.0
5.2466 3.6715 35.1763 174.8006 5.2995 180.0 15766.6667
5.2432 3.6683 35.2124 174.8006 5.2995 180.0 15783.3333
5.2395 3.6646 35.2518 174.8006 5.2995 180.0 15800.0
5.236 3.6612 35.2897 174.8006 5.2995 180.0 15816.6667
5.2324 3.6576 35.3287 174.8006 5.2995 180.0 15833.3333
5.2289 3.6541 35.3668 174.8006 5.2995 180.0 15850.0
5.2253 3.6505 35.406 174.8005 5.2995 180.0 15866.6667
5.2218 3.6472 35.4428 174.8005 5.2995 180.0 15883.3333
5.2183 3.6437 35.4812 174.8005 5.2995 180.0 15900.0
5.2146 3.6401 35.5205 174.8005 5.2995 180.0 15916.6667
5.2113 3.6368 35.5567 174.8005 5.2995 180.0 15933.3333
5.208 3.6335 35.5923 174.8005 5.2995 180.0 15950.0
5.2044 3.63 35.6304 174.8005 5.2995 180.0 15966.6667
5.2007 3.6263 35.6708 174.8004 5.2995 180.0 15983.3333
5.1972 3.623 35.7081 174.8004 5.2995 180.0 16000.0
5.1941 3.6199 35.7421 174.8004 5.2766 -180.0 16016.6667
5.1904 3.6161 35.7829 174.8004 5.1859 -180.0 16033.3333
5.187 3.6126 35.8205 174.8143 5.1216 -180.0 16050.0
5.1837 3.6092 35.8579 174.8626 5.0372 -180.0 16066.6667
5.1804 3.6059 35.8961 174.9004 4.9994 -180.0 16083.3333
5.1776 3.603 35.9275 174.9004 4.9994 -180.0 16100.0
5.1733 3.5987 35.9767 174.9004 4.9994 -180.0 16116.6667
5.1708 3.5961 36.0052 174.9004 4.9994 -180.0 16133.3333
5.1677 3.5928 36.0415 174.9004 4.9963 -180.0 16150.0
5.1641 3.5892 36.0818 174.9004 4.9494 180.0 16166.6667
5.1602 3.5852 36.1265 174.9004 4.9494 -180.0 16183.3333
5.1569 3.5818 36.1648 174.9004 4.9494 -180.0 16200.0
5.1536 3.5784 36.203 174.9004 4.9494 -180.0 16216.6667
5.1503 3.5749 36.2421 174.9004 4.9494 -180.0 16233.3333
5.147 3.5715 36.2799 174.9004 4.9494 -180.0 16250.0
5.144 3.5683 36.315 174.9004 4.9494 -180.0 16266.6667
5.1411 3.5654 36.3478 174.9004 4.9494 -180.0 16283.3333
5.1373 3.5615 36.3921 174.9004 4.9494 -180.0 16300.0
5.1343 3.5583 36.4271 174.9004 4.9494 -180.0 16316.6667
5.1307 3.5546 36.4687 174.9004 4.9494 -180.0 16333.3333
5.1273 3.551 36.508 174.9004 4.9494 -180.0 16350.0
5.1238 3.5475 36.5486 174.9004 4.9494 -180.0 16366.6667
5.1205 3.5441 36.5862 174.9004 4.9494 -180.0 16383.3333
5.1168 3.5402 36.6291 174.9004 4.9494 -180.0 16400.0
5.1135 3.5369 36.667 174.9004 4.9494 -180.0 16416.6667
5.11 3.5332 36.7077 174.9004 4.9494 -180.0 16433.3333
5.1074 3.5305 36.7368 174.9004 4.9494 -180.0 16450.0
5.103 3.526 36.789 174.9004 4.9494 -180.0 16466.6667
5.1002 3.5231 36.8199 174.9004 4.9494 -180.0 16483.3333
5.0964 3.5191 36.8645 174.9004 4.9494 -180.0 16500.0
5.0925 3.5152 36.9087 174.9004 4.9494 -180.0 16516.6667
5.089 3.5115 36.9496 174.9004 4.9494 -180.0 16533.3333
5.086 3.5084 36.9842 174.9004 4.9494 -180.0 16550.0
5.082 3.5042 37.031 174.9004 4.9494 -180.0 16566.6667
5.0782 3.5002 37.0756 174.9004 4.9494 -180.0 16583.3333
5.0746 3.4966 37.1166 174.9004 4.9494 -180.0 16600.0
5.0709 3.4928 37.1589 174.9004 4.9494 -180.0 16616.6667
5.0676 3.4893 37.1971 174.9004 4.9494 -180.0 16633.3333
5.0641 3.4856 37.238 174.9004 4.9494 -180.0 16650.0
5.0605 3.482 37.2789 174.9004 4.9494 -180.0 16666.6667
5.0567 3.4781 37.3225 174.9004 4.9494 -180.0 16683.3333
5.0534 3.4747 37.3611 174.9004 4.9494 -180.0 16700.0
5.0504 3.4716 37.3958 174.9004 4.9494 -180.0 16716.6667
5.0459 3.4668 37.4479 174.9004 4.9494 -180.0 16733.3333
5.0423 3.4631 37.4895 174.9004 4.9494 -180.0 16750.0
5.0389 3.4596 37.5292 174.9004 4.9494 -180.0 16766.6667
5.0357 3.4563 37.5659 174.9004 4.9494 -180.0 16783.3333
5.032 3.4525 37.609 174.9004 4.9494 -180.0 16800.0
5.0287 3.4491 37.6472 174.9004 4.9494 -180.0 16816.6667
5.0249 3.4452 37.6904 174.9004 4.9494 -180.0 16833.3333
5.0216 3.4417 37.7286 174.9004 4.9494 -180.0 16850.0
5.0184 3.4385 37.765 174.9004 4.9494 -180.0 16866.6667
5.0152 3.435 37.8041 174.9004 4.9494 -180.0 16883.3333
5.0109 3.4303 37.8561 174.9004 4.9494 -180.0 16900.0
5.0027 3.4263 37.9008 174.9004 4.9494 -180.0 16916.6667
4.9551 3.4227 37.9375 174.9004 4.9494 -180.0 16933.3333
4.9116 3.419 37.9747 174.9004 4.9494 -180.0 16950.0
4.8668 3.4153 38.0121 174.9004 4.9494 -180.0 16966.6667
4.82 3.4115 38.0513 174.9004 4.9494 -180.0 16983.3333
4.7754 3.4078 38.0886 174.9004 4.9494 -180.0 17000.0
4.7325 3.4043 38.1246 174.9004 4.9494 -180.0 17016.6667
4.7014 3.4018 38.1506 174.9004 4.9494 -180.0 17033.3333
4.641 3.3968 38.2011 174.9004 4.9494 -180.0 17050.0
4.6042 3.3938 38.2319 174.9004 4.9494 -180.0 17066.6667
4.5562 3.3898 38.2722 174.9004 4.9494 -180.0 17083.3333
4.5031 3.3855 38.3166 174.9004 4.9494 -180.0 17100.0
4.4616 3.3821 38.3514 174.9004 4.9494 -180.0 17116.6667
4.4149 3.3782 38.3906 174.9004 4.9494 -180.0 17133.3333
4.3757 3.375 38.4232 174.9004 4.9494 -180.0 17150.0
4.3227 3.3707 38.4677 174.9004 4.9494 -180.0 17166.6667
4.2788 3.367 38.5044 174.9004 4.9494 -180.0 17183.3333
4.2318 3.3632 38.5439 174.9004 4.9494 -180.0 17200.0
4.1873 3.3595 38.5811 174.9004 4.9494 -180.0 17216.6667
4.1441 3.356 38.6172 174.9004 4.9494 -180.0 17233.3333
4.1138 3.3535 38.6426 174.9004 4.9494 -180.0 17250.0
4.0503 3.3483 38.6958 174.9004 4.9494 -180.0 17266.6667
4.0076 3.3447 38.7315 174.9004 4.9494 -180.0 17283.3333
3.9636 3.3411 38.7683 174.9004 4.9494 -180.0 17300.0
3.9302 3.3384 38.7962 174.9004 4.9494 -180.0 17316.6667
3.8708 3.3335 38.8461 174.9004 4.9494 -180.0 17333.3333
3.83 3.3302 38.8802 174.9004 4.9494 -180.0 17350.0
3.7912 3.327 38.9127 174.9004 4.9494 -180.0 17366.6667
3.7415 3.323 38.9543 174.9004 4.9494 -180.0 17383.3333
3.6988 3.3194 38.99 174.9004 4.9494 -180.0 17400.0
3.6621 3.3164 39.0208 174.9004 4.9494 -180.0 17416.6667
3.6158 3.3126 39.0596 174.9004 4.9494 -180.0 17433.3333
3.5543 3.3075 39.111 174.9004 4.9494 -180.0 17450.0
3.513 3.3042 39.1456 174.9004 4.9494 -180.0 17466.6667
3.4803 3.3015 39.173 174.9004 4.9494 -180.0 17483.3333
3.425 3.297 39.2193 174.9004 4.9494 -180.0 17500.0
3.3886 3.2939 39.2498 174.9004 4.9494 -180.0 17516.6667
3.3494 3.2907 39.2826 174.9004 4.9494 -180.0 17533.3333
3.2881 3.2857 39.334 174.9004 4.9494 -180.0 17550.0
3.2451 3.2822 39.37 174.9004 4.9494 -180.0 17566.6667
3.1989 3.2784 39.4085 174.9004 4.9494 -180.0 17583.3333
3.1544 3.2747 39.4458 174.9004 4.9494 -180.0 17600.0
3.1073 3.2708 39.4853 174.9004 4.9494 -180.0 17616.6667
3.0656 3.2674 39.5202 174.9004 4.9494 -180.0 17633.3333
3.0163 3.2633 39.5616 174.9004 4.9494 -180.0 17650.0
2.9711 3.2597 39.5993 174.9004 4.9494 -180.0 17666.6667
2.9328 3.2565 39.6315 174.9004 4.9494 -180.0 17683.3333
2.8807 3.2523 39.6749 174.9004 4.9494 -180.0 17700.0
2.8331 3.2483 39.715 174.9004 5.0473 -180.0 17716.6667
2.7952 3.2461 39.7365 174.8649 5.7951 -179.9999 17733.3333
2.7805 3.2408 39.7902 174.6232 8.0539 -179.9996 17750.0
2.7742 3.237 39.8299 174.4264 9.5985 -179.9997 17766.6667
2.7656 3.2327 39.871 174.2213 11.4567 -179.9997 17783.3333
2.7568 3.2284 39.9114 174.1122 12.3994 -179.9999 17800.0
2.7466 3.2241 39.9506 173.8849 14.57 -179.9994 17816.6667
2.7348 3.2196 39.9901 173.7662 16.5014 -179.9998 17833.3333
2.7237 3.2155 40.0259 173.7504 17.0716 180.0 17850.0
2.7095 3.2102 40.0717 173.7504 17.2399 -180.0 17866.6667
2.6972 3.2057 40.1115 173.7504 17.2494 -180.0 17883.3333
2.6859 3.2015 40.1478 173.7504 17.3744 -180.0 17900.0
2.6729 3.1969 40.1884 173.7504 17.6557 180.0 17916.6667
2.6595 3.1921 40.2298 173.7504 17.9234 180.0 17933.3333
2.6467 3.1876 40.2687 173.7504 18.3465 -180.0 17950.0
2.6333 3.1832 40.3074 173.8367 18.9602 179.9999 17966.6667
2.621 3.1792 40.3425 173.9258 19.502 179.9999 17983.3333
2.6081 3.1754 40.3762 173.9505 20.816 180.0 18000.0
2.5907 3.1705 40.4197 174.0267 21.8183 179.9999 18016.6667
2.5731 3.1657 40.4619 174.0504 22.6993 180.0 18033.3333
2.5587 3.1623 40.492 174.2246 25.3693 179.9982 18050.0
2.5375 3.1578 40.5329 174.4146 27.0969 179.9998 18066.6667
2.519 3.1539 40.5688 174.4504 27.2993 180.0 18083.3333
2.4984 3.1497 40.6076 174.5303 28.0193 179.9999 18100.0
2.4773 3.1455 40.6464 174.5505 28.6264 180.0 18116.6667
2.4557 3.1416 40.684 174.8637 29.8639 179.9996 18133.3333
2.4352 3.1379 40.7195 174.9004 29.9993 180.0 18150.0
2.4148 3.1343 40.7546 174.9436 30.1718 180.0 18166.6667
2.3931 3.1305 40.792 174.9505 30.1993 180.0 18183.3333
2.3729 3.127 40.8266 174.9505 30.1993 180.0 18200.0
2.358 3.1244 40.8522 174.9505 30.1993 -180.0 18216.6667
2.3326 3.1199 40.8958 174.9893 30.1993 -180.0 18233.3333
2.3098 3.116 40.9349 175.0337 30.1993 -180.0 18250.0
2.291 3.1128 40.9673 175.0504 30.1993 180.0 18266.6667
2.2685 3.1089 41.006 175.0504 30.1993 180.0 18283.3333
2.252 3.1061 41.0343 175.0731 30.1993 180.0 18300.0
2.2313 3.1025 41.0699 175.1004 30.1993 180.0 18316.6667
2.2063 3.0982 41.1128 175.1264 30.1993 -180.0 18333.3333
2.1875 3.0954 41.1456 175.6011 29.9243 -179.9988 18350.0
2.1651 3.0922 41.1848 176.0504 29.6494 -180.0 18366.6667
2.1456 3.09 41.2202 176.8306 28.9494 -179.995 18383.3333
2.1259 3.0884 41.2567 177.6004 28.2494 -180.0 18400.0
2.1061 3.0866 41.294 177.6504 28.1995 -180.0 18416.6667
2.0857 3.085 41.3305 177.811 27.9703 -179.9996 18433.3333
2.0693 3.0835 41.37 178.0004 27.6995 -180.0 18450.0
2.0347 3.0823 41.398 178.3863 26.4143 -179.9942 18466.6667
1.9755 3.0817 41.4188 179.1047 22.8329 -179.9943 18483.3333
1.9219 3.0813 41.445 179.4004 20.0967 -180.0 18500.0
1.8701 3.0808 41.4695 179.4004 19.3839 -180.0 18516.6667
1.8168 3.0804 41.496 179.4004 18.5898 -180.0 18533.3333
1.7705 3.08 41.5198 179.4004 17.8663 -180.0 18550.0
1.7274 3.0796 41.5423 179.4004 17.4552 180.0 18566.6667
1.6666 3.0792 41.5744 179.4004 17.1103 -180.0 18583.3333
1.6092 3.0787 41.6058 179.4004 16.1202 -180.0 18600.0
1.5593 3.0782 41.6352 179.3169 14.6079 179.9994 18616.6667
1.5059 3.0775 41.6679 179.1775 13.5975 179.9999 18633.3333
1.4551 3.0769 41.6994 179.1269 13.0878 179.9999 18650.0
1.4069 3.0763 41.7303 179.0778 12.3986 179.9999 18666.6667
1.3576 3.0755 41.763 179.0288 11.4398 179.9999 18683.3333
1.3133 3.0749 41.7932 178.982 10.6601 179.9999 18700.0
1.2668 3.0742 41.8258 178.9504 10.0163 180.0 18716.6667
1.2186 3.0733 41.8603 178.9346 9.3729 180.0 18733.3333
1.1757 3.0726 41.8916 178.9004 8.9611 180.0 18750.0
1.1184 3.0717 41.9342 178.9004 8.3768 -180.0 18766.6667
1.0825 3.0711 41.9612 178.9004 8.047 180.0 18783.3333
1.0366 3.0703 41.9963 178.8921 7.6163 180.0 18800.0
0.9768 3.0692 42.0429 178.8504 6.9839 180.0 18816.6667
0.9342 3.0684 42.077 178.8318 6.4074 179.9999 18833.3333
0.8898 3.0675 42.1131 178.8004 5.8663 -180.0 18850.0
0.8461 3.0668 42.1491 178.7858 5.5559 180.0 18866.6667
0.8001 3.0658 42.1871 178.7504 5.3755 180.0 18883.3333
0.7568 3.0649 42.2233 178.7504 5.1729 180.0 18900.0
0.7063 3.0639 42.2657 178.7337 4.9829 180.0 18916.6667
0.6673 3.0631 42.2987 178.7004 4.6696 180.0 18933.3333
0.626 3.0622 42.3342 178.7004 4.4079 -180.0 18950.0
0.5687 3.061 42.3836 178.7004 4.0885 -180.0 18966.6667
0.5315 3.0601 42.4168 178.7004 3.8369 180.0 18983.3333
0.4824 3.0592 42.4577 178.7004 3.6829 180.0 19000.0
0.449 3.0581 42.5 178.7004 3.6496 180.0 19016.6667
0.4528 3.0573 42.5369 178.7004 3.6229 -180.0 19033.3333
0.4492 3.0565 42.5713 178.7004 3.5378 180.0 19050.0
0.4468 3.0556 42.6144 178.7004 3.4427 180.0 19066.6667
0.4435 3.0543 42.6684 178.7004 3.381 -180.0 19083.3333
0.4413 3.0535 42.7054 178.7004 3.3338 180.0 19100.0
0.4393 3.0527 42.7421 178.7004 3.2899 180.0 19116.6667
0.4372 3.0518 42.7789 178.7046 3.2453 -180.0 19133.3333
0.4347 3.0509 42.8238 178.7504 3.1841 180.0 19150.0
0.432 3.0498 42.8745 178.7504 3.0996 180.0 19166.6667
0.4298 3.0489 42.9139 178.7661 3.0839 -180.0 19183.3333
0.4277 3.048 42.9546 178.8004 3.0496 -180.0 19200.0
0.4254 3.0471 42.9975 178.816 3.0185 -180.0 19216.6667
0.4231 3.0463 43.0408 178.8837 2.9329 -180.0 19233.3333
0.4213 3.0457 43.0776 178.9879 2.8746 -180.0 19250.0
0.4192 3.045 43.1219 179.1587 2.7412 -179.9999 19266.6667
0.4173 3.0445 43.1654 179.4171 2.5162 -179.9998 19283.3333
0.4155 3.0443 43.2082 179.6857 2.3142 -180.0 19300.0
0.414 3.0441 43.2488 179.8004 2.2328 -180.0 19316.6667
0.4124 3.0441 43.2897 179.9475 2.1838 -180.0 19333.3333
0.4108 3.0442 43.3314 -179.9183 2.1339 180.0 19350.0
0.4093 3.0444 43.3747 -179.8163 2.0995 -180.0 19366.6667
0.4078 3.0446 43.4142 -179.7052 2.0995 -180.0 19383.3333
0.4063 3.0448 43.4538 -179.5996 2.0995 -180.0 19400.0
0.4048 3.0451 43.4982 -179.585 2.0995 180.0 19416.6667
0.4032 3.0455 43.5399 -179.5052 2.0995 180.0 19433.3333
0.4017 3.0459 43.579 -179.3871 2.0995 180.0 19450.0
0.4001 3.0465 43.6237 -179.3496 2.0995 180.0 19466.6667
0.3987 3.0469 43.6644 -179.3496 2.0995 180.0 19483.3333
0.3972 3.0473 43.7023 -179.3496 2.0995 180.0 19500.0
0.3956 3.0478 43.7484 -179.3496 2.0995 180.0 19516.6667
0.3941 3.0483 43.7883 -179.3496 2.0995 180.0 19533.3333
0.3928 3.0488 43.8261 -179.3496 2.0995 180.0 19550.0
0.3913 3.0491 43.8633 -179.3496 2.0995 180.0 19566.6667
0.3896 3.0497 43.9128 -179.3496 2.0995 180.0 19583.3333
0.388 3.0502 43.9549 -179.3496 2.0995 180.0 19600.0
0.3865 3.0507 43.9957 -179.3496 2.0995 180.0 19616.6667
0.385 3.0511 44.0371 -179.3496 2.0995 180.0 19633.3333
0.3834 3.0516 44.081 -179.3496 2.0995 180.0 19650.0
0.3818 3.0521 44.124 -179.3496 2.0995 180.0 19666.6667
0.3804 3.0526 44.1638 -179.3376 2.0995 180.0 19683.3333
0.3789 3.0531 44.2033 -179.2715 2.0995 -180.0 19700.0
0.3773 3.0537 44.2467 -179.1496 2.0995 -180.0 19716.6667
0.3758 3.0543 44.2878 -179.0908 2.1093 180.0 19733.3333
0.3743 3.0551 44.3268 -178.8087 2.1495 180.0 19750.0
0.3732 3.0559 44.3572 -178.5814 2.1495 180.0 19766.6667
0.3714 3.0573 44.4055 -178.3986 2.1495 180.0 19783.3333
0.3697 3.0586 44.4489 -178.3496 2.1495 180.0 19800.0
0.3683 3.0597 44.4894 -178.3496 2.1495 180.0 19816.6667
0.3669 3.0607 44.5245 -178.3496 2.1495 180.0 19833.3333
0.3646 3.0625 44.5839 -178.3496 2.1495 180.0 19850.0
0.3633 3.0635 44.6219 -178.3496 2.1495 180.0 19866.6667
0.3617 3.0647 44.6626 -178.3496 2.132 180.0 19883.3333
0.3604 3.0658 44.6994 -178.3496 2.0462 180.0 19900.0
0.3588 3.0671 44.7459 -178.3663 1.9912 180.0 19916.6667
0.3573 3.0682 44.7888 -178.4496 1.9397 180.0 19933.3333
0.356 3.0694 44.829 -178.4829 1.8578 179.9999 19950.0
0.3549 3.0702 44.8681 -178.66 1.6287 180.0 19966.6667
0.3539 3.0712 44.9117 -178.7771 1.4152 179.9999 19983.3333
0.353 3.0719 44.9522 -178.9672 1.176 180.0 20000.0
0.3524 3.0726 44.9935 -179.11 0.9839 180.0 20016.6667
0.3515 3.0732 45.037 -179.1996 0.8426 -180.0 20033.3333
0.3519 3.0738 45.0773 -179.1996 0.7942 180.0 20050.0
0.351 3.0742 45.1138 -179.1996 0.7504 180.0 20066.6667
0.3101 3.0748 45.1542 -179.1996 0.7495 180.0 20083.3333
0.2703 3.0753 45.1926 -179.1996 0.7495 180.0 20100.0
0.228 3.0759 45.2341 -179.1996 0.7495 180.0 20116.6667
0.1716 3.0767 45.289 -179.2084 0.7407 180.0 20133.3333
0.1369 3.0771 45.3227 -179.2496 0.697 180.0 20150.0
0.1016 3.0776 45.3574 -179.2496 0.6553 180.0 20166.6667
0.0631 3.0781 45.3949 -179.2496 0.6073 180.0 20183.3333
0.0031 3.0789 45.4541 -179.2496 0.4828 180.0 20200.0
-0.0336 3.0793 45.4903 -179.2548 0.3787 180.0 20216.6667
-0.078 3.0799 45.5343 -179.3065 0.1789 180.0 20233.3333
-0.1182 3.0803 45.5745 -179.3552 0.0217 180.0 20250.0
-0.1569 3.0807 45.6135 -179.4017 -0.213 180.0 20266.6667
-0.2005 3.0811 45.6576 -179.4496 -0.5162 180.0 20283.3333
-0.2392 3.0815 45.6984 -179.452 -0.7172 180.0 20300.0
-0.2386 3.0818 45.7303 -179.4917 -0.9949 180.0 20316.6667
-0.2363 3.0823 45.7778 -179.4996 -1.241 -180.0 20333.3333
-0.2351 3.0826 45.8271 -179.4996 -1.3681 180.0 20350.0
-0.2342 3.083 45.8674 -179.4996 -1.5051 -180.0 20366.6667
-0.2331 3.0834 45.9061 -179.4996 -1.5514 -180.0 20383.3333
-0.232 3.0837 45.9459 -179.4996 -1.5977 -180.0 20400.0
-0.2305 3.0841 45.9938 -179.4996 -1.7058 180.0 20416.6667
-0.2294 3.0845 46.031 -179.4996 -1.8373 180.0 20433.3333
-0.2276 3.0849 46.0815 -179.4996 -2.0005 180.0 20450.0
-0.2265 3.0852 46.1136 -179.4996 -2.0005 180.0 20466.6667
-0.2244 3.0856 46.1704 -179.4996 -2.0505 180.0 20483.3333
-0.2229 3.086 46.214 -179.4996 -2.0505 180.0 20500.0
-0.2214 3.0864 46.2546 -179.4996 -2.0505 180.0 20516.6667
-0.2199 3.0868 46.2992 -179.4996 -2.0537 -180.0 20533.3333
-0.2187 3.0871 46.3322 -179.4996 -2.0934 -180.0 20550.0
-0.2168 3.0875 46.382 -179.4996 -2.1005 -180.0 20566.6667
-0.2152 3.0879 46.4249 -179.4996 -2.1485 180.0 20583.3333
-0.2135 3.0883 46.4699 -179.4996 -2.2005 -180.0 20600.0
-0.2117 3.0887 46.5148 -179.4996 -2.2005 -180.0 20616.6667
-0.2105 3.089 46.5466 -179.4996 -2.2005 -180.0 20633.3333
-0.2084 3.0894 46.6036 -179.4996 -2.2005 -180.0 20650.0
-0.2068 3.0898 46.643 -179.4996 -2.2005 -180.0 20666.6667
-0.2054 3.0901 46.682 -179.4996 -2.2005 -180.0 20683.3333
-0.2035 3.0905 46.7277 -179.4996 -2.2005 -180.0 20700.0
-0.2015 3.091 46.781 -179.4996 -2.2005 -180.0 20716.6667
-0.1999 3.0914 46.8249 -179.4996 -2.2005 -180.0 20733.3333
-0.1982 3.0918 46.8666 -179.4996 -2.2005 -180.0 20750.0
-0.1964 3.0922 46.9135 -179.4996 -2.2005 -180.0 20766.6667
-0.1948 3.0926 46.9558 -179.4996 -2.2005 -180.0 20783.3333
-0.1934 3.0929 46.9921 -179.4996 -2.2005 -180.0 20800.0
-0.1915 3.0933 47.0402 -179.4996 -2.2005 -180.0 20816.6667
-0.1894 3.0938 47.0961 -179.4996 -2.2005 -180.0 20833.3333
-0.1875 3.0942 47.145 -179.4996 -2.2005 -180.0 20850.0
-0.186 3.0945 47.1854 -179.4996 -2.2005 -180.0 20866.6667
-0.1843 3.0949 47.2295 -179.4996 -2.2005 -180.0 20883.3333
-0.1819 3.0955 47.2903 -179.4996 -2.2005 -180.0 20900.0
-0.1803 3.0959 47.3336 -179.4996 -2.2005 -180.0 20916.6667
-0.1781 3.0963 47.3917 -179.4996 -2.2005 -180.0 20933.3333
-0.1763 3.0968 47.4382 -179.4996 -2.2005 -180.0 20950.0
-0.1746 3.0971 47.4804 -179.4996 -2.2005 -180.0 20966.6667
-0.1725 3.0976 47.5359 -179.4996 -2.2005 -180.0 20983.3333
-0.171 3.098 47.5761 -179.4996 -2.2005 -180.0 21000.0
-0.1687 3.0985 47.6366 -179.4996 -2.2005 -180.0 21016.6667
-0.1671 3.0989 47.676 -179.4996 -2.2005 -180.0 21033.3333
-0.1649 3.0993 47.7341 -179.4996 -2.2428 -180.0 21050.0
-0.1632 3.0997 47.7775 -179.4996 -2.2872 -180.0 21066.6667
-0.1609 3.1002 47.8322 -179.4996 -2.3005 -180.0 21083.3333
-0.159 3.1006 47.8795 -179.4996 -2.3005 -180.0 21100.0
-0.1572 3.101 47.9239 -179.532 -2.3005 -180.0 21116.6667
-0.1553 3.1013 47.9712 -179.5496 -2.3005 -180.0 21133.3333
-0.1525 3.1019 48.042 -179.5496 -2.3005 -180.0 21150.0
-0.1505 3.1023 48.0912 -179.5496 -2.3005 -180.0 21166.6667
-0.1486 3.1027 48.1403 -179.5496 -2.3005 -180.0 21183.3333
-0.1467 3.1031 48.1877 -179.5496 -2.3005 -180.0 21200.0
-0.1451 3.1034 48.2256 -179.5496 -2.3005 -180.0 21216.6667
-0.1425 3.1039 48.29 -179.5496 -2.3005 -180.0 21233.3333
-0.1405 3.1043 48.3402 -179.5496 -2.3005 -180.0 21250.0
-0.1387 3.1046 48.3857 -179.5496 -2.3005 -180.0 21266.6667
-0.1365 3.1051 48.4391 -179.5496 -2.3005 -180.0 21283.3333
-0.1343 3.1055 48.4932 -179.5496 -2.3005 -180.0 21300.0
-0.1322 3.1059 48.5471 -179.5496 -2.3005 -180.0 21316.6667
-0.1303 3.1063 48.5957 -179.5496 -2.3005 -180.0 21333.3333
-0.1286 3.1066 48.6369 -179.5496 -2.3005 -180.0 21350.0
-0.1263 3.107 48.6948 -179.5496 -2.3005 -180.0 21366.6667
-0.124 3.1075 48.7501 -179.5496 -2.3005 -180.0 21383.3333
-0.122 3.1079 48.801 -179.5496 -2.3005 -180.0 21400.0
-0.1201 3.1082 48.8496 -179.5496 -2.3005 -180.0 21416.6667
-0.1182 3.1086 48.8947 -179.5496 -2.3005 -180.0 21433.3333
-0.1162 3.109 48.9449 -179.5496 -2.3005 -180.0 21450.0
-0.1137 3.1094 49.0061 -179.5496 -2.3005 -180.0 21466.6667
-0.1117 3.1098 49.0576 -179.5496 -2.3005 -180.0 21483.3333
-0.1095 3.1102 49.1117 -179.5496 -2.3005 -180.0 21500.0
-0.1077 3.1107 49.1558 -179.5496 -2.3005 -180.0 21516.6667
-0.1053 3.1112 49.2158 -179.5496 -2.3005 -180.0 21533.3333
-0.1037 3.1115 49.2552 -179.5496 -2.3005 -180.0 21550.0
-0.1012 3.112 49.3194 -179.5496 -2.3005 -180.0 21566.6667
-0.0993 3.1123 49.3668 -179.5496 -2.3005 -180.0 21583.3333
-0.0971 3.1127 49.4213 -179.5496 -2.3005 -180.0 21600.0
-0.095 3.1131 49.473 -179.5496 -2.3005 -180.0 21616.6667
-0.0928 3.1136 49.5266 -179.5496 -2.3005 -180.0 21633.3333
-0.0907 3.114 49.5775 -179.5496 -2.3005 -180.0 21650.0
-0.0887 3.1144 49.6312 -179.5496 -2.3005 -180.0 21666.6667
-0.0866 3.1148 49.6827 -179.5496 -2.3005 -180.0 21683.3333
-0.0848 3.1151 49.7272 -179.5496 -2.3005 -180.0 21700.0
-0.0825 3.1155 49.7829 -179.5496 -2.3005 -180.0 21716.6667
-0.0804 3.116 49.835 -179.5496 -2.3005 -180.0 21733.3333
-0.0786 3.1164 49.8826 -179.5496 -2.3005 -180.0 21750.0
-0.0765 3.1168 49.9331 -179.5496 -2.3005 -180.0 21766.6667
-0.0745 3.1172 49.9832 -179.5496 -2.3005 -180.0 21783.3333
-0.0722 3.1176 50.0394 -179.5496 -2.3005 -180.0 21800.0
-0.07 3.118 50.0944 -179.5496 -2.3005 -180.0 21816.6667
-0.0682 3.1184 50.1414 -179.5496 -2.3005 -180.0 21833.3333
-0.0665 3.1187 50.183 -179.5496 -2.3005 -180.0 21850.0
-0.0644 3.1191 50.2336 -179.5496 -2.3005 -180.0 21866.6667
-0.0619 3.1196 50.2966 -179.5496 -2.3005 -180.0 21883.3333
-0.0597 3.12 50.3521 -179.5496 -2.3005 -180.0 21900.0
-0.0577 3.1204 50.4017 -179.5496 -2.3005 -180.0 21916.6667
-0.0556 3.1208 50.4544 -179.5496 -2.3005 -180.0 21933.3333
-0.0534 3.1213 50.5088 -179.5496 -2.3005 -180.0 21950.0
-0.0518 3.1215 50.5476 -179.5496 -2.3005 -180.0 21966.6667
-0.05 3.1219 50.5922 -179.5496 -2.3005 -180.0 21983.3333
-0.0474 3.1225 50.658 -179.5496 -2.3005 -180.0 22000.0
-0.0451 3.1229 50.7128 -179.5496 -2.3005 -180.0 22016.6667
-0.0432 3.1233 50.7626 -179.5496 -2.3005 -180.0 22033.3333
-0.0412 3.1237 50.8136 -179.5496 -2.3005 -180.0 22050.0
-0.0391 3.1241 50.8645 -179.5496 -2.3005 -180.0 22066.6667
-0.0371 3.1245 50.9148 -179.5496 -2.3005 -180.0 22083.3333
-0.0349 3.1249 50.9672 -179.5496 -2.3005 -180.0 22100.0
-0.0328 3.1253 51.0212 -179.5496 -2.3005 -180.0 22116.6667
-0.0306 3.1257 51.0758 -179.5496 -2.3005 -180.0 22133.3333
-0.0286 3.1261 51.1252 -179.5496 -2.3005 -180.0 22150.0
-0.0265 3.1265 51.1782 -179.5496 -2.3005 -180.0 22166.6667
-0.0243 3.1269 51.2305 -179.5496 -2.3005 -180.0 22183.3333
-0.0223 3.1274 51.2811 -179.5496 -2.3005 -180.0 22200.0
-0.0204 3.1278 51.3313 -179.5496 -2.3005 -180.0 22216.6667
-0.0182 3.1282 51.3845 -179.5496 -2.3005 -180.0 22233.3333
-0.0165 3.1285 51.4251 -179.5496 -2.3005 -180.0 22250.0
-0.0144 3.1289 51.4779 -179.5496 -2.3005 -180.0 22266.6667
-0.0121 3.1294 51.5364 -179.5496 -2.3005 -180.0 22283.3333
-0.0103 3.1297 51.5805 -179.5496 -2.3005 -180.0 22300.0
-0.0079 3.1302 51.6404 -179.5496 -2.3005 -180.0 22316.6667
-0.006 3.1306 51.6879 -179.5496 -2.3005 -180.0 22333.3333
-0.0035 3.131 51.7487 -179.5496 -2.3005 -180.0 22350.0
-0.0016 3.1314 51.7982 -179.5496 -2.3005 -180.0 22366.6667
0.0002 3.1318 51.8437 -179.5704 -2.3005 -180.0 22383.3333
0.0022 3.1321 51.8924 -179.5996 -2.3005 -180.0 22400.0
0.0047 3.1325 51.9522 -179.5996 -2.3005 -180.0 22416.6667
0.0067 3.1329 52.005 -179.5996 -2.3005 180.0 22433.3333
0.0084 3.1332 52.0482 -179.5996 -2.3005 180.0 22450.0
0.0104 3.1335 52.0956 -179.5996 -2.3005 180.0 22466.6667
0.0129 3.134 52.159 -179.5996 -2.3005 180.0 22483.3333
0.015 3.1343 52.2108 -179.5996 -2.3005 180.0 22500.0
0.0168 3.1346 52.2553 -179.5996 -2.3005 180.0 22516.6667
0.0188 3.135 52.3055 -179.5996 -2.3005 180.0 22533.3333
0.0212 3.1354 52.3665 -179.5996 -2.3005 180.0 22550.0
0.0231 3.1357 52.4126 -179.5996 -2.3005 180.0 22566.6667
0.0252 3.1361 52.4635 -179.5996 -2.3005 180.0 22583.3333
0.027 3.1364 52.5082 -179.5996 -2.3005 180.0 22600.0
0.029 3.1367 52.5579 -179.5996 -2.3005 180.0 22616.6667
0.031 3.1371 52.6095 -179.5996 -2.3005 180.0 22633.3333
0.0327 3.1374 52.6513 -179.5996 -2.3005 180.0 22650.0
0.0349 3.1378 52.7076 -179.5996 -2.3005 180.0 22666.6667
0.0369 3.1381 52.7576 -179.5996 -2.3005 180.0 22683.3333
0.0393 3.1386 52.8153 -179.5996 -2.3005 180.0 22700.0
0.0408 3.1388 52.8521 -179.5996 -2.3005 180.0 22716.6667
0.0427 3.1391 52.8998 -179.5996 -2.3005 180.0 22733.3333
0.045 3.1395 52.9581 -179.5996 -2.3005 180.0 22750.0
0.047 3.1399 53.0073 -179.5996 -2.3005 180.0 22766.6667
0.049 3.1402 53.0577 -179.5996 -2.3005 180.0 22783.3333
0.0508 3.1406 53.1025 -179.5996 -2.3005 180.0 22800.0
0.0528 3.1409 53.1515 -179.5996 -2.3005 180.0 22816.6667
0.055 3.1413 53.2062 -179.5996 -2.3005 180.0 22833.3333
0.0569 3.1416 53.2526 -179.5996 -2.3005 180.0 22850.0
0.0587 3.1419 53.2986 -179.5996 -2.3005 180.0 22866.6667
0.0605 3.1422 53.3429 -179.6163 -2.3005 180.0 22883.3333
0.0625 3.1425 53.3926 -179.6496 -2.3005 180.0 22900.0
0.0643 3.1428 53.4393 -179.6496 -2.3005 -180.0 22916.6667
0.066 3.1431 53.4779 -179.6496 -2.3005 -180.0 22933.3333
0.0674 3.1433 53.5141 -179.6496 -2.3005 -180.0 22950.0
0.0693 3.1436 53.5637 -179.6496 -2.3005 -180.0 22966.6667
0.0716 3.1439 53.6193 -179.6496 -2.3005 -180.0 22983.3333
0.0732 3.1442 53.6591 -179.6496 -2.3005 -180.0 23000.0
0.0747 3.1444 53.695 -179.6496 -2.3005 -180.0 23016.6667
0.0766 3.1447 53.7431 -179.6496 -2.3005 -180.0 23033.3333
0.0787 3.145 53.7968 -179.6496 -2.3005 -180.0 23050.0
0.0802 3.1452 53.8328 -179.6496 -2.3005 -180.0 23066.6667
0.0821 3.1455 53.8803 -179.6496 -2.3005 -180.0 23083.3333
0.084 3.1458 53.9286 -179.6496 -2.3005 -180.0 23100.0
0.086 3.1461 53.978 -179.6496 -2.3005 -180.0 23116.6667
0.0876 3.1463 54.0153 -179.6496 -2.3005 -180.0 23133.3333
0.0894 3.1467 54.0614 -179.6496 -2.3005 -180.0 23150.0
0.091 3.1469 54.1015 -179.6496 -2.3005 -180.0 23166.6667
0.0932 3.1472 54.158 -179.6623 -2.3005 -180.0 23183.3333
0.0948 3.1475 54.1982 -179.6996 -2.3005 -180.0 23200.0
0.0965 3.1476 54.2398 -179.6996 -2.3005 -180.0 23216.6667
0.0986 3.1479 54.2913 -179.6996 -2.3005 180.0 23233.3333
0.1003 3.1481 54.334 -179.6996 -2.3005 180.0 23250.0
0.1025 3.1484 54.3862 -179.6996 -2.3005 180.0 23266.6667
0.104 3.1487 54.4243 -179.6996 -2.3005 180.0 23283.3333
0.1054 3.1488 54.4602 -179.6996 -2.3005 180.0 23300.0
0.1073 3.149 54.5076 -179.6996 -2.3005 180.0 23316.6667
0.1096 3.1494 54.5657 -179.6996 -2.3005 180.0 23333.3333
0.1112 3.1495 54.6064 -179.7121 -2.3005 180.0 23350.0
0.113 3.1498 54.6517 -179.7496 -2.3005 180.0 23366.6667
0.1144 3.1499 54.6865 -179.7496 -2.3005 180.0 23383.3333
0.1163 3.1501 54.7342 -179.7496 -2.3005 180.0 23400.0
0.1187 3.1504 54.7895 -179.7496 -2.3005 180.0 23416.6667
0.1204 3.1506 54.8325 -179.7496 -2.3005 180.0 23433.3333
0.1223 3.1508 54.8804 -179.7496 -2.3005 180.0 23450.0
0.1239 3.1509 54.9205 -179.7496 -2.3005 180.0 23466.6667
0.1253 3.1511 54.9572 -179.7496 -2.3005 180.0 23483.3333
0.1276 3.1514 55.0138 -179.7496 -2.3005 180.0 23500.0
0.1294 3.1516 55.0592 -179.7496 -2.3005 180.0 23516.6667
0.1311 3.1517 55.1012 -179.7496 -2.3005 180.0 23533.3333
0.1327 3.1519 55.1396 -179.7496 -2.3005 180.0 23550.0
0.1348 3.1521 55.193 -179.7496 -2.3005 180.0 23566.6667
0.1367 3.1524 55.2384 -179.7496 -2.3005 180.0 23583.3333
0.1384 3.1525 55.2825 -179.7496 -2.3005 180.0 23600.0
0.1402 3.1527 55.3273 -179.7496 -2.3005 180.0 23616.6667
0.1421 3.153 55.374 -179.7496 -2.3005 180.0 23633.3333
0.1438 3.1531 55.4178 -179.7496 -2.3005 180.0 23650.0
0.1456 3.1533 55.4623 -179.7496 -2.3005 180.0 23666.6667
0.1473 3.1535 55.5057 -179.7496 -2.3005 180.0 23683.3333
0.1491 3.1536 55.5484 -179.7496 -2.3005 180.0 23700.0
0.1509 3.1538 55.5947 -179.7496 -2.3005 180.0 23716.6667
0.1522 3.154 55.6279 -179.7496 -2.3005 180.0 23733.3333
0.1541 3.1542 55.6729 -179.7496 -2.3005 180.0 23750.0
0.1561 3.1544 55.7237 -179.7496 -2.3005 180.0 23766.6667
0.1579 3.1546 55.7658 -179.7496 -2.3005 180.0 23783.3333
0.1596 3.1548 55.8086 -179.7496 -2.3005 180.0 23800.0
0.1611 3.155 55.8477 -179.7496 -2.3005 180.0 23816.6667
0.1629 3.1551 55.8935 -179.7496 -2.3005 180.0 23833.3333
0.1645 3.1553 55.9323 -179.7496 -2.3005 180.0 23850.0
0.1662 3.1555 55.9745 -179.7496 -2.3005 180.0 23866.6667
0.1677 3.1557 56.0119 -179.7496 -2.3005 180.0 23883.3333
0.1691 3.1558 56.0463 -179.7496 -2.3005 180.0 23900.0
0.1708 3.1561 56.0909 -179.7496 -2.3005 180.0 23916.6667
0.1722 3.1562 56.1232 -179.7496 -2.3005 180.0 23933.3333
0.1737 3.1563 56.1598 -179.7496 -2.3005 180.0 23950.0
0.1752 3.1565 56.2 -179.7496 -2.3005 180.0 23966.6667
0.1766 3.1567 56.2335 -179.7496 -2.3005 180.0 23983.3333
0.178 3.1568 56.2676 -179.7496 -2.3005 180.0 24000.0
0.1794 3.157 56.3017 -179.7496 -2.3005 180.0 24016.6667
0.1808 3.1571 56.3393 -179.7496 -2.3005 180.0 24033.3333
0.1827 3.1573 56.3844 -179.7496 -2.3005 180.0 24050.0
0.1837 3.1575 56.4093 -179.7496 -2.3005 180.0 24066.6667
0.1851 3.1576 56.4442 -179.7496 -2.3005 180.0 24083.3333
0.1869 3.1578 56.4907 -179.7496 -2.3005 180.0 24100.0
0.1884 3.1579 56.5262 -179.7496 -2.3005 180.0 24116.6667
0.1897 3.1581 56.5601 -179.7496 -2.3005 180.0 24133.3333
0.1915 3.1583 56.6035 -179.7496 -2.3005 180.0 24150.0
0.193 3.1584 56.6406 -179.7496 -2.3005 180.0 24166.6667
0.1943 3.1586 56.6749 -179.7496 -2.3005 180.0 24183.3333
0.1959 3.1588 56.7131 -179.7496 -2.3005 180.0 24200.0
0.1974 3.1589 56.7493 -179.7496 -2.3005 180.0 24216.6667
0.1989 3.1591 56.7867 -179.7496 -2.2952 180.0 24233.3333
0.1999 3.1592 56.8137 -179.7496 -2.2573 180.0 24250.0
0.2013 3.1594 56.8495 -179.7496 -2.2505 180.0 24266.6667
0.203 3.1596 56.8961 -179.7538 -2.1422 -180.0 24283.3333
0.2043 3.1597 56.9325 -179.7996 -2.0315 -180.0 24300.0
0.2052 3.1598 56.9603 -179.7996 -1.8727 -180.0 24316.6667
0.2067 3.1599 57.0092 -179.8065 -1.6525 -180.0 24333.3333
0.2075 3.16 57.0432 -179.8549 -1.2873 -180.0 24350.0
0.2079 3.1601 57.0756 -179.8987 -0.761 -180.0 24366.6667
0.2082 3.1601 57.1139 -179.9496 -0.4974 -180.0 24383.3333
0.2084 3.1602 57.1523 -179.9496 -0.3505 -180.0 24400.0
0.2086 3.1602 57.1898 -179.9496 -0.3505 -180.0 24416.6667
0.2089 3.1602 57.2196 -179.9496 -0.3505 -180.0 24433.3333
0.2091 3.1603 57.2655 -179.9496 -0.3505 -180.0 24450.0
0.2093 3.1603 57.3004 -179.9496 -0.3505 -180.0 24466.6667
0.2095 3.1603 57.3371 -179.9496 -0.3505 -180.0 24483.3333
0.2098 3.1604 57.3744 -179.9496 -0.3505 -180.0 24500.0
0.21 3.1604 57.403 -179.9496 -0.3505 -180.0 24516.6667
0.2102 3.1604 57.4416 -179.9496 -0.3505 -180.0 24533.3333
0.2104 3.1605 57.4696 -179.9496 -0.3505 -180.0 24550.0
0.2106 3.1605 57.5127 -179.9496 -0.3505 -180.0 24566.6667
0.2108 3.1605 57.5451 -179.9496 -0.3505 -180.0 24583.3333
0.211 3.1605 57.5779 -179.9496 -0.3505 -180.0 24600.0
0.2112 3.1606 57.6107 -179.9496 -0.3505 -180.0 24616.6667
0.2114 3.1606 57.6455 -179.9496 -0.3505 -180.0 24633.3333
0.2117 3.1606 57.6783 -179.9496 -0.3505 -180.0 24650.0
0.2119 3.1607 57.7131 -179.9496 -0.3505 -180.0 24666.6667
0.2121 3.1607 57.7459 -179.9496 -0.3505 -180.0 24683.3333
0.2123 3.1607 57.7786 -179.9496 -0.3505 -180.0 24700.0
0.2125 3.1607 57.8054 -179.9496 -0.3505 -180.0 24716.6667
0.2127 3.1608 57.844 -179.9496 -0.3505 -180.0 24733.3333
0.2129 3.1608 57.877 -179.9496 -0.3505 -180.0 24750.0
0.2131 3.1608 57.9117 -179.9496 -0.3505 -180.0 24766.6667
0.2133 3.1609 57.9445 -179.9496 -0.3505 -180.0 24783.3333
0.2135 3.1609 57.9772 -179.9496 -0.3505 -180.0 24800.0
0.2137 3.1609 58.012 -179.9496 -0.3015 -180.0 24816.6667
0.2138 3.161 58.0468 -179.9496 -0.2485 -180.0 24833.3333
0.2139 3.161 58.0796 -179.9496 -0.1505 -180.0 24850.0
0.2139 3.161 58.1124 -179.9006 -0.0525 180.0 24866.6667
0.2139 3.1611 58.1413 -179.8996 -0.0075 180.0 24883.3333
0.2139 3.1612 58.1777 -179.8529 -0.0005 -180.0 24900.0
0.2139 3.1613 58.2109 -179.8496 -0.0005 -180.0 24916.6667
0.2139 3.1614 58.2414 -179.8496 -0.0005 -180.0 24933.3333
0.2139 3.1615 58.278 -179.8496 -0.0005 -180.0 24950.0
0.2139 3.1615 58.3111 -179.8496 -0.0005 -180.0 24966.6667
0.2139 3.1616 58.3457 -179.8496 -0.0005 -180.0 24983.3333
