0.0 5.0 10.0 0.0 0.0 0.0 0.0
0.0 5.0 10.0 0.0 0.0 0.0 16.6667
0.0 5.0 10.0 0.0 0.0 0.0 33.3333
0.0 5.0 10.0 0.0 0.0 0.0 50.0
0.0 5.0 10.0 0.0 0.0 0.0 66.6667
0.0 5.0 10.0 0.0 0.0 0.0 83.3333
0.0 5.0 10.0 0.0 0.0 0.0 100.0
0.0 5.0 10.0 0.0 0.0 0.0 116.6667
0.0 5.0 10.0 0.0 0.0 0.0 133.3333
0.0 5.0 10.0 0.0 0.0 0.0 150.0
0.0 5.0 10.0 0.0 0.0 0.0 166.6667
0.0 5.0 10.0 0.0 0.0 0.0 183.3333
0.0 5.0 10.0 0.0 0.0 0.0 200.0
0.0 5.0 10.0 0.0 0.0 0.0 216.6667
0.0 5.0 10.0 0.0 0.0 0.0 233.3333
0.0 5.0 10.0 0.0 0.0 0.0 250.0
0.0 5.0 10.0 0.0 0.0 0.0 266.6667
0.0 5.0 10.0 0.0 0.0 0.0 283.3333
0.0 5.0 10.0 0.0143 0.0 0.0 300.0
0.0 5.0 10.0 0.05 0.0 0.0 316.6667
0.0 5.0 10.0 0.3344 -0.0178 0.0001 333.3333
0.0 5.0 10.0 0.85 -0.05 0.0 350.0
0.0 5.0 10.0 1.0833 -0.05 0.0 366.6667
0.0 5.0 10.0002 1.8177 -0.05 0.0 383.3333
0.0 5.0001 9.9992 2.6235 0.0118 -0.0004 400.0
0.0 4.9997 10.0032 4.0 0.0667 0.0004 416.6667
0.0 5.0006 9.994 5.4595 0.0 0.0 433.3333
0.0 5.0047 9.9529 5.725 -0.0187 0.0 450.0
0.0 5.008 9.9206 5.85 -0.05 0.0 466.6667
0.0001 5.0113 9.8879 5.8686 -0.05 0.0 483.3333
0.0001 5.0148 9.8545 5.9188 -0.05 0.0 500.0
0.0001 5.0184 9.8206 5.95 -0.05 0.0 516.6667
0.0001 5.0218 9.7874 5.95 -0.05 0.0 533.3333
0.0002 5.0254 9.7529 5.95 -0.05 0.0 550.0
0.0002 5.0287 9.7219 5.95 -0.05 0.0 566.6667
0.0002 5.0321 9.6893 5.95 -0.05 0.0 583.3333
0.0003 5.0354 9.6571 5.95 -0.05 0.0 600.0
0.0003 5.0387 9.6256 5.95 -0.05 0.0 616.6667
0.0003 5.0425 9.5889 5.95 -0.05 0.0 633.3333
0.0003 5.0456 9.5593 5.95 -0.05 0.0 650.0
0.0004 5.0494 9.5227 5.95 -0.05 0.0 666.6667
0.0004 5.0528 9.4902 5.95 -0.05 0.0 683.3333
0.0004 5.0564 9.4557 5.95 -0.05 0.0 700.0
0.0005 5.0597 9.4237 5.95 -0.05 0.0 716.6667
0.0005 5.0633 9.3899 5.95 -0.05 0.0 733.3333
0.0005 5.0666 9.3572 5.95 -0.05 0.0 750.0
0.0006 5.0698 9.3276 5.95 -0.05 0.0 766.6667
0.0006 5.0735 9.2921 5.95 -0.05 0.0 783.3333
0.0006 5.0768 9.2592 5.95 -0.05 0.0 800.0
0.0006 5.0802 9.2271 5.95 -0.05 0.0 816.6667
0.0007 5.084 9.1909 5.95 -0.05 0.0 833.3333
0.0007 5.0874 9.1583 5.9656 -0.05 0.0 850.0
0.0007 5.091 9.1239 6.0333 -0.0833 0.0 866.6667
0.0008 5.0945 9.0915 6.1314 -0.1657 0.0 883.3333
0.001 5.098 9.0593 6.2 -0.2 0.0 900.0
0.0008 5.101 9.0315 6.2421 -0.2351 0.0001 916.6667
0.0014 5.1045 9.0014 6.5 -0.45 0.0 933.3333
-0.0044 5.1095 8.9578 6.5694 -0.5056 0.0001 950.0
-0.039 5.1129 8.9288 6.8147 -0.7471 0.0002 966.6667
-0.0712 5.1171 8.8943 7.05 -1.1 0.0 983.3333
-0.1038 5.1212 8.8608 7.1658 -1.4579 0.0014 1000.0
-0.1325 5.1253 8.8289 7.6417 -2.9012 0.0003 1016.6667
-0.1667 5.1304 8.7903 7.9894 -3.778 0.0002 1033.3333
-0.1889 5.1338 8.7648 8.1409 -4.2705 0.0 1050.0
-0.2286 5.1401 8.7187 8.35 -4.55 0.0 1066.6667
-0.2531 5.1439 8.6902 8.3528 -4.5542 0.0 1083.3333
-0.2934 5.1503 8.6433 8.4917 -4.7556 0.0001 1100.0
-0.3198 5.1548 8.612 8.7832 -5.1062 0.0011 1116.6667
-0.3518 5.1608 8.5731 9.4892 -5.8765 0.0002 1133.3333
-0.3786 5.1659 8.5404 9.76 -6.12 0.0 1150.0
-0.4043 5.1709 8.5089 9.8154 -6.2128 0.0 1166.6667
-0.4399 5.1779 8.465 10.1 -6.45 0.0 1183.3333
-0.462 5.1823 8.4377 10.1 -6.45 0.0 1200.0
-0.497 5.1895 8.394 10.4833 -6.775 0.0003 1216.6667
-0.525 5.1957 8.3585 10.975 -7.25 0.0003 1233.3333
-0.5492 5.2012 8.3273 11.35 -7.75 0.0 1250.0
-0.5838 5.2096 8.2817 11.8693 -8.4193 0.0 1266.6667
-0.608 5.2156 8.2497 11.9738 -8.5238 0.0 1283.3333
-0.6413 5.224 8.2054 12.2111 -8.7722 0.0 1300.0
-0.6648 5.23 8.1738 12.269 -8.8754 0.0 1316.6667
-0.6865 5.2356 8.1447 12.3881 -9.0341 0.0 1333.3333
-0.7232 5.2455 8.0935 12.6781 -9.6062 0.0001 1350.0
-0.7514 5.2516 8.0612 12.8 -9.8704 0.0 1366.6667
-0.7808 5.251 8.059 12.8111 -9.9667 0.0 1383.3333
-0.8055 5.2511 8.0542 12.8905 -10.0857 0.0 1400.0
-0.8511 5.2511 8.046 12.95 -10.1 0.0 1416.6667
-0.875 5.2511 8.0418 12.95 -10.1 0.0 1433.3333
-0.9187 5.2511 8.0339 12.95 -10.2118 0.0 1450.0
-0.9491 5.2511 8.0283 12.9931 -10.3039 0.0001 1466.6667
-0.9808 5.2511 8.0224 13.1763 -10.5439 0.0 1483.3333
-1.01 5.2511 8.0169 13.3214 -10.7786 0.0001 1500.0
-1.0486 5.2511 8.0092 13.6431 -11.2039 0.0001 1516.6667
-1.0796 5.2511 8.003 13.8294 -11.4392 0.0 1533.3333
-1.1125 5.2511 7.9962 14.0156 -11.6562 0.0001 1550.0
-1.1458 5.2511 7.9891 14.3407 -11.9509 0.0001 1566.6667
-1.1763 5.2511 7.9825 14.5729 -12.2229 0.0003 1583.3333
-1.2103 5.2511 7.9748 15.0749 -12.725 0.0003 1600.0
-1.2395 5.2511 7.968 15.4807 -13.1263 0.0001 1616.6667
-1.2679 5.2511 7.9613 15.7877 -13.3895 0.0 1633.3333
-1.3087 5.2511 7.9511 16.4293 -14.1471 0.0003 1650.0
-1.3386 5.2511 7.9431 16.8701 -14.6842 0.0003 1666.6667
-1.3671 5.2511 7.9354 17.3098 -15.2118 0.0001 1683.3333
-1.3987 5.2511 7.9265 17.8 -15.8 0.0 1700.0
-1.4259 5.2511 7.9184 18.37 -16.5456 0.0005 1716.6667
-1.4657 5.2511 7.906 18.9235 -17.2236 0.0001 1733.3333
-1.4963 5.2511 7.8964 19.2056 -17.5057 0.0 1750.0
-1.5258 5.2511 7.887 19.2981 -17.5982 0.0 1766.6667
-1.5589 5.2511 7.8764 19.5553 -17.8554 0.0 1783.3333
-1.5859 5.2511 7.8676 19.8184 -18.1185 0.0001 1800.0
-1.6256 5.2511 7.8544 19.9697 -18.2648 0.0 1816.6667
-1.6557 5.2511 7.8444 20.1538 -18.4075 0.0 1833.3333
-1.6852 5.2511 7.8345 20.2001 -18.5001 0.0 1850.0
-1.7202 5.2511 7.8227 20.305 -18.7099 0.0 1866.6667
-1.7511 5.2511 7.8121 20.3543 -18.8043 0.0 1883.3333
-1.784 5.2511 7.8009 20.4119 -18.8677 0.0 1900.0
-1.8149 5.2511 7.7902 20.505 -19.0099 0.0 1916.6667
-1.8457 5.2511 7.7796 20.5606 -19.1141 0.0 1933.3333
-1.8732 5.2511 7.77 20.6922 -19.2896 0.0 1950.0
-1.908 5.2511 7.7576 20.9063 -19.6084 0.0 1966.6667
-1.9401 5.2511 7.7461 21.0559 -19.8088 0.0 1983.3333
-1.9619 5.2511 7.7381 21.1284 -19.9175 0.0 2000.0
-1.9929 5.2511 7.7267 21.3445 -20.1834 0.0001 2016.6667
-2.0356 5.2511 7.7108 21.6079 -20.5079 0.0 2033.3333
-2.0649 5.2511 7.6997 21.7023 -20.6088 0.0 2050.0
-2.0847 5.2511 7.6923 21.7385 -20.7537 0.0 2066.6667
-2.1248 5.2511 7.6768 21.939 -21.0834 0.0 2083.3333
-2.1511 5.2511 7.6666 22.1025 -21.2144 0.0001 2100.0
-2.1786 5.2511 7.6558 22.3323 -21.4689 0.0001 2116.6667
-2.2206 5.2511 7.639 22.6532 -21.8532 0.0 2133.3333
-2.2522 5.2511 7.6262 22.8191 -22.0263 0.0001 2150.0
-2.2754 5.2511 7.6166 23.1365 -22.4628 0.0003 2166.6667
-2.3132 5.2511 7.6008 23.404 -22.755 0.0 2183.3333
-2.3433 5.2511 7.588 23.6001 -23.0001 0.0 2200.0
-2.3734 5.2511 7.5751 23.7962 -23.1962 0.0 2216.6667
-2.4035 5.2511 7.562 24.0883 -23.4883 0.0 2233.3333
-2.4353 5.2511 7.5481 24.2001 -23.6001 0.0 2250.0
-2.4671 5.2511 7.5341 24.4021 -23.754 0.0 2266.6667
-2.4971 5.2511 7.5208 24.456 -23.856 0.0 2283.3333
-2.5271 5.2511 7.5074 24.7501 -24.1501 0.0 2300.0
-2.5569 5.2511 7.4939 24.9462 -24.3462 0.0 2316.6667
-2.5886 5.2511 7.4794 25.1029 -24.502 0.0 2333.3333
-2.6169 5.2511 7.4665 25.2418 -24.5945 0.0 2350.0
-2.6408 5.2511 7.4555 25.2874 -24.6747 0.0 2366.6667
-2.6688 5.2511 7.4426 25.3709 -24.8417 0.0 2383.3333
-2.7094 5.2511 7.4236 25.5502 -25.1 0.0 2400.0
-2.7391 5.2511 7.4095 25.6482 -25.2472 0.0 2416.6667
-2.7637 5.2511 7.3979 25.7319 -25.3726 0.0 2433.3333
-2.7946 5.2511 7.3831 25.8314 -25.5626 0.0 2450.0
-2.8234 5.2511 7.3692 25.9306 -25.8413 0.0 2466.6667
-2.8608 5.2511 7.3508 25.9517 -26.2539 0.0 2483.3333
-2.8833 5.2511 7.3397 26.0275 -26.4433 0.0 2500.0
-2.9125 5.2511 7.3247 26.1668 -27.0834 0.0002 2516.6667
-2.9481 5.2511 7.3061 26.2954 -27.5834 0.0 2533.3333
-2.9774 5.2511 7.2905 26.3943 -27.8825 0.0 2550.0
-3.0043 5.2511 7.2762 26.4872 -28.2047 0.0 2566.6667
-3.0365 5.2511 7.2585 26.6913 -28.6801 0.0 2583.3333
-3.0653 5.2511 7.2425 26.7943 -29.0295 0.0 2600.0
-3.0939 5.2511 7.2265 26.8923 -29.2805 0.0 2616.6667
-3.1224 5.2511 7.2104 26.9453 -29.3903 0.0 2633.3333
-3.1512 5.2511 7.1941 26.9502 -29.5766 0.0 2650.0
-3.1774 5.2511 7.1791 26.9503 -29.8038 0.0 2666.6667
-3.211 5.2511 7.1596 26.9502 -30.1358 0.0 2683.3333
-3.2396 5.2511 7.1427 26.9031 -30.5266 0.0 2700.0
-3.2632 5.2511 7.1288 26.861 -30.7068 0.0 2716.6667
-3.2913 5.2511 7.1116 26.4653 -31.5595 -0.0009 2733.3333
-3.3228 5.2511 7.0914 25.8306 -32.6234 -0.0007 2750.0
-3.3502 5.2511 7.0729 24.587 -34.0874 -0.0026 2766.6667
-3.378 5.2511 7.0524 22.6561 -36.4053 -0.0046 2783.3333
-3.404 5.2511 7.0317 21.0409 -38.5472 -0.004 2800.0
-3.4264 5.2511 7.0121 19.1216 -40.9229 -0.0126 2816.6667
-3.4477 5.2511 6.9927 18.0501 -42.2317 -0.0024 2833.3333
-3.4706 5.2511 6.9707 16.7566 -43.8814 -0.0093 2850.0
-3.4996 5.2511 6.941 15.2539 -45.5834 -0.0052 2866.6667
-3.5237 5.2511 6.9156 14.2353 -46.6168 -0.0024 2883.3333
-3.5453 5.2511 6.8919 13.0609 -47.8564 -0.006 2900.0
-3.5692 5.2511 6.864 11.8532 -49.2334 -0.0039 2916.6667
-3.5859 5.2511 6.8442 11.0975 -50.2168 -0.0027 2933.3333
-3.6086 5.2511 6.8153 10.1135 -51.6626 -0.0062 2950.0
-3.6322 5.2511 6.7841 9.2058 -53.0364 -0.002 2966.6667
-3.6466 5.2511 6.7641 8.5917 -54.0971 -0.0043 2983.3333
-3.6635 5.2511 6.7398 7.9817 -55.1401 -0.0017 3000.0
-3.6856 5.2511 6.7062 7.1093 -56.7453 -0.0079 3016.6667
-3.7031 5.2511 6.6776 6.2239 -58.5686 -0.0049 3033.3333
-3.7203 5.2511 6.6476 5.5135 -60.0601 -0.0037 3050.0
-3.7359 5.2511 6.6195 5.1385 -60.965 -0.0006 3066.6667
-3.751 5.2511 6.5915 4.8949 -61.6407 -0.001 3083.3333
-3.766 5.2511 6.563 4.6795 -62.2369 -0.0004 3100.0
-3.7798 5.2511 6.5361 4.5611 -62.6177 -0.0001 3116.6667
-3.7945 5.2511 6.5077 4.4816 -62.8374 0.0 3133.3333
-3.8119 5.2511 6.4735 4.4502 -62.9501 0.0 3150.0
-3.8308 5.2511 6.4362 4.4502 -63.0001 0.0 3166.6667
-3.8403 5.2511 6.4177 4.4266 -63.0473 0.0 3183.3333
-3.8554 5.2511 6.388 4.4002 -63.1365 0.0 3200.0
-3.8749 5.2511 6.3493 4.4002 -63.2001 0.0 3216.6667
-3.8885 5.2511 6.3224 4.4002 -63.2276 0.0 3233.3333
-3.9034 5.2511 6.2926 4.3475 -63.5148 -0.0002 3250.0
-3.918 5.2511 6.2624 4.2195 -64.2105 -0.0006 3266.6667
-3.9328 5.2511 6.2303 4.0634 -65.1834 -0.0008 3283.3333
-3.9463 5.2511 6.2 3.9125 -66.0119 -0.0005 3300.0
-3.96 5.2511 6.1683 3.7604 -66.9949 -0.0009 3316.6667
-3.9705 5.2512 6.1395 3.6194 -67.9396 -0.0008 3333.3333
-3.9856 5.251 6.1098 3.5237 -68.6434 -0.0002 3350.0
-3.9804 5.2521 6.0696 3.4719 -69.2413 -0.0002 3366.6667
-3.9587 5.2542 6.0294 3.4502 -69.5738 0.0 3383.3333
-3.9429 5.2558 5.9923 3.4502 -69.6501 0.0 3400.0
-3.9253 5.2576 5.9548 3.4639 -69.6501 0.0 3416.6667
-3.9038 5.2599 5.907 3.5543 -69.7043 0.0001 3433.3333
-3.8762 5.2628 5.8536 3.7559 -69.9325 0.0003 3450.0
-3.8765 5.2636 5.8206 3.9768 -70.3815 0.0011 3466.6667
-3.8757 5.2645 5.7864 4.2149 -71.0473 0.0013 3483.3333
-3.8512 5.2672 5.7448 4.3503 -71.7782 0.0 3500.0
-3.8276 5.27 5.6984 4.3503 -72.839 0.0 3516.6667
-3.8066 5.2724 5.66 4.2589 -74.0568 -0.0021 3533.3333
-3.7829 5.2744 5.6215 3.8731 -76.3359 -0.0234 3550.0
-3.753 5.2766 5.5776 3.304 -79.4188 -0.0068 3566.6667
-3.7266 5.2782 5.5419 2.9219 -81.4776 -0.0169 3583.3333
-3.6963 5.2797 5.5042 2.4445 -83.7251 -0.0193 3600.0
-3.6653 5.281 5.4676 2.1283 -85.361 -0.0044 3616.6667
-3.6347 5.2819 5.4336 1.8159 -87.0521 -0.0598 3633.3333
-3.6015 5.2827 5.3991 1.3469 -88.7002 -0.0216 3650.0
-3.567 5.2833 5.3642 1.1648 -89.6603 -0.092 3666.6667
-3.5377 5.2838 5.3353 -179.2059 -89.4745 -179.948 3683.3333
-3.5065 5.284 5.306 -179.5797 -88.2498 -179.92 3700.0
-3.4656 5.2839 5.2703 179.7733 -86.0055 -179.9618 3716.6667
-3.4276 5.2834 5.2397 179.1451 -83.9083 -179.9724 3733.3333
-3.3953 5.2827 5.2153 178.6701 -81.871 -179.9855 3750.0
-3.3577 5.2817 5.1897 178.1591 -79.4077 -179.9761 3766.6667
-3.3155 5.2803 5.164 177.5527 -76.361 -179.9929 3783.3333
-3.2746 5.2786 5.1408 177.1905 -74.5713 -179.9973 3800.0
-3.2275 5.2765 5.1157 176.7436 -72.7852 -179.991 3816.6667
-3.1872 5.2744 5.0961 176.2528 -71.0323 -179.9964 3833.3333
-3.145 5.2719 5.077 175.6136 -69.0471 -179.9815 3850.0
-3.1064 5.2693 5.0622 174.7566 -66.1499 -179.9887 3866.6667
-3.0597 5.2655 5.0462 174.0319 -63.8832 -179.9981 3883.3333
-3.008 5.2613 5.0299 173.4368 -61.961 -179.991 3900.0
-2.9663 5.2574 5.0189 172.7814 -59.9724 -179.9963 3916.6667
-2.9246 5.2533 5.0087 172.1415 -58.1291 -179.9907 3933.3333
-2.8832 5.2486 5.001 171.2127 -55.5535 -179.989 3950.0
-2.8301 5.242 4.9936 170.0337 -52.4183 -179.9968 3966.6667
-2.7918 5.237 4.9896 169.4696 -50.5009 -179.9945 3983.3333
-2.7418 5.2299 4.987 168.5495 -47.4999 -179.9937 4000.0
-2.69 5.2221 4.9867 167.8364 -44.6507 -179.9994 4016.6667
-2.6516 5.2162 4.9871 167.6913 -43.8012 -180.0 4033.3333
-2.595 5.2075 4.9881 167.6027 -43.0973 -179.9997 4050.0
-2.5571 5.2016 4.9901 167.4006 -41.5685 -179.996 4066.6667
-2.5084 5.1937 4.9958 167.0503 -37.7142 -180.0 4083.3333
-2.4558 5.1852 5.0028 167.0503 -36.5705 -180.0 4100.0
-2.4115 5.178 5.0093 167.0503 -36.0397 180.0 4116.6667
-2.3724 5.1716 5.0151 167.0606 -35.7586 180.0 4133.3333
-2.3345 5.1655 5.0209 167.1003 -35.5999 180.0 4150.0
-2.2758 5.1567 5.0314 167.9856 -33.9482 179.9994 4166.6667
-2.2385 5.1511 5.0398 168.1003 -32.1614 180.0 4183.3333
-2.1851 5.1429 5.0525 168.1003 -30.7713 -180.0 4200.0
-2.1496 5.1376 5.0617 168.1198 -30.1749 179.9999 4216.6667
-2.0921 5.1291 5.0766 168.597 -29.7232 179.9999 4233.3333
-2.0551 5.124 5.0866 169.1622 -29.573 179.9993 4250.0
-1.9996 5.1169 5.102 170.0503 -29.0157 180.0 4266.6667
-1.9639 5.1123 5.1123 170.0503 -28.4314 180.0 4283.3333
-1.9194 5.1066 5.1263 170.0503 -27.1653 180.0 4300.0
-1.8648 5.0996 5.1439 170.0503 -26.6666 180.0 4316.6667
-1.8231 5.0941 5.1576 170.0503 -26.5058 180.0 4333.3333
-1.7789 5.0884 5.1722 170.0797 -26.1823 179.9999 4350.0
-1.7353 5.0828 5.187 170.1503 -25.8175 180.0 4366.6667
-1.6922 5.0773 5.2019 170.1503 -25.5999 180.0 4383.3333
-1.647 5.0715 5.2175 170.1636 -25.5332 180.0 4400.0
-1.5997 5.0654 5.234 170.2318 -25.2869 180.0 4416.6667
-1.5595 5.0603 5.2483 170.3258 -25.0989 180.0 4433.3333
-1.515 5.0547 5.2641 170.4003 -24.9249 180.0 4450.0
-1.4692 5.0489 5.2806 170.4003 -24.8499 180.0 4466.6667
-1.4272 5.0436 5.2957 170.4003 -24.8499 180.0 4483.3333
-1.385 5.0383 5.3109 170.4003 -24.8499 180.0 4500.0
-1.3356 5.0321 5.3286 170.4003 -24.8499 -180.0 4516.6667
-1.297 5.0272 5.3424 170.4106 -24.8499 -180.0 4533.3333
-1.2609 5.0226 5.3554 170.4503 -24.8499 -180.0 4550.0
-1.2031 5.0154 5.3762 170.5003 -24.7499 180.0 4566.6667
-1.1641 5.0106 5.3904 170.5316 -24.6978 179.9999 4583.3333
-1.1179 5.0049 5.4074 170.6738 -24.4528 180.0 4600.0
-1.0742 4.9995 5.4236 170.7503 -24.2999 180.0 4616.6667
-1.0302 4.9942 5.4395 170.7503 -24.2771 180.0 4633.3333
-0.9907 4.9894 5.4552 170.8453 -23.1213 179.9943 4650.0
-0.9427 4.9836 5.4816 171.4831 -15.8401 179.9984 4666.6667
-0.9041 4.979 5.5053 171.741 -13.1582 179.9995 4683.3333
-0.8631 4.9741 5.533 172.0128 -10.5675 179.9961 4700.0
-0.8286 4.9701 5.56 172.5112 -6.8674 179.9971 4716.6667
-0.7969 4.9663 5.5881 172.8868 -3.5437 179.9994 4733.3333
-0.7613 4.9622 5.6215 173.1161 -1.6473 179.9999 4750.0
-0.7322 4.9588 5.6493 173.2056 -1.0736 180.0 4766.6667
-0.703 4.9555 5.6779 173.3372 -0.4157 179.9999 4783.3333
-0.6644 4.951 5.7177 173.5379 1.0095 179.9999 4800.0
-0.6265 4.9467 5.7576 173.5576 1.6073 180.0 4816.6667
-0.6041 4.9441 5.7812 173.63 1.6798 180.0 4833.3333
-0.5709 4.9404 5.8159 173.6503 1.7401 180.0 4850.0
-0.5308 4.9357 5.8609 173.9503 3.5501 180.0 4866.6667
-0.5004 4.9323 5.8951 173.9527 3.562 180.0 4883.3333
-0.4756 4.9296 5.9237 174.0717 4.1572 179.9998 4900.0
-0.4507 4.9269 5.9529 174.1707 4.5464 179.9999 4916.6667
-0.4093 4.9223 6.0013 174.2003 4.6501 180.0 4933.3333
-0.3778 4.9189 6.0397 174.5503 5.8001 180.0 4950.0
-0.3512 4.9161 6.0724 174.6819 5.9755 180.0 4966.6667
-0.329 4.9139 6.0997 174.7361 6.0001 180.0 4983.3333
-0.2901 4.9099 6.1474 174.842 6.0001 -180.0 5000.0
-0.2591 4.9068 6.1855 174.8844 6.0001 -180.0 5016.6667
-0.2304 4.904 6.221 174.9586 6.0001 180.0 5033.3333
-0.2004 4.9011 6.258 175.1768 6.0883 179.9999 5050.0
-0.1701 4.8984 6.2955 175.3287 6.1501 180.0 5066.6667
-0.1481 4.8964 6.3226 175.3503 6.1501 -180.0 5083.3333
-0.1182 4.8937 6.3596 175.3836 6.1501 180.0 5100.0
-0.0851 4.8907 6.4006 175.4503 6.1501 180.0 5116.6667
-0.0617 4.8886 6.4296 175.46 6.1501 -180.0 5133.3333
-0.0189 4.8849 6.4825 175.5209 6.1501 -180.0 5150.0
0.0103 4.8823 6.5187 175.5503 6.1501 180.0 5166.6667
0.0402 4.8797 6.5557 175.6003 6.1501 180.0 5183.3333
0.0647 4.8776 6.586 175.719 6.1501 180.0 5200.0
0.1008 4.8748 6.6308 175.8503 6.1398 -180.0 5216.6667
0.1406 4.8715 6.6799 175.9061 6.0815 -180.0 5233.3333
0.1683 4.8693 6.714 176.0288 6.0358 -180.0 5250.0
0.1957 4.8672 6.7478 176.1063 6.0001 -180.0 5266.6667
0.2355 4.8643 6.7969 176.1503 5.9846 -180.0 5283.3333
0.2727 4.8614 6.8427 176.1709 5.9501 180.0 5300.0
0.3038 4.8592 6.8807 176.3055 5.8975 -179.9999 5316.6667
0.3358 4.8571 6.92 176.558 5.8001 -180.0 5333.3333
0.3748 4.8546 6.9675 176.719 5.8001 -180.0 5350.0
0.4062 4.8526 7.007 176.7678 5.8001 180.0 5366.6667
0.4412 4.8506 7.0469 176.8724 5.8579 179.9999 5383.3333
0.4678 4.8483 7.0951 177.0502 6.0001 180.0 5400.0
0.4584 4.8463 7.1328 177.0678 6.0001 180.0 5416.6667
0.4563 4.8445 7.1682 177.1895 6.0001 180.0 5433.3333
0.4517 4.8428 7.2082 177.5252 6.0001 -180.0 5450.0
0.4473 4.8411 7.2502 177.7794 6.1167 179.9999 5466.6667
0.4428 4.8397 7.2899 177.9064 6.386 -180.0 5483.3333
0.439 4.8386 7.3243 178.1121 6.3147 -179.9999 5500.0
0.4346 4.8374 7.3655 178.4765 6.1311 -179.9999 5516.6667
0.4299 4.8365 7.4103 178.8299 6.0501 180.0 5533.3333
0.4258 4.8358 7.4478 178.9936 6.0634 -180.0 5550.0
0.4212 4.8354 7.4917 179.3335 6.1001 180.0 5566.6667
0.4171 4.8351 7.5296 179.5002 6.1001 -180.0 5583.3333
0.4128 4.8347 7.5702 179.5158 6.1001 -180.0 5600.0
0.4086 4.8344 7.6093 179.6099 6.0852 -180.0 5616.6667
0.4047 4.8343 7.6455 179.8169 5.9834 -179.9999 5633.3333
0.4003 4.8345 7.69 -179.8717 5.6875 -179.9999 5650.0
0.3964 4.8347 7.7309 -179.6331 5.5 -179.9999 5666.6667
0.3926 4.835 7.7714 -179.437 5.3529 -179.9999 5683.3333
0.3888 4.8356 7.8136 -179.2998 5.25 -180.0 5700.0
0.3847 4.8362 7.8584 -179.2665 5.2 -180.0 5716.6667
0.3809 4.8368 7.9002 -179.1684 5.0529 -180.0 5733.3333
0.3774 4.8376 7.9435 -178.9968 4.6853 -179.9994 5750.0
0.3744 4.8385 7.9868 -178.7498 4.05 -180.0 5766.6667
0.3714 4.8394 8.0294 -178.7081 3.9563 -179.9999 5783.3333
0.3686 4.8407 8.0756 -178.5276 3.5778 -180.0 5800.0
0.366 4.8418 8.1175 -178.4498 3.4917 -180.0 5816.6667
0.363 4.8432 8.1671 -178.4394 3.4396 -180.0 5833.3333
0.3602 4.8445 8.2144 -178.3998 3.3765 -180.0 5850.0
0.3574 4.8458 8.2624 -178.3998 3.2878 -180.0 5866.6667
0.3549 4.8471 8.3084 -178.4346 3.2152 180.0 5883.3333
0.3531 4.8479 8.3424 -178.5433 3.1065 180.0 5900.0
0.3495 4.8495 8.4081 -178.6365 3.0378 180.0 5916.6667
0.3471 4.8505 8.4558 -178.9098 2.92 179.9997 5933.3333
0.3453 4.8508 8.4964 -179.391 2.6765 179.9999 5950.0
0.3431 4.8511 8.5441 -179.6998 2.5 180.0 5966.6667
0.341 4.8513 8.5924 -179.7331 2.4714 179.9999 5983.3333
0.339 4.8513 8.647 179.8802 2.15 179.9999 6000.0
0.3376 4.851 8.687 179.5526 1.9405 179.9999 6016.6667
0.3359 4.8496 8.7423 178.6002 1.75 180.0 6033.3333
0.3349 4.8487 8.7789 178.6002 1.75 180.0 6050.0
0.333 4.8473 8.8371 178.595 1.7396 180.0 6066.6667
0.3316 4.8459 8.8873 178.5113 1.5956 179.9999 6083.3333
0.3308 4.8442 8.9405 177.9844 0.7105 179.9939 6100.0
0.3321 4.8418 8.9798 176.7764 -1.5437 179.9999 6116.6667
0.3333 4.8396 9.0155 176.5383 -1.9802 179.9998 6133.3333
0.3362 4.8352 9.087 176.4502 -2.25 180.0 6150.0
0.3378 4.8325 9.1296 176.4502 -2.25 180.0 6166.6667
0.3394 4.83 9.1702 176.4502 -2.25 -180.0 6183.3333
0.3415 4.8267 9.224 176.4502 -2.25 -180.0 6200.0
0.3436 4.8235 9.2752 176.4502 -2.25 -180.0 6216.6667
0.3449 4.8214 9.3087 176.4502 -2.25 -180.0 6233.3333
0.3471 4.8178 9.3662 176.4502 -2.25 -180.0 6250.0
0.3489 4.815 9.411 176.4502 -2.25 -180.0 6266.6667
0.3515 4.811 9.477 176.4502 -2.25 -180.0 6283.3333
0.3538 4.8073 9.5364 176.4502 -2.25 -180.0 6300.0
0.3559 4.8041 9.5888 176.4502 -2.25 -180.0 6316.6667
0.3581 4.8006 9.6443 176.4502 -2.25 -180.0 6333.3333
0.3602 4.7973 9.6984 176.4502 -2.25 -180.0 6350.0
0.3623 4.7939 9.7518 176.4502 -2.25 -180.0 6366.6667
0.3639 4.7914 9.7926 176.4502 -2.25 -180.0 6383.3333
0.3666 4.7871 9.8617 176.4502 -2.25 -180.0 6400.0
0.3688 4.7837 9.9173 176.4502 -2.25 -180.0 6416.6667
0.3711 4.78 9.9763 176.4502 -2.25 -180.0 6433.3333
0.3733 4.7765 10.0318 176.4502 -2.25 -180.0 6450.0
0.3752 4.7736 10.0799 176.4941 -2.25 -180.0 6466.6667
0.378 4.7694 10.1505 176.6076 -2.3 -180.0 6483.3333
0.3801 4.7664 10.202 176.7002 -2.3 -180.0 6500.0
0.3818 4.7641 10.2446 176.776 -2.3379 -180.0 6516.6667
0.3838 4.7615 10.293 177.1002 -2.4167 -179.9999 6533.3333
0.3874 4.7587 10.3697 178.0294 -2.6333 -179.9999 6550.0
0.388 4.7574 10.4139 178.324 -2.65 -180.0 6566.6667
0.3936 4.7559 10.4842 178.9196 -2.7917 -180.0 6583.3333
0.3429 4.7555 10.5436 179.562 -2.8941 -180.0 6600.0
0.2903 4.7556 10.6002 179.9919 -2.987 -180.0 6616.6667
0.2564 4.7558 10.6407 -179.4038 -3.0 180.0 6633.3333
0.1786 4.7581 10.724 -178.3316 -3.0 -180.0 6650.0
0.1697 4.7602 10.7861 -178.0362 -3.0 180.0 6666.6667
0.1824 4.7622 10.8368 -177.889 -3.0 180.0 6683.3333
0.1828 4.7645 10.894 -177.7027 -3.0 -180.0 6700.0
0.1863 4.7667 10.9483 -177.5998 -3.0 -180.0 6716.6667
0.1893 4.7693 11.0081 -177.5998 -3.0 180.0 6733.3333
0.1918 4.7712 11.0545 -177.5998 -3.0 180.0 6750.0
0.1941 4.7731 11.0996 -177.5998 -3.0 180.0 6766.6667
0.1976 4.7759 11.1671 -177.5998 -3.0 180.0 6783.3333
0.2008 4.7785 11.2275 -177.5998 -3.0 180.0 6800.0
0.2036 4.7807 11.2803 -177.5998 -3.0157 180.0 6816.6667
0.2066 4.7831 11.3368 -177.5998 -3.05 180.0 6833.3333
0.2101 4.7858 11.4036 -177.5998 -3.05 180.0 6850.0
0.2129 4.788 11.4548 -177.5998 -3.05 180.0 6866.6667
0.2156 4.7901 11.5053 -177.5998 -3.05 180.0 6883.3333
0.219 4.7929 11.5704 -177.5998 -3.05 180.0 6900.0
0.2222 4.7953 11.6294 -177.5998 -3.05 -180.0 6916.6667
0.2252 4.7977 11.6861 -177.5998 -3.05 180.0 6933.3333
0.2283 4.8002 11.7441 -177.5998 -3.05 180.0 6950.0
0.2312 4.8025 11.7991 -177.5998 -3.05 180.0 6966.6667
0.2342 4.8049 11.8555 -177.5998 -3.05 180.0 6983.3333
0.237 4.8071 11.9082 -177.5998 -3.0675 180.0 7000.0
0.2395 4.8089 11.9536 -177.5998 -3.1102 180.0 7016.6667
0.2427 4.8113 12.011 -177.5998 -3.1597 180.0 7033.3333
0.2469 4.8145 12.0853 -177.5998 -3.2 180.0 7050.0
0.2492 4.8163 12.1274 -177.5998 -3.2 180.0 7066.6667
0.252 4.8184 12.1771 -177.5998 -3.2 -180.0 7083.3333
0.2563 4.8216 12.2552 -177.5998 -3.2 -180.0 7100.0
0.2592 4.8237 12.3056 -177.5998 -3.2 -180.0 7116.6667
0.2624 4.8261 12.3626 -177.5998 -3.2 -180.0 7133.3333
0.2654 4.8284 12.4178 -177.5998 -3.2176 -180.0 7150.0
0.2687 4.8308 12.4739 -177.5998 -3.25 -180.0 7166.6667
0.2722 4.8334 12.5358 -177.5998 -3.25 -180.0 7183.3333
0.2748 4.8353 12.5831 -177.5998 -3.25 -180.0 7200.0
0.2774 4.8372 12.6278 -177.5998 -3.25 -180.0 7216.6667
0.2819 4.8406 12.707 -177.5998 -3.25 -180.0 7233.3333
0.2847 4.8426 12.7556 -177.5998 -3.25 -180.0 7250.0
0.2875 4.8448 12.8056 -177.5998 -3.25 -180.0 7266.6667
0.2904 4.8469 12.8561 -177.5998 -3.25 -180.0 7283.3333
0.294 4.8495 12.921 -177.5998 -3.25 -180.0 7300.0
0.2975 4.8522 12.9829 -177.5998 -3.25 -180.0 7316.6667
0.3005 4.8543 13.0338 -177.5998 -3.25 -180.0 7333.3333
0.3039 4.8569 13.0949 -177.5998 -3.25 -180.0 7350.0
0.3067 4.8589 13.1435 -177.5998 -3.25 -180.0 7366.6667
0.3102 4.8615 13.2056 -177.5998 -3.25 -180.0 7383.3333
0.3138 4.8642 13.2688 -177.5998 -3.25 -180.0 7400.0
0.3168 4.8664 13.3209 -177.5998 -3.25 -180.0 7416.6667
0.3202 4.8689 13.3817 -177.5998 -3.25 -180.0 7433.3333
0.3233 4.8712 13.4369 -177.5998 -3.25 -180.0 7450.0
0.3262 4.8733 13.4877 -177.5998 -3.25 -180.0 7466.6667
0.3296 4.8759 13.548 -177.5998 -3.25 -180.0 7483.3333
0.333 4.8783 13.6056 -177.5998 -3.25 -180.0 7500.0
0.3361 4.8807 13.6619 -177.5998 -3.25 -180.0 7516.6667
0.3394 4.8832 13.7208 -177.5998 -3.25 -180.0 7533.3333
0.3425 4.8854 13.7742 -177.5998 -3.25 -180.0 7550.0
0.3456 4.8877 13.8292 -177.5998 -3.25 -180.0 7566.6667
0.3492 4.8903 13.8911 -177.5998 -3.25 -180.0 7583.3333
0.3522 4.8926 13.9461 -177.5998 -3.25 -180.0 7600.0
0.3553 4.8949 13.9998 -177.5998 -3.25 -180.0 7616.6667
0.3581 4.897 14.0505 -177.5998 -3.25 -180.0 7633.3333
0.3613 4.8994 14.1063 -177.5998 -3.25 -180.0 7650.0
0.3641 4.9014 14.1552 -177.5998 -3.25 -180.0 7666.6667
0.368 4.9043 14.2244 -177.5998 -3.25 -180.0 7683.3333
0.3711 4.9066 14.2786 -177.5998 -3.25 -180.0 7700.0
0.3743 4.9089 14.3337 -177.5998 -3.25 -180.0 7716.6667
0.3775 4.9112 14.3906 -177.5998 -3.25 -180.0 7733.3333
0.3805 4.9134 14.4432 -177.5998 -3.25 -180.0 7750.0
0.3834 4.9156 14.4944 -177.5998 -3.25 -180.0 7766.6667
0.3865 4.918 14.5493 -177.5998 -3.25 -180.0 7783.3333
0.3898 4.9204 14.607 -177.5998 -3.25 -180.0 7800.0
0.3929 4.9227 14.6631 -177.5998 -3.25 -180.0 7816.6667
0.3961 4.925 14.7182 -177.5998 -3.25 -180.0 7833.3333
0.3993 4.9273 14.7731 -177.5998 -3.25 -180.0 7850.0
0.402 4.9294 14.8217 -177.5998 -3.25 -180.0 7866.6667
0.4053 4.9318 14.8799 -177.5998 -3.25 180.0 7883.3333
0.4085 4.9341 14.9367 -177.6351 -3.2735 180.0 7900.0
0.4116 4.9362 14.9891 -177.7498 -3.35 180.0 7916.6667
0.4144 4.9382 15.0376 -177.7623 -3.3583 180.0 7933.3333
0.418 4.9403 15.0959 -177.8998 -3.45 180.0 7950.0
0.4215 4.9424 15.1553 -177.9304 -3.4704 180.0 7966.6667
0.4247 4.9441 15.2062 -178.079 -3.5573 180.0 7983.3333
0.4283 4.9459 15.2636 -178.2498 -3.6 -180.0 8000.0
0.4318 4.9475 15.3176 -178.4081 -3.6584 179.9996 8016.6667
0.4358 4.9481 15.3746 -179.2782 -3.9697 179.9999 8033.3333
0.4396 4.9485 15.4287 -179.5998 -4.0501 180.0 8050.0
0.4433 4.9489 15.481 -179.5998 -4.0501 180.0 8066.6667
0.4464 4.9492 15.5238 -179.5998 -4.0501 180.0 8083.3333
0.4503 4.9496 15.5805 -179.5998 -4.05 180.0 8100.0
0.4538 4.95 15.631 -179.5998 -4.05 180.0 8116.6667
0.4585 4.9503 15.696 -179.651 -4.05 -180.0 8133.3333
0.4631 4.9506 15.7605 -179.7279 -4.05 -180.0 8150.0
0.467 4.9507 15.8166 -179.9253 -4.05 -180.0 8166.6667
0.4709 4.9503 15.8709 179.5846 -4.0892 179.9997 8183.3333
0.4747 4.9491 15.9229 178.7003 -4.25 180.0 8200.0
0.4779 4.9481 15.9657 178.7003 -4.25 180.0 8216.6667
0.4824 4.9463 16.0261 178.1478 -4.35 180.0 8233.3333
0.491 4.9441 16.0883 178.0502 -4.35 180.0 8250.0
0.5443 4.9425 16.1294 178.0502 -4.35 -180.0 8266.6667
0.6178 4.9402 16.1926 178.0502 -4.35 -180.0 8283.3333
0.6755 4.9384 16.2417 178.0502 -4.35 -180.0 8300.0
0.7325 4.9366 16.2907 178.0502 -4.35 180.0 8316.6667
