39.2348 9.0401 18.3133 -0.6993 46.1003 0.0 0.0
39.2348 9.0401 18.3133 -0.6993 46.1003 0.0 16.6667
39.2348 9.0401 18.3133 -0.6993 46.1003 0.0 33.3333
39.2348 9.0401 18.3133 -0.6993 46.1003 0.0 50.0
39.2348 9.0401 18.3133 -0.6993 46.1003 0.0 66.6667
39.2348 9.0401 18.3133 -0.6993 46.1003 0.0 83.3333
39.2348 9.0401 18.3133 -0.6993 46.1003 0.0 100.0
39.2348 9.0401 18.3133 -0.6993 46.1003 0.0 116.6667
39.2348 9.0401 18.3133 -0.6993 46.1003 0.0 133.3333
39.2348 9.0401 18.3133 -0.6993 46.1003 0.0 150.0
39.2348 9.0401 18.3133 -0.6993 46.1003 0.0 166.6667
39.2348 9.0401 18.3133 -0.6993 46.1003 0.0 183.3333
39.2348 9.0401 18.3133 -0.6993 46.1003 0.0 200.0
39.2348 9.0401 18.3133 -0.6993 46.1003 0.0 216.6667
39.2348 9.0401 18.3133 -0.6993 46.1003 0.0 233.3333
39.2348 9.0401 18.3133 -0.6993 46.1003 0.0 250.0
39.2348 9.0401 18.3133 -0.6993 46.1003 0.0 266.6667
39.2348 9.0401 18.3133 -0.6993 46.1003 0.0 283.3333
39.2348 9.0401 18.3133 -0.6993 46.1003 0.0 300.0
39.2348 9.0401 18.3133 -0.6993 46.1003 0.0 316.6667
39.2348 9.0401 18.3133 -0.6993 46.1003 0.0 333.3333
39.2348 9.0401 18.3133 -0.6993 46.1003 0.0 350.0
39.2348 9.0401 18.3133 -0.6993 46.1003 0.0 366.6667
39.2348 9.0401 18.3133 -0.6993 46.1003 0.0 383.3333
39.2348 9.0401 18.3133 -0.6993 46.1003 0.0 400.0
39.2348 9.0402 18.3133 -0.6993 46.1003 0.0 416.6667
39.2348 9.0402 18.3133 -0.6993 46.1003 0.0 433.3333
39.2348 9.0402 18.3133 -0.6993 46.1003 0.0 450.0
39.2348 9.0402 18.3133 -0.6993 46.1003 0.0 466.6667
39.2348 9.0402 18.3133 -0.6514 46.1003 0.0 483.3333
39.2348 9.0402 18.3133 -0.5552 46.1002 0.0 500.0
39.2348 9.0402 18.3133 -0.4111 46.1002 0.0 516.6667
39.2347 9.0402 18.3132 -0.3091 46.1002 0.0 533.3333
39.2356 9.0402 18.3141 -0.216 46.0585 0.0 550.0
39.2247 9.0401 18.3035 -0.0787 46.0502 0.0 566.6667
39.2098 9.0402 18.2891 0.0396 46.0058 0.0 583.3333
39.1967 9.0402 18.2765 0.1388 46.0003 0.0 600.0
39.1836 9.0403 18.2639 0.1937 46.0002 0.0 616.6667
39.1716 9.0404 18.2522 0.2404 46.0003 0.0 633.3333
39.1571 9.0404 18.2382 0.2506 46.0003 0.0 650.0
39.1452 9.0405 18.2268 0.2892 46.0003 0.0 666.6667
39.1321 9.0406 18.2141 0.3006 46.0003 0.0 683.3333
39.1183 9.0407 18.2008 0.3006 46.0003 0.0 700.0
39.1036 9.0408 18.1866 0.3006 46.0003 0.0 716.6667
39.0906 9.0409 18.174 0.3908 46.0003 0.0 733.3333
39.0777 9.0411 18.1615 0.4006 46.0003 0.0 750.0
39.0647 9.0412 18.149 0.4437 46.0003 0.0 766.6667
39.0516 9.0414 18.1363 0.5349 46.0003 0.0 783.3333
39.0395 9.0416 18.1247 0.5895 45.9614 0.0 800.0
39.0252 9.0418 18.1109 0.6428 45.9502 0.0 816.6667
39.012 9.042 18.098 0.6506 45.908 0.0 833.3333
38.9992 9.0422 18.0856 0.6918 45.7768 0.0 850.0
38.9855 9.0425 18.0722 0.7006 45.6648 0.0 866.6667
38.9732 9.0427 18.0602 0.7006 45.6502 0.0 883.3333
38.9599 9.0429 18.0471 0.7006 45.6502 0.0 900.0
38.9466 9.0431 18.0342 0.7006 45.6502 0.0 916.6667
38.9348 9.0433 18.0225 0.7006 45.6501 0.0 933.3333
38.9205 9.0436 18.0086 0.7006 45.6101 0.0 950.0
38.9074 9.0438 17.9957 0.7006 45.5599 0.0 966.6667
38.8939 9.0441 17.9824 0.7423 45.5085 0.0 983.3333
38.8809 9.0443 17.9696 0.7506 45.5002 0.0 1000.0
38.8681 9.0444 17.9571 0.7506 45.5002 0.0 1016.6667
38.8545 9.0448 17.9437 0.7506 45.5002 0.0 1033.3333
38.8415 9.045 17.931 0.7506 45.4178 0.0 1050.0
38.8288 9.0452 17.9183 0.7506 45.1992 0.0 1066.6667
38.816 9.0455 17.9055 0.8291 44.9541 0.0001 1083.3333
38.8035 9.0457 17.8927 0.9271 44.5178 0.0001 1100.0
38.7903 9.046 17.8792 0.9506 44.123 0.0 1116.6667
38.7771 9.0464 17.8651 0.9506 42.8418 0.0 1133.3333
38.7648 9.0468 17.8515 0.9506 42.1884 0.0 1150.0
38.7542 9.0469 17.8395 0.9146 41.5248 -0.0001 1166.6667
38.7422 9.0472 17.8256 0.9006 40.8044 0.0 1183.3333
38.7305 9.0475 17.8112 0.8652 39.5767 -0.0002 1200.0
38.7189 9.0478 17.7975 0.8162 38.7041 -0.0001 1216.6667
38.7091 9.048 17.7821 0.8006 38.2001 0.0 1233.3333
38.6892 9.0483 17.7756 0.7682 37.856 0.0 1250.0
38.6583 9.0486 17.7725 0.7125 37.5597 0.0 1266.6667
38.6349 9.0487 17.769 0.6655 37.044 -0.0001 1283.3333
38.6081 9.0489 17.7651 0.6506 36.5935 0.0 1300.0
38.582 9.0491 17.7611 0.6506 36.2766 0.0 1316.6667
38.5554 9.0494 17.7569 0.6506 36.0074 0.0 1333.3333
38.5324 9.0495 17.7531 0.6506 35.7107 0.0 1350.0
38.5073 9.0497 17.7489 0.6173 35.4668 0.0 1366.6667
38.4803 9.0499 17.7443 0.6006 35.2584 0.0 1383.3333
38.4536 9.0502 17.7395 0.6006 34.9749 0.0 1400.0
38.4283 9.0503 17.7349 0.6006 34.7137 0.0 1416.6667
38.4019 9.0506 17.7299 0.5234 34.1105 -0.0001 1433.3333
38.3767 9.0507 17.7247 0.424 33.3383 -0.0002 1450.0
38.3515 9.0508 17.7192 0.3633 32.8521 0.0 1466.6667
38.3293 9.0509 17.7144 0.3181 32.5878 0.0 1483.3333
38.3032 9.051 17.7085 0.3006 32.3334 0.0 1500.0
38.2755 9.0511 17.7022 0.3006 32.1772 0.0 1516.6667
38.2522 9.0512 17.6968 0.3006 32.0815 0.0 1533.3333
38.2253 9.0513 17.6906 0.3006 31.94 0.0 1550.0
38.1992 9.0514 17.6845 0.3006 31.9 0.0 1566.6667
38.1759 9.0515 17.6791 0.3006 31.8675 0.0 1583.3333
38.1473 9.0516 17.6724 0.2673 31.7834 0.0 1600.0
38.1171 9.0517 17.6652 0.2506 31.6815 0.0 1616.6667
38.0892 9.0518 17.6587 0.2506 31.6502 0.0 1633.3333
38.0608 9.0519 17.6518 0.2506 31.6208 0.0 1650.0
38.03 9.052 17.6445 0.2506 31.6002 0.0 1666.6667
37.9998 9.0521 17.6373 0.2506 31.5697 0.0 1683.3333
37.971 9.0522 17.6304 0.2506 31.5501 0.0 1700.0
37.9403 9.0522 17.623 0.2506 31.5501 0.0 1716.6667
37.9101 9.0523 17.6158 0.2506 31.5197 0.0 1733.3333
37.8816 9.0524 17.609 0.2506 31.5001 0.0 1750.0
37.8495 9.0525 17.6013 0.2506 31.5001 0.0 1766.6667
37.8184 9.0526 17.5937 0.2506 31.5001 0.0 1783.3333
37.7913 9.0527 17.5873 0.2506 31.5001 0.0 1800.0
37.7598 9.0528 17.5798 0.2506 31.5001 0.0 1816.6667
37.7289 9.0529 17.5723 0.2506 31.5001 0.0 1833.3333
37.7003 9.053 17.5654 0.2506 31.5001 0.0 1850.0
37.6691 9.0531 17.5579 0.2506 31.5001 0.0 1866.6667
37.6416 9.0532 17.5513 0.2506 31.5001 0.0 1883.3333
37.6138 9.0533 17.5447 0.2506 31.5001 0.0 1900.0
37.5785 9.0534 17.5362 0.2506 31.5001 0.0 1916.6667
37.548 9.0535 17.5288 0.2506 31.5001 0.0 1933.3333
37.518 9.0536 17.5217 0.2506 31.5001 0.0 1950.0
37.4822 9.0537 17.5131 0.2506 31.5001 0.0 1966.6667
37.4493 9.0538 17.5051 0.2506 31.5001 0.0 1983.3333
37.418 9.0539 17.4976 0.2506 31.5001 0.0 2000.0
37.3866 9.054 17.4901 0.2506 31.5001 0.0 2016.6667
37.3536 9.0541 17.4822 0.2506 31.4678 0.0 2033.3333
37.3212 9.0542 17.4743 0.2506 31.3853 0.0 2050.0
37.2899 9.0543 17.4667 0.2506 31.3187 0.0 2066.6667
37.2583 9.0544 17.459 0.2506 31.1785 0.0 2083.3333
37.2268 9.0545 17.451 0.2212 30.8942 0.0 2100.0
37.1955 9.0546 17.443 0.2006 30.608 0.0 2116.6667
37.1633 9.0546 17.4345 0.1422 30.0919 -0.0002 2133.3333
37.1283 9.0546 17.4246 0.0068 29.2689 -0.0003 2150.0
37.0942 9.0545 17.4144 -0.0807 28.3853 -0.0001 2166.6667
37.0608 9.0544 17.4038 -0.2211 27.3509 -0.0005 2183.3333
37.0298 9.0544 17.3934 -0.3271 26.4 -0.0001 2200.0
36.9951 9.0541 17.3811 -0.4361 25.5667 -0.0003 2216.6667
36.9605 9.0539 17.3684 -0.5906 24.7941 -0.0003 2233.3333
36.9281 9.0536 17.356 -0.6787 24.0587 -0.0001 2250.0
36.8976 9.0533 17.3439 -0.7262 23.3471 -0.0001 2266.6667
36.8636 9.0529 17.3296 -0.7771 22.3054 -0.0001 2283.3333
36.831 9.0526 17.3154 -0.7993 21.472 0.0 2300.0
36.7995 9.0522 17.3014 -0.7993 21.1415 0.0 2316.6667
36.7665 9.0519 17.2868 -0.7993 21.0499 0.0 2333.3333
36.7338 9.0515 17.2724 -0.7993 21.0499 0.0 2350.0
36.7006 9.0512 17.2576 -0.7993 21.0499 0.0 2366.6667
36.6706 9.0508 17.2443 -0.7993 21.0499 0.0 2383.3333
36.6386 9.0505 17.23 -0.7993 21.0499 0.0 2400.0
36.6058 9.0501 17.2155 -0.7993 21.0499 0.0 2416.6667
36.5725 9.0498 17.2007 -0.7993 21.0499 0.0 2433.3333
36.5426 9.0495 17.1874 -0.7993 21.0499 0.0 2450.0
36.5098 9.0491 17.1729 -0.7993 21.0499 0.0 2466.6667
36.4743 9.0487 17.1571 -0.7993 21.0499 0.0 2483.3333
36.442 9.0484 17.1427 -0.7993 21.0499 0.0 2500.0
36.4101 9.048 17.1285 -0.7993 21.0499 0.0 2516.6667
36.38 9.0477 17.1152 -0.7993 21.0253 0.0 2533.3333
36.3467 9.0473 17.1003 -0.7993 20.9748 0.0 2550.0
36.3142 9.047 17.0858 -0.7993 20.8732 0.0 2566.6667
36.2811 9.0466 17.0709 -0.7993 20.7216 0.0 2583.3333
36.2503 9.0463 17.0569 -0.7993 20.5787 0.0 2600.0
36.2214 9.046 17.0436 -0.7993 20.4018 0.0 2616.6667
36.189 9.0456 17.0286 -0.7993 20.1508 0.0 2633.3333
36.1541 9.0452 17.0123 -0.7526 19.8831 0.0001 2650.0
36.1207 9.0449 16.9965 -0.6993 19.5713 0.0 2666.6667
36.0884 9.0446 16.9809 -0.6993 19.2174 0.0 2683.3333
36.0574 9.0444 16.9657 -0.6743 18.9496 0.0 2700.0
36.0264 9.044 16.9503 -0.6493 18.7539 0.0 2716.6667
35.9946 9.0438 16.9346 -0.6493 18.5804 0.0 2733.3333
35.9657 9.0436 16.9201 -0.6493 18.4588 0.0 2750.0
35.9319 9.0433 16.9032 -0.6271 18.3778 0.0 2766.6667
35.8998 9.043 16.8871 -0.5993 18.35 0.0 2783.3333
35.8683 9.0428 16.8713 -0.5993 18.35 0.0 2800.0
35.8344 9.0424 16.8542 -0.5993 18.3246 0.0 2816.6667
35.8042 9.0422 16.839 -0.5748 18.251 0.0 2833.3333
35.772 9.042 16.8227 -0.5493 18.15 0.0 2850.0
35.7396 9.0417 16.8063 -0.5493 18.0999 0.0 2866.6667
35.7101 9.0415 16.7912 -0.5493 18.0767 0.0 2883.3333
35.6794 9.0413 16.7757 -0.5493 17.9842 0.0 2900.0
35.6459 9.041 16.7584 -0.5253 17.8039 0.0 2916.6667
35.6147 9.0408 16.7423 -0.4993 17.6303 0.0 2933.3333
35.5867 9.0406 16.7277 -0.4993 17.4913 0.0 2950.0
35.5553 9.0404 16.7112 -0.4615 17.3052 0.0001 2966.6667
35.5207 9.0402 16.693 -0.3993 17.0579 0.0 2983.3333
35.4894 9.04 16.676 -0.3522 16.7143 0.0001 3000.0
35.4593 9.04 16.6595 -0.2993 16.3369 0.0 3016.6667
35.4276 9.0398 16.642 -0.2993 16.1079 0.0 3033.3333
35.3972 9.0396 16.6251 -0.2993 15.8218 0.0 3050.0
35.3674 9.0396 16.6082 -0.2993 15.5371 0.0 3066.6667
35.3358 9.0394 16.5903 -0.2993 15.385 0.0 3083.3333
35.305 9.0392 16.5727 -0.2993 15.234 0.0 3100.0
35.2737 9.0392 16.5547 -0.2767 15.0594 0.0 3116.6667
35.2435 9.0391 16.5371 -0.2493 14.7772 0.0 3133.3333
35.2151 9.039 16.5203 -0.2493 14.4208 0.0 3150.0
35.1876 9.0389 16.5038 -0.2493 14.0539 0.0 3166.6667
35.1548 9.0388 16.4838 -0.2493 13.6286 0.0 3183.3333
35.1218 9.0387 16.4635 -0.2493 13.4341 0.0 3200.0
35.0921 9.0386 16.4452 -0.228 13.2858 0.0 3216.6667
35.0641 9.0385 16.4278 -0.1993 13.181 0.0 3233.3333
35.0336 9.0384 16.4088 -0.1993 13.1496 0.0 3250.0
35.0026 9.0383 16.3895 -0.1993 13.0712 0.0 3266.6667
34.9743 9.0382 16.3718 -0.1993 12.8793 0.0 3283.3333
34.9456 9.0381 16.3536 -0.168 12.6872 0.0 3300.0
34.9145 9.0381 16.3337 -0.0993 12.5496 0.0 3316.6667
34.8858 9.038 16.3156 -0.0836 12.4712 0.0 3333.3333
34.8551 9.038 16.2958 -0.0493 12.2663 0.0 3350.0
34.8232 9.038 16.2752 -0.0493 12.1605 0.0 3366.6667
34.794 9.038 16.2563 -0.0493 12.0625 0.0 3383.3333
34.7667 9.0379 16.2385 -0.0493 11.9524 0.0 3400.0
34.7383 9.0379 16.22 -0.0493 11.8497 0.0 3416.6667
34.7056 9.0379 16.1986 -0.0493 11.8497 0.0 3433.3333
34.6791 9.0379 16.1812 -0.0493 11.7964 0.0 3450.0
34.6468 9.0379 16.16 -0.0493 11.6025 0.0 3466.6667
34.6202 9.0378 16.1423 -0.0238 11.3468 0.0001 3483.3333
34.5906 9.0379 16.1222 0.0507 10.7997 0.0 3500.0
34.5607 9.0379 16.1015 0.0507 10.3763 0.0 3516.6667
34.5319 9.0379 16.0813 0.0507 9.9144 0.0 3533.3333
34.5023 9.0379 16.0602 0.0507 9.5057 0.0 3550.0
34.4731 9.038 16.0393 0.0507 9.3376 0.0 3566.6667
34.4419 9.038 16.0166 0.0507 9.1253 0.0 3583.3333
34.4153 9.038 15.9973 0.0507 8.9365 0.0 3600.0
34.3868 9.038 15.9764 0.0507 8.7508 0.0 3616.6667
34.353 9.038 15.9514 0.0507 8.5496 0.0 3633.3333
34.3222 9.0381 15.9285 0.0507 8.3789 0.0 3650.0
34.2931 9.0381 15.9068 0.0507 8.2339 0.0 3666.6667
34.2652 9.0381 15.8858 0.0507 8.1742 0.0 3683.3333
34.2342 9.0381 15.8626 0.0507 8.0597 0.0 3700.0
34.2016 9.0382 15.8379 0.0507 7.8996 0.0 3716.6667
34.1725 9.0382 15.8157 0.0507 7.7839 0.0 3733.3333
34.1433 9.0382 15.7935 0.0507 7.6939 0.0 3750.0
34.1154 9.0382 15.7722 0.0507 7.4848 0.0 3766.6667
34.0857 9.0383 15.7491 0.0507 7.1453 0.0 3783.3333
34.0545 9.0383 15.7244 0.0507 6.7494 0.0 3800.0
34.0245 9.0383 15.7008 0.0507 6.6846 0.0 3816.6667
33.9972 9.0383 15.6789 0.0507 6.2641 0.0 3833.3333
33.9658 9.0384 15.6527 0.0507 5.2495 0.0 3850.0
33.9322 9.0384 15.6245 0.0507 4.9946 0.0 3866.6667
33.9027 9.0384 15.5996 0.0507 4.7984 0.0 3883.3333
33.8723 9.0384 15.5737 0.0507 4.5744 0.0 3900.0
33.8401 9.0385 15.5459 0.0507 4.2329 0.0 3916.6667
33.8105 9.0385 15.52 0.0367 3.7531 -0.0001 3933.3333
33.7833 9.0385 15.4956 0.0007 3.2096 0.0 3950.0
33.7507 9.0385 15.4663 0.0007 2.9977 0.0 3966.6667
33.7239 9.0385 15.442 0.0007 2.8495 0.0 3983.3333
33.6935 9.0385 15.4145 0.0007 2.8495 0.0 4000.0
33.6611 9.0385 15.3851 0.0007 2.8495 0.0 4016.6667
33.6321 9.0385 15.359 0.0007 2.8495 0.0 4033.3333
33.6037 9.0385 15.333 0.0007 2.8384 0.0 4050.0
33.5747 9.0385 15.3078 0.0007 2.7994 0.0 4066.6667
33.5483 9.0385 15.2788 0.0007 2.7994 0.0 4083.3333
33.5493 9.0385 15.2474 0.0007 2.77 0.0 4100.0
33.547 9.0385 15.2188 0.0007 2.6994 0.0 4116.6667
33.546 9.0385 15.1903 0.0007 2.6681 0.0 4133.3333
33.5446 9.0385 15.1592 0.0007 2.5258 0.0 4150.0
33.5433 9.0385 15.1294 0.0007 2.4264 0.0 4166.6667
33.5421 9.0385 15.0987 0.0007 2.3253 0.0 4183.3333
33.541 9.0385 15.0708 0.0007 2.24 0.0 4200.0
33.5397 9.0385 15.0391 0.0007 2.1993 0.0 4216.6667
33.5386 9.0385 15.0082 0.0007 2.1993 0.0 4233.3333
33.5374 9.0385 14.9789 0.0007 2.1993 0.0 4250.0
33.5363 9.0385 14.9492 0.0007 2.1885 0.0 4266.6667
33.5352 9.0385 14.9204 0.0007 2.1399 0.0 4283.3333
33.5342 9.0385 14.8917 0.0007 2.0858 0.0 4300.0
33.533 9.0385 14.8566 0.0007 1.9668 0.0 4316.6667
33.532 9.0385 14.826 0.0007 1.8296 0.0 4333.3333
33.531 9.0385 14.795 0.0007 1.7326 0.0 4350.0
33.5302 9.0385 14.7657 0.0007 1.6444 0.0 4366.6667
33.5293 9.0385 14.7343 0.0007 1.5992 0.0 4383.3333
33.5285 9.0385 14.7011 0.0007 1.593 0.0 4400.0
33.5276 9.0385 14.6684 0.0007 1.5492 0.0 4416.6667
33.5267 9.0385 14.6371 0.0007 1.5492 0.0 4433.3333
33.5258 9.0385 14.6038 0.0007 1.5492 0.0 4450.0
33.5249 9.0385 14.5707 0.0007 1.5492 0.0 4466.6667
33.524 9.0385 14.5389 0.0007 1.5492 0.0 4483.3333
33.5232 9.0385 14.5091 0.0007 1.5492 0.0 4500.0
33.5222 9.0385 14.4721 0.0007 1.5492 0.0 4516.6667
33.5214 9.0385 14.4401 0.0007 1.5492 0.0 4533.3333
33.5205 9.0385 14.409 0.0007 1.5492 0.0 4550.0
33.5196 9.0385 14.3737 0.0007 1.5492 0.0 4566.6667
33.5186 9.0385 14.3376 0.0007 1.5492 0.0 4583.3333
33.5178 9.0385 14.3067 0.0007 1.5492 0.0 4600.0
33.5169 9.0385 14.2719 0.0007 1.5492 0.0 4616.6667
33.516 9.0385 14.2413 0.0007 1.5492 0.0 4633.3333
33.5151 9.0385 14.2083 0.0007 1.5492 0.0 4650.0
33.5142 9.0385 14.1733 0.0007 1.5492 0.0 4666.6667
33.5133 9.0385 14.139 0.0007 1.5492 0.0 4683.3333
33.5125 9.0385 14.1083 0.0007 1.5492 0.0 4700.0
33.5116 9.0385 14.0752 0.0051 1.5492 0.0 4716.6667
33.5106 9.0386 14.0383 0.1349 1.5355 0.0 4733.3333
33.5098 9.0388 14.0059 0.3624 1.4493 0.0 4750.0
33.5089 9.039 13.9732 0.4604 1.4493 0.0 4766.6667
33.5081 9.0393 13.9401 0.5631 1.4451 0.0 4783.3333
33.5073 9.0399 13.9057 0.7062 1.3993 0.0 4800.0
33.5065 9.0402 13.8748 0.7548 1.3972 0.0 4816.6667
33.5057 9.0407 13.8399 0.858 1.3456 0.0 4833.3333
33.505 9.0412 13.8092 0.9506 1.2992 0.0 4850.0
33.5042 9.0418 13.7765 0.9996 1.2992 0.0 4866.6667
33.5035 9.0425 13.7416 1.104 1.296 0.0 4883.3333
33.5027 9.0433 13.7047 1.2507 1.1494 0.0 4900.0
33.502 9.044 13.6723 1.2556 1.1445 0.0 4916.6667
33.5015 9.0448 13.6395 1.3046 1.0954 0.0 4933.3333
33.5009 9.0455 13.6065 1.3507 1.0492 0.0 4950.0
33.5002 9.0464 13.572 1.3553 1.0492 0.0 4966.6667
33.4997 9.0471 13.5412 1.4017 1.0472 0.0 4983.3333
33.4991 9.048 13.5063 1.4538 0.9432 0.0 5000.0
33.4986 9.0489 13.4715 1.5007 0.8348 0.0 5016.6667
33.4982 9.0498 13.4389 1.5007 0.6956 0.0 5033.3333
33.4979 9.0507 13.406 1.5007 0.6494 0.0 5050.0
33.4975 9.0515 13.3712 1.5007 0.6494 0.0 5066.6667
33.4971 9.0524 13.3386 1.5046 0.6494 0.0 5083.3333
33.4967 9.0533 13.3059 1.5508 0.6494 0.0 5100.0
33.4963 9.0541 13.273 1.5508 0.6494 0.0 5116.6667
33.496 9.0551 13.2383 1.5508 0.6494 0.0 5133.3333
33.4956 9.0559 13.2075 1.5508 0.6494 0.0 5150.0
33.4953 9.0568 13.1727 1.5508 0.5495 0.0 5166.6667
33.4949 9.0577 13.1399 1.5508 0.5495 0.0 5183.3333
33.4946 9.0588 13.1052 1.5508 0.5466 0.0 5200.0
33.4943 9.0596 13.0725 1.5508 0.4994 0.0 5216.6667
33.494 9.0605 13.0396 1.5508 0.4994 0.0 5233.3333
33.4938 9.0615 13.005 1.5508 0.4994 0.0 5250.0
33.4935 9.0623 12.9742 1.5508 0.4994 0.0 5266.6667
33.4932 9.0632 12.9377 1.5508 0.4483 0.0 5283.3333
33.4929 9.0642 12.9016 1.5508 0.3993 0.0 5300.0
33.4927 9.0652 12.8633 1.5508 0.3974 0.0 5316.6667
33.4924 9.0663 12.8279 1.5508 0.3511 0.0 5333.3333
33.4922 9.0673 12.788 1.5508 0.2991 0.0 5350.0
33.4921 9.0682 12.7526 1.5508 0.2527 0.0 5366.6667
33.4919 9.0694 12.7103 1.5508 0.1981 0.0 5383.3333
33.4919 9.0703 12.6746 1.5508 0.1517 0.0 5400.0
33.4919 9.0713 12.6382 1.5508 -0.0253 0.0 5416.6667
33.4921 9.0725 12.5949 1.5059 -0.2751 0.0 5433.3333
33.4924 9.0736 12.5541 1.5007 -0.5216 0.0 5450.0
33.4931 9.0748 12.508 1.4518 -0.7953 0.0 5466.6667
33.4937 9.0757 12.4681 1.4053 -0.937 0.0 5483.3333
33.4946 9.0769 12.4202 1.4007 -1.0009 0.0 5500.0
33.4953 9.0779 12.3777 1.4007 -1.0009 0.0 5516.6667
33.4961 9.079 12.3325 1.3998 -1.0009 0.0 5533.3333
33.4968 9.0799 12.2949 1.356 -1.0009 0.0 5550.0
33.4976 9.0811 12.2474 1.3507 -1.0009 0.0 5566.6667
33.4983 9.082 12.2074 1.3507 -1.0009 0.0 5583.3333
33.4991 9.0831 12.1595 1.3507 -1.0009 0.0 5600.0
33.4998 9.084 12.1216 1.263 -1.0009 0.0 5616.6667
33.5006 9.0848 12.0772 1.1611 -1.0008 0.0 5633.3333
33.5013 9.0857 12.0342 1.1507 -1.0008 0.0 5650.0
33.5021 9.0865 11.9919 1.0644 -1.0008 0.0 5666.6667
33.5028 9.0873 11.9466 1.0507 -1.0008 0.0 5683.3333
33.5036 9.0881 11.9044 1.0507 -1.0008 0.0 5700.0
33.5045 9.089 11.8563 1.0507 -1.0008 0.0 5716.6667
33.5051 9.0897 11.8183 1.0507 -1.0008 0.0 5733.3333
33.5059 9.0904 11.774 1.0069 -1.0008 0.0 5750.0
33.5066 9.0912 11.7307 1.0006 -1.0008 0.0 5766.6667
33.5074 9.092 11.6889 1.0006 -1.0008 0.0 5783.3333
33.5083 9.0928 11.6409 1.0006 -1.0008 0.0 5800.0
33.5089 9.0935 11.5979 1.0006 -1.0008 0.0 5816.6667
33.5097 9.0942 11.5554 1.0006 -1.0008 0.0 5833.3333
33.5104 9.095 11.513 1.0006 -1.0008 0.0 5850.0
33.5112 9.0958 11.4678 1.0006 -1.0008 0.0 5866.6667
33.512 9.0965 11.4237 1.0006 -1.0008 0.0 5883.3333
33.5129 9.0974 11.3752 1.0006 -1.0008 0.0 5900.0
33.5136 9.0982 11.3291 1.0006 -1.0008 0.0 5916.6667
33.5145 9.099 11.2821 1.0006 -1.0008 0.0 5933.3333
33.5154 9.1 11.2313 1.0006 -1.0008 0.0 5950.0
33.5161 9.1006 11.1894 1.0006 -1.0008 0.0 5966.6667
33.517 9.1016 11.1369 1.0006 -1.0008 0.0 5983.3333
33.5179 9.1024 11.0888 1.0006 -1.0008 0.0 6000.0
33.5187 9.1033 11.0386 1.0006 -1.0008 0.0 6016.6667
33.5196 9.1041 10.9909 1.0006 -1.0008 0.0 6033.3333
33.5204 9.105 10.9434 1.0006 -1.0008 0.0 6050.0
33.5213 9.1058 10.8961 1.0006 -1.0008 0.0 6066.6667
33.5221 9.1067 10.8457 1.0006 -1.0008 0.0 6083.3333
33.523 9.1075 10.7979 1.0006 -1.0008 0.0 6100.0
33.5238 9.1083 10.7504 1.0006 -1.0008 0.0 6116.6667
33.5247 9.1092 10.7031 1.0006 -1.0008 0.0 6133.3333
33.5255 9.11 10.6529 1.0006 -1.0008 0.0 6150.0
33.5263 9.1109 10.6048 1.0006 -0.9576 0.0 6166.6667
33.527 9.1116 10.5597 1.0006 -0.9109 0.0 6183.3333
33.5277 9.1124 10.5136 0.9624 -0.8624 0.0 6200.0
33.5285 9.1133 10.4602 0.9084 -0.8083 0.0 6216.6667
33.5292 9.114 10.4121 0.8584 -0.8005 0.0 6233.3333
33.5298 9.1147 10.3621 0.8506 -0.7131 0.0 6250.0
33.5303 9.1154 10.3137 0.7643 -0.5281 0.0 6266.6667
33.5305 9.1159 10.2713 0.6752 -0.3119 0.0 6283.3333
33.5306 9.1164 10.2234 0.6131 -0.2129 0.0 6300.0
33.5309 9.1169 10.1692 0.5584 -0.116 0.0 6316.6667
33.5303 9.1173 10.1229 0.4312 0.1781 0.0001 6333.3333
33.5315 9.1175 10.0791 0.3284 0.4661 0.0001 6350.0
33.5257 9.1177 10.03 0.2277 0.6588 0.0 6366.6667
33.5646 9.1179 9.9782 0.1235 0.9692 0.0001 6383.3333
33.6136 9.1178 9.9295 -0.014 1.3554 0.0001 6400.0
33.6615 9.1177 9.8781 -0.168 1.6078 0.0 6416.6667
33.7081 9.1174 9.828 -0.3562 2.1594 0.0002 6433.3333
33.7527 9.1169 9.7788 -0.514 2.7966 0.0002 6450.0
33.7997 9.1164 9.7255 -0.668 3.5433 0.0002 6466.6667
33.8445 9.1157 9.674 -0.7385 3.9739 0.0 6483.3333
33.8879 9.1151 9.6237 -0.7493 4.2406 0.0 6500.0
33.934 9.1144 9.5697 -0.7889 4.4973 0.0 6516.6667
33.9781 9.1137 9.5176 -0.7993 4.7848 0.0 6533.3333
34.0208 9.1131 9.4666 -0.8375 5.0789 0.0 6550.0
34.0659 9.1124 9.4117 -0.8889 5.585 0.0 6566.6667
34.1085 9.1116 9.3589 -0.8993 6.0526 0.0 6583.3333
34.1506 9.1108 9.3064 -0.9375 6.3408 0.0 6600.0
34.1905 9.11 9.2558 -0.9493 6.6811 0.0 6616.6667
34.2303 9.1093 9.2051 -0.9493 6.8663 0.0 6633.3333
34.2763 9.1083 9.1459 -0.986 7.2663 0.0 6650.0
34.3176 9.1075 9.0908 -0.9993 8.2565 0.0 6666.6667
34.3584 9.1067 9.0331 -0.9223 9.6674 -0.0002 6683.3333
34.3954 9.1061 8.9791 -0.8271 10.5052 -0.0001 6700.0
34.4313 9.1054 8.9258 -0.7993 10.9742 0.0 6716.6667
34.4728 9.1047 8.8635 -0.7238 11.4019 -0.0001 6733.3333
34.5111 9.1042 8.805 -0.6228 11.7291 0.0 6750.0
34.5451 9.1038 8.7525 -0.5993 12.0812 0.0 6766.6667
34.583 9.1032 8.6934 -0.5639 12.306 0.0 6783.3333
34.6181 9.1028 8.6384 -0.5493 12.4829 0.0 6800.0
34.6544 9.1023 8.5809 -0.516 12.7162 0.0 6816.6667
34.693 9.1019 8.5194 -0.4993 12.9058 0.0 6833.3333
34.7287 9.1016 8.4621 -0.4287 13.0906 0.0 6850.0
34.7661 9.1012 8.4016 -0.3993 13.3317 0.0 6866.6667
34.7998 9.101 8.3465 -0.3308 13.5707 0.0 6883.3333
34.8354 9.1007 8.2872 -0.2993 13.9244 0.0 6900.0
34.8703 9.1005 8.2287 -0.2993 14.1524 0.0 6916.6667
34.9068 9.1002 8.1674 -0.2993 14.2703 0.0 6933.3333
34.9381 9.1 8.1146 -0.2993 14.3311 0.0 6950.0
34.9739 9.0997 8.0541 -0.2993 14.3818 0.0 6966.6667
35.0098 9.0994 7.9932 -0.2993 14.4663 0.0 6983.3333
35.0451 9.0992 7.9331 -0.2993 14.5684 0.0 7000.0
35.0795 9.0989 7.8742 -0.2993 14.7712 0.0 7016.6667
35.1147 9.0987 7.8131 -0.2993 15.0267 0.0 7033.3333
35.1475 9.0984 7.7555 -0.2993 15.3663 0.0 7050.0
35.1777 9.0982 7.7019 -0.2993 15.5884 0.0 7066.6667
35.2115 9.0979 7.6415 -0.2993 15.7954 0.0 7083.3333
35.2445 9.0977 7.5818 -0.2993 16.0173 0.0 7100.0
35.2797 9.0974 7.5178 -0.2993 16.1641 0.0 7116.6667
35.314 9.0972 7.4554 -0.2993 16.2996 0.0 7133.3333
35.3443 9.097 7.3998 -0.2687 16.3802 0.0 7150.0
35.3757 9.0967 7.3419 -0.2493 16.4566 0.0 7166.6667
35.4077 9.0965 7.283 -0.2493 16.5272 0.0 7183.3333
35.4408 9.0963 7.2218 -0.2493 16.6341 0.0 7200.0
35.4746 9.0961 7.1585 -0.2493 16.881 0.0 7216.6667
35.5079 9.0959 7.0951 -0.2493 17.2904 0.0 7233.3333
35.5391 9.0957 7.0343 -0.2493 17.8703 0.0 7250.0
35.5693 9.0955 6.9741 -0.2493 18.288 0.0 7266.6667
35.5981 9.0953 6.9158 -0.2493 18.6868 0.0 7283.3333
35.626 9.0951 6.8584 -0.2493 18.9261 0.0 7300.0
35.6587 9.0948 6.7924 -0.2493 18.9496 0.0 7316.6667
35.6886 9.0946 6.7288 -0.2493 18.98 0.0 7333.3333
35.7228 9.0944 6.6678 -0.2493 18.9996 0.0 7350.0
35.7245 9.0942 6.6146 -0.2493 18.9996 0.0 7366.6667
35.7049 9.094 6.5697 -0.2493 18.9996 0.0 7383.3333
35.6905 9.0938 6.5246 -0.2493 18.9996 0.0 7400.0
35.6749 9.0936 6.48 -0.2493 18.9996 0.0 7416.6667
35.6588 9.0934 6.4332 -0.2493 18.9996 0.0 7433.3333
35.6428 9.0932 6.3867 -0.2493 18.9996 0.0 7450.0
35.6277 9.0929 6.3427 -0.2493 18.9996 0.0 7466.6667
35.6113 9.0927 6.2951 -0.2493 18.9996 0.0 7483.3333
35.5966 9.0925 6.2523 -0.2493 18.9996 0.0 7500.0
35.5818 9.0923 6.2096 -0.2493 18.9996 0.0 7516.6667
35.5648 9.0921 6.1601 -0.2493 18.9996 0.0 7533.3333
35.5498 9.0919 6.1167 -0.2493 18.9996 0.0 7550.0
35.5336 9.0917 6.0696 -0.2493 18.9996 0.0 7566.6667
35.5178 9.0915 6.0235 -0.2493 18.9996 0.0 7583.3333
35.5019 9.0913 5.9773 -0.2493 18.9996 0.0 7600.0
35.4852 9.091 5.9289 -0.2493 18.9996 0.0 7616.6667
35.4698 9.0908 5.8843 -0.2493 18.9996 0.0 7633.3333
35.4552 9.0906 5.8417 -0.2493 18.9996 0.0 7650.0
35.439 9.0904 5.7947 -0.2493 18.9996 0.0 7666.6667
35.4228 9.0902 5.7477 -0.2493 18.9996 0.0 7683.3333
35.4083 9.09 5.7056 -0.2493 18.9996 0.0 7700.0
35.3921 9.0898 5.6585 -0.2493 18.9996 0.0 7716.6667
35.3761 9.0896 5.6122 -0.2493 18.9996 0.0 7733.3333
35.3604 9.0894 5.5663 -0.2493 18.9746 0.0 7750.0
35.3437 9.0891 5.5177 -0.2493 18.9496 0.0 7766.6667
35.3281 9.0889 5.4721 -0.2493 18.9496 0.0 7783.3333
35.3117 9.0887 5.4253 -0.2493 18.9496 0.0 7800.0
35.2977 9.0885 5.3804 -0.2493 18.9496 0.0 7816.6667
35.2779 9.0883 5.337 -0.2493 18.9496 0.0 7833.3333
35.2856 9.0881 5.2824 -0.2493 18.9496 0.0 7850.0
35.321 9.0879 5.2185 -0.2493 18.9496 0.0 7866.6667
35.3503 9.0877 5.1563 -0.2493 18.9496 0.0 7883.3333
35.38 9.0875 5.0962 -0.2493 18.9496 0.0 7900.0
35.4093 9.0872 5.0361 -0.2493 18.9496 0.0 7916.6667
35.4398 9.087 4.9737 -0.2493 18.9496 0.0 7933.3333
35.4709 9.0868 4.9102 -0.2493 18.9496 0.0 7950.0
35.498 9.0866 4.8549 -0.2493 18.9496 0.0 7966.6667
35.5263 9.0864 4.7969 -0.2493 18.9496 0.0 7983.3333
35.5571 9.0862 4.7339 -0.2493 18.9496 0.0 8000.0
35.5879 9.086 4.6708 -0.2493 18.9496 0.0 8016.6667
35.6212 9.0858 4.6026 -0.2493 18.9496 0.0 8033.3333
35.6499 9.0856 4.5438 -0.2493 18.9496 0.0 8050.0
35.6796 9.0854 4.4833 -0.2493 18.9496 0.0 8066.6667
35.7092 9.0851 4.4225 -0.2493 18.9496 0.0 8083.3333
35.7381 9.0849 4.3634 -0.2493 18.9496 0.0 8100.0
35.7701 9.0847 4.298 -0.2493 18.9496 0.0 8116.6667
35.8005 9.0845 4.2358 -0.2493 18.9496 0.0 8133.3333
35.8296 9.0843 4.1762 -0.2728 19.0201 0.0 8150.0
35.8599 9.084 4.1135 -0.3232 19.2193 0.0 8166.6667
35.8899 9.0838 4.0507 -0.3493 19.4721 0.0 8183.3333
35.9187 9.0834 3.9895 -0.3728 19.7407 0.0 8200.0
35.9455 9.083 3.9321 -0.4195 20.0407 0.0 8216.6667
35.9714 9.0827 3.8753 -0.4659 20.4661 0.0001 8233.3333
36.0019 9.0822 3.8068 -0.5193 20.9995 0.0 8250.0
36.0309 9.0818 3.7409 -0.5493 21.2172 0.0 8266.6667
36.0584 9.0813 3.6782 -0.5493 21.2996 0.0 8283.3333
36.0866 9.0808 3.614 -0.5493 21.2996 0.0 8300.0
