39.2348 9.0401 18.3133 -0.6993 46.1003 0.0 0.0
39.2348 9.0401 18.3133 -0.6993 46.1003 0.0 16.6667
39.2348 9.0401 18.3133 -0.6993 46.1003 0.0 33.3333
39.2348 9.0401 18.3133 -0.6993 46.1003 0.0 50.0
39.2348 9.0401 18.3133 -0.6993 46.1003 0.0 66.6667
39.2348 9.0401 18.3133 -0.6993 46.1003 0.0 83.3333
39.2348 9.0401 18.3133 -0.6993 46.1003 0.0 100.0
39.2348 9.0401 18.3133 -0.6993 46.1003 0.0 116.6667
39.2348 9.0401 18.3133 -0.6993 46.1003 0.0 133.3333
39.2348 9.0401 18.3133 -0.6993 46.1003 0.0 150.0
39.2348 9.0401 18.3133 -0.6993 46.1003 0.0 166.6667
39.2348 9.0401 18.3133 -0.6993 46.1003 0.0 183.3333
39.2348 9.0401 18.3133 -0.6993 46.1003 0.0 200.0
39.2348 9.0401 18.3133 -0.6993 46.1003 0.0 216.6667
39.2348 9.0401 18.3133 -0.6993 46.1003 0.0 233.3333
39.2348 9.0401 18.3133 -0.6993 46.1003 0.0 250.0
39.2348 9.0401 18.3133 -0.6993 46.1003 0.0 266.6667
39.2348 9.0401 18.3133 -0.6993 46.1003 0.0 283.3333
39.2348 9.0401 18.3133 -0.6993 46.1003 0.0 300.0
39.2348 9.0401 18.3133 -0.6993 46.1003 0.0 316.6667
39.2348 9.0401 18.3133 -0.6993 46.1003 0.0 333.3333
39.2348 9.0401 18.3133 -0.6993 46.1003 0.0 350.0
39.2348 9.0401 18.3133 -0.6993 46.1003 0.0 366.6667
39.2348 9.0401 18.3133 -0.6993 46.1003 0.0 383.3333
39.2348 9.0401 18.3133 -0.6993 46.1003 0.0 400.0
39.2348 9.0402 18.3133 -0.6993 46.1003 0.0 416.6667
39.2348 9.0402 18.3133 -0.6993 46.1003 0.0 433.3333
39.2348 9.0402 18.3133 -0.6993 46.1003 0.0 450.0
39.2348 9.0402 18.3133 -0.6993 46.1003 0.0 466.6667
39.2348 9.0402 18.3133 -0.6514 46.1003 0.0 483.3333
39.2348 9.0402 18.3133 -0.5552 46.1002 0.0 500.0
39.2348 9.0402 18.3133 -0.4111 46.1002 0.0 516.6667
39.2347 9.0402 18.3132 -0.3091 46.1002 0.0 533.3333
39.2356 9.0402 18.3141 -0.216 46.0585 0.0 550.0
39.2247 9.0401 18.3035 -0.0787 46.0502 0.0 566.6667
39.2098 9.0402 18.2891 0.0396 46.0058 0.0 583.3333
39.1967 9.0402 18.2765 0.1388 46.0003 0.0 600.0
39.1836 9.0403 18.2639 0.1937 46.0002 0.0 616.6667
39.1716 9.0404 18.2522 0.2404 46.0003 0.0 633.3333
39.1571 9.0404 18.2382 0.2506 46.0003 0.0 650.0
39.1452 9.0405 18.2268 0.2892 46.0003 0.0 666.6667
39.1321 9.0406 18.2141 0.3006 46.0003 0.0 683.3333
39.1183 9.0407 18.2008 0.3006 46.0003 0.0 700.0
39.1036 9.0408 18.1866 0.3006 46.0003 0.0 716.6667
39.0906 9.0409 18.174 0.3908 46.0003 0.0 733.3333
39.0777 9.0411 18.1615 0.4006 46.0003 0.0 750.0
39.0647 9.0412 18.149 0.4437 46.0003 0.0 766.6667
39.0516 9.0414 18.1363 0.5349 46.0003 0.0 783.3333
39.0395 9.0416 18.1247 0.5895 45.9614 0.0 800.0
39.0252 9.0418 18.1109 0.6428 45.9502 0.0 816.6667
39.012 9.042 18.098 0.6506 45.908 0.0 833.3333
38.9992 9.0422 18.0856 0.6918 45.7768 0.0 850.0
38.9855 9.0425 18.0722 0.7006 45.6648 0.0 866.6667
38.9732 9.0427 18.0602 0.7006 45.6502 0.0 883.3333
38.9599 9.0429 18.0471 0.7006 45.6502 0.0 900.0
38.9466 9.0431 18.0342 0.7006 45.6502 0.0 916.6667
38.9348 9.0433 18.0225 0.7006 45.6501 0.0 933.3333
38.9205 9.0436 18.0086 0.7006 45.6101 0.0 950.0
38.9074 9.0438 17.9957 0.7006 45.5599 0.0 966.6667
38.8939 9.0441 17.9824 0.7423 45.5085 0.0 983.3333
38.8809 9.0443 17.9696 0.7506 45.5002 0.0 1000.0
38.8681 9.0444 17.9571 0.7506 45.5002 0.0 1016.6667
38.8545 9.0448 17.9437 0.7506 45.5002 0.0 1033.3333
38.8415 9.045 17.931 0.7506 45.4178 0.0 1050.0
38.8288 9.0452 17.9183 0.7506 45.1992 0.0 1066.6667
38.816 9.0455 17.9055 0.8291 44.9541 0.0001 1083.3333
38.8035 9.0457 17.8927 0.9271 44.5178 0.0001 1100.0
38.7903 9.046 17.8792 0.9506 44.123 0.0 1116.6667
38.7771 9.0464 17.8651 0.9506 42.8418 0.0 1133.3333
38.7648 9.0468 17.8515 0.9506 42.1884 0.0 1150.0
38.7542 9.0469 17.8395 0.9146 41.5248 -0.0001 1166.6667
38.7422 9.0472 17.8256 0.9006 40.8044 0.0 1183.3333
38.7305 9.0475 17.8112 0.8652 39.5767 -0.0002 1200.0
38.7189 9.0478 17.7975 0.8162 38.7041 -0.0001 1216.6667
38.7091 9.048 17.7821 0.8006 38.2001 0.0 1233.3333
38.6892 9.0483 17.7756 0.7682 37.856 0.0 1250.0
38.6583 9.0486 17.7725 0.7125 37.5597 0.0 1266.6667
38.6349 9.0487 17.769 0.6655 37.044 -0.0001 1283.3333
38.6081 9.0489 17.7651 0.6506 36.5935 0.0 1300.0
38.582 9.0491 17.7611 0.6506 36.2766 0.0 1316.6667
38.5554 9.0494 17.7569 0.6506 36.0074 0.0 1333.3333
38.5324 9.0495 17.7531 0.6506 35.7107 0.0 1350.0
38.5073 9.0497 17.7489 0.6173 35.4668 0.0 1366.6667
38.4803 9.0499 17.7443 0.6006 35.2584 0.0 1383.3333
38.4536 9.0502 17.7395 0.6006 34.9749 0.0 1400.0
38.4283 9.0503 17.7349 0.6006 34.7137 0.0 1416.6667
38.4019 9.0506 17.7299 0.5234 34.1105 -0.0001 1433.3333
38.3767 9.0507 17.7247 0.424 33.3383 -0.0002 1450.0
38.3515 9.0508 17.7192 0.3633 32.8521 0.0 1466.6667
38.3293 9.0509 17.7144 0.3181 32.5878 0.0 1483.3333
38.3032 9.051 17.7085 0.3006 32.3334 0.0 1500.0
38.2755 9.0511 17.7022 0.3006 32.1772 0.0 1516.6667
38.2522 9.0512 17.6968 0.3006 32.0815 0.0 1533.3333
38.2253 9.0513 17.6906 0.3006 31.94 0.0 1550.0
38.1992 9.0514 17.6845 0.3006 31.9 0.0 1566.6667
38.1759 9.0515 17.6791 0.3006 31.8675 0.0 1583.3333
38.1473 9.0516 17.6724 0.2673 31.7834 0.0 1600.0
38.1171 9.0517 17.6652 0.2506 31.6815 0.0 1616.6667
38.0892 9.0518 17.6587 0.2506 31.6502 0.0 1633.3333
38.0608 9.0519 17.6518 0.2506 31.6208 0.0 1650.0
38.03 9.052 17.6445 0.2506 31.6002 0.0 1666.6667
37.9998 9.0521 17.6373 0.2506 31.5697 0.0 1683.3333
37.971 9.0522 17.6304 0.2506 31.5501 0.0 1700.0
37.9403 9.0522 17.623 0.2506 31.5501 0.0 1716.6667
37.9101 9.0523 17.6158 0.2506 31.5197 0.0 1733.3333
37.8816 9.0524 17.609 0.2506 31.5001 0.0 1750.0
37.8495 9.0525 17.6013 0.2506 31.5001 0.0 1766.6667
37.8184 9.0526 17.5937 0.2506 31.5001 0.0 1783.3333
37.7913 9.0527 17.5873 0.2506 31.5001 0.0 1800.0
37.7598 9.0528 17.5798 0.2506 31.5001 0.0 1816.6667
37.7289 9.0529 17.5723 0.2506 31.5001 0.0 1833.3333
37.7003 9.053 17.5654 0.2506 31.5001 0.0 1850.0
37.6691 9.0531 17.5579 0.2506 31.5001 0.0 1866.6667
37.6416 9.0532 17.5513 0.2506 31.5001 0.0 1883.3333
37.6138 9.0533 17.5447 0.2506 31.5001 0.0 1900.0
37.5785 9.0534 17.5362 0.2506 31.5001 0.0 1916.6667
37.548 9.0535 17.5288 0.2506 31.5001 0.0 1933.3333
37.518 9.0536 17.5217 0.2506 31.5001 0.0 1950.0
37.4822 9.0537 17.5131 0.2506 31.5001 0.0 1966.6667
37.4493 9.0538 17.5051 0.2506 31.5001 0.0 1983.3333
37.418 9.0539 17.4976 0.2506 31.5001 0.0 2000.0
37.3866 9.054 17.4901 0.2506 31.5001 0.0 2016.6667
37.3536 9.0541 17.4822 0.2506 31.4678 0.0 2033.3333
37.3212 9.0542 17.4743 0.2506 31.3853 0.0 2050.0
37.2899 9.0543 17.4667 0.2506 31.3187 0.0 2066.6667
37.2583 9.0544 17.459 0.2506 31.1785 0.0 2083.3333
37.2268 9.0545 17.451 0.2212 30.8942 0.0 2100.0
37.1955 9.0546 17.443 0.2006 30.608 0.0 2116.6667
37.1633 9.0546 17.4345 0.1422 30.0919 -0.0002 2133.3333
37.1283 9.0546 17.4246 0.0068 29.2689 -0.0003 2150.0
37.0942 9.0545 17.4144 -0.0807 28.3853 -0.0001 2166.6667
37.0608 9.0544 17.4038 -0.2211 27.3509 -0.0005 2183.3333
37.0298 9.0544 17.3934 -0.3271 26.4 -0.0001 2200.0
36.9951 9.0541 17.3811 -0.4361 25.5667 -0.0003 2216.6667
36.9605 9.0539 17.3684 -0.5906 24.7941 -0.0003 2233.3333
36.9281 9.0536 17.356 -0.6787 24.0587 -0.0001 2250.0
36.8976 9.0533 17.3439 -0.7262 23.3471 -0.0001 2266.6667
36.8636 9.0529 17.3296 -0.7771 22.3054 -0.0001 2283.3333
36.831 9.0526 17.3154 -0.7993 21.472 0.0 2300.0
36.7995 9.0522 17.3014 -0.7993 21.1415 0.0 2316.6667
36.7665 9.0519 17.2868 -0.7993 21.0499 0.0 2333.3333
36.7338 9.0515 17.2724 -0.7993 21.0499 0.0 2350.0
36.7006 9.0512 17.2576 -0.7993 21.0499 0.0 2366.6667
36.6706 9.0508 17.2443 -0.7993 21.0499 0.0 2383.3333
36.6386 9.0505 17.23 -0.7993 21.0499 0.0 2400.0
36.6058 9.0501 17.2155 -0.7993 21.0499 0.0 2416.6667
36.5725 9.0498 17.2007 -0.7993 21.0499 0.0 2433.3333
36.5426 9.0495 17.1874 -0.7993 21.0499 0.0 2450.0
36.5098 9.0491 17.1729 -0.7993 21.0499 0.0 2466.6667
36.4743 9.0487 17.1571 -0.7993 21.0499 0.0 2483.3333
36.442 9.0484 17.1427 -0.7993 21.0499 0.0 2500.0
36.4101 9.048 17.1285 -0.7993 21.0499 0.0 2516.6667
36.38 9.0477 17.1152 -0.7993 21.0253 0.0 2533.3333
36.3467 9.0473 17.1003 -0.7993 20.9748 0.0 2550.0
36.3142 9.047 17.0858 -0.7993 20.8732 0.0 2566.6667
36.2811 9.0466 17.0709 -0.7993 20.7216 0.0 2583.3333
36.2503 9.0463 17.0569 -0.7993 20.5787 0.0 2600.0
36.2214 9.046 17.0436 -0.7993 20.4018 0.0 2616.6667
36.189 9.0456 17.0286 -0.7993 20.1508 0.0 2633.3333
36.1541 9.0452 17.0123 -0.7526 19.8831 0.0001 2650.0
36.1207 9.0449 16.9965 -0.6993 19.5713 0.0 2666.6667
36.0884 9.0446 16.9809 -0.6993 19.2174 0.0 2683.3333
36.0574 9.0444 16.9657 -0.6743 18.9496 0.0 2700.0
36.0264 9.044 16.9503 -0.6493 18.7539 0.0 2716.6667
35.9946 9.0438 16.9346 -0.6493 18.5804 0.0 2733.3333
35.9657 9.0436 16.9201 -0.6493 18.4588 0.0 2750.0
35.9319 9.0433 16.9032 -0.6271 18.3778 0.0 2766.6667
35.8998 9.043 16.8871 -0.5993 18.35 0.0 2783.3333
35.8683 9.0428 16.8713 -0.5993 18.35 0.0 2800.0
35.8344 9.0424 16.8542 -0.5993 18.3246 0.0 2816.6667
35.8042 9.0422 16.839 -0.5748 18.251 0.0 2833.3333
35.772 9.042 16.8227 -0.5493 18.15 0.0 2850.0
35.7396 9.0417 16.8063 -0.5493 18.0999 0.0 2866.6667
35.7101 9.0415 16.7912 -0.5493 18.0767 0.0 2883.3333
35.6794 9.0413 16.7757 -0.5493 17.9842 0.0 2900.0
35.6459 9.041 16.7584 -0.5253 17.8039 0.0 2916.6667
35.6147 9.0408 16.7423 -0.4993 17.6303 0.0 2933.3333
35.5867 9.0406 16.7277 -0.4993 17.4913 0.0 2950.0
35.5553 9.0404 16.7112 -0.4615 17.3052 0.0001 2966.6667
35.5207 9.0402 16.693 -0.3993 17.0579 0.0 2983.3333
35.4894 9.04 16.676 -0.3522 16.7143 0.0001 3000.0
35.4593 9.04 16.6595 -0.2993 16.3369 0.0 3016.6667
35.4276 9.0398 16.642 -0.2993 16.1079 0.0 3033.3333
35.3972 9.0396 16.6251 -0.2993 15.8218 0.0 3050.0
35.3674 9.0396 16.6082 -0.2993 15.5371 0.0 3066.6667
35.3358 9.0394 16.5903 -0.2993 15.385 0.0 3083.3333
35.305 9.0392 16.5727 -0.2993 15.234 0.0 3100.0
35.2737 9.0392 16.5547 -0.2767 15.0594 0.0 3116.6667
35.2435 9.0391 16.5371 -0.2493 14.7772 0.0 3133.3333
35.2151 9.039 16.5203 -0.2493 14.4208 0.0 3150.0
35.1876 9.0389 16.5038 -0.2493 14.0539 0.0 3166.6667
35.1548 9.0388 16.4838 -0.2493 13.6286 0.0 3183.3333
35.1218 9.0387 16.4635 -0.2493 13.4341 0.0 3200.0
35.0921 9.0386 16.4452 -0.228 13.2858 0.0 3216.6667
35.0641 9.0385 16.4278 -0.1993 13.181 0.0 3233.3333
35.0336 9.0384 16.4088 -0.1993 13.1496 0.0 3250.0
35.0026 9.0383 16.3895 -0.1993 13.0712 0.0 3266.6667
34.9743 9.0382 16.3718 -0.1993 12.8793 0.0 3283.3333
34.9456 9.0381 16.3536 -0.168 12.6872 0.0 3300.0
34.9145 9.0381 16.3337 -0.0993 12.5496 0.0 3316.6667
34.8858 9.038 16.3156 -0.0836 12.4712 0.0 3333.3333
34.8551 9.038 16.2958 -0.0493 12.2663 0.0 3350.0
34.8232 9.038 16.2752 -0.0493 12.1605 0.0 3366.6667
34.794 9.038 16.2563 -0.0493 12.0625 0.0 3383.3333
34.7667 9.0379 16.2385 -0.0493 11.9524 0.0 3400.0
34.7383 9.0379 16.22 -0.0493 11.8497 0.0 3416.6667
34.7056 9.0379 16.1986 -0.0493 11.8497 0.0 3433.3333
34.6791 9.0379 16.1812 -0.0493 11.7964 0.0 3450.0
34.6468 9.0379 16.16 -0.0493 11.6025 0.0 3466.6667
34.6202 9.0378 16.1423 -0.0238 11.3468 0.0001 3483.3333
34.5906 9.0379 16.1222 0.0507 10.7997 0.0 3500.0
34.5607 9.0379 16.1015 0.0507 10.3763 0.0 3516.6667
34.5319 9.0379 16.0813 0.0507 9.9144 0.0 3533.3333
34.5023 9.0379 16.0602 0.0507 9.5057 0.0 3550.0
34.4731 9.038 16.0393 0.0507 9.3376 0.0 3566.6667
34.4419 9.038 16.0166 0.0507 9.1253 0.0 3583.3333
34.4153 9.038 15.9973 0.0507 8.9365 0.0 3600.0
34.3868 9.038 15.9764 0.0507 8.7508 0.0 3616.6667
34.353 9.038 15.9514 0.0507 8.5496 0.0 3633.3333
34.3222 9.0381 15.9285 0.0507 8.3789 0.0 3650.0
34.2931 9.0381 15.9068 0.0507 8.2339 0.0 3666.6667
34.2652 9.0381 15.8858 0.0507 8.1742 0.0 3683.3333
34.2342 9.0381 15.8626 0.0507 8.0597 0.0 3700.0
34.2016 9.0382 15.8379 0.0507 7.8996 0.0 3716.6667
34.1725 9.0382 15.8157 0.0507 7.7839 0.0 3733.3333
34.1433 9.0382 15.7935 0.0507 7.6939 0.0 3750.0
34.1154 9.0382 15.7722 0.0507 7.4848 0.0 3766.6667
34.0857 9.0383 15.7491 0.0507 7.1453 0.0 3783.3333
34.0545 9.0383 15.7244 0.0507 6.7494 0.0 3800.0
34.0245 9.0383 15.7008 0.0507 6.6846 0.0 3816.6667
33.9972 9.0383 15.6789 0.0507 6.2641 0.0 3833.3333
33.9658 9.0384 15.6527 0.0507 5.2495 0.0 3850.0
33.9322 9.0384 15.6245 0.0507 4.9946 0.0 3866.6667
33.9027 9.0384 15.5996 0.0507 4.7984 0.0 3883.3333
33.8723 9.0384 15.5737 0.0507 4.5744 0.0 3900.0
33.8401 9.0385 15.5459 0.0507 4.2329 0.0 3916.6667
33.8105 9.0385 15.52 0.0367 3.7531 -0.0001 3933.3333
33.7833 9.0385 15.4956 0.0007 3.2096 0.0 3950.0
33.7507 9.0385 15.4663 0.0007 2.9977 0.0 3966.6667
33.7239 9.0385 15.442 0.0007 2.8495 0.0 3983.3333
33.6935 9.0385 15.4145 0.0007 2.8495 0.0 4000.0
33.6611 9.0385 15.3851 0.0007 2.8495 0.0 4016.6667
33.6321 9.0385 15.359 0.0007 2.8495 0.0 4033.3333
33.6037 9.0385 15.333 0.0007 2.8384 0.0 4050.0
33.5747 9.0385 15.3078 0.0007 2.7994 0.0 4066.6667
33.5483 9.0385 15.2788 0.0007 2.7994 0.0 4083.3333
33.5493 9.0385 15.2474 0.0007 2.77 0.0 4100.0
33.547 9.0385 15.2188 0.0007 2.6994 0.0 4116.6667
33.546 9.0385 15.1903 0.0007 2.6681 0.0 4133.3333
33.5446 9.0385 15.1592 0.0007 2.5258 0.0 4150.0
33.5433 9.0385 15.1294 0.0007 2.4264 0.0 4166.6667
33.5421 9.0385 15.0987 0.0007 2.3253 0.0 4183.3333
33.541 9.0385 15.0708 0.0007 2.24 0.0 4200.0
33.5397 9.0385 15.0391 0.0007 2.1993 0.0 4216.6667
33.5386 9.0385 15.0082 0.0007 2.1993 0.0 4233.3333
33.5374 9.0385 14.9789 0.0007 2.1993 0.0 4250.0
33.5363 9.0385 14.9492 0.0007 2.1885 0.0 4266.6667
33.5352 9.0385 14.9204 0.0007 2.1399 0.0 4283.3333
33.5342 9.0385 14.8917 0.0007 2.0858 0.0 4300.0
33.533 9.0385 14.8566 0.0007 1.9668 0.0 4316.6667
33.532 9.0385 14.826 0.0007 1.8296 0.0 4333.3333
33.531 9.0385 14.795 0.0007 1.7326 0.0 4350.0
33.5302 9.0385 14.7657 0.0007 1.6444 0.0 4366.6667
33.5293 9.0385 14.7343 0.0007 1.5992 0.0 4383.3333
33.5285 9.0385 14.7011 0.0007 1.593 0.0 4400.0
33.5276 9.0385 14.6684 0.0007 1.5492 0.0 4416.6667
33.5267 9.0385 14.6371 0.0007 1.5492 0.0 4433.3333
33.5258 9.0385 14.6038 0.0007 1.5492 0.0 4450.0
33.5249 9.0385 14.5707 0.0007 1.5492 0.0 4466.6667
33.524 9.0385 14.5389 0.0007 1.5492 0.0 4483.3333
33.5232 9.0385 14.5091 0.0007 1.5492 0.0 4500.0
33.5222 9.0385 14.4721 0.0007 1.5492 0.0 4516.6667
33.5214 9.0385 14.4401 0.0007 1.5492 0.0 4533.3333
33.5205 9.0385 14.409 0.0007 1.5492 0.0 4550.0
33.5196 9.0385 14.3737 0.0007 1.5492 0.0 4566.6667
33.5186 9.0385 14.3376 0.0007 1.5492 0.0 4583.3333
33.5178 9.0385 14.3067 0.0007 1.5492 0.0 4600.0
33.5169 9.0385 14.2719 0.0007 1.5492 0.0 4616.6667
33.516 9.0385 14.2413 0.0007 1.5492 0.0 4633.3333
33.5151 9.0385 14.2083 0.0007 1.5492 0.0 4650.0
33.5142 9.0385 14.1733 0.0007 1.5492 0.0 4666.6667
33.5133 9.0385 14.139 0.0007 1.5492 0.0 4683.3333
33.5125 9.0385 14.1083 0.0007 1.5492 0.0 4700.0
33.5116 9.0385 14.0752 0.0051 1.5492 0.0 4716.6667
33.5106 9.0386 14.0383 0.1349 1.5355 0.0 4733.3333
33.5098 9.0388 14.0059 0.3624 1.4493 0.0 4750.0
33.5089 9.039 13.9732 0.4604 1.4493 0.0 4766.6667
33.5081 9.0393 13.9401 0.5631 1.4451 0.0 4783.3333
33.5073 9.0399 13.9057 0.7062 1.3993 0.0 4800.0
33.5065 9.0402 13.8748 0.7548 1.3972 0.0 4816.6667
33.5057 9.0407 13.8399 0.858 1.3456 0.0 4833.3333
33.505 9.0412 13.8092 0.9506 1.2992 0.0 4850.0
33.5042 9.0418 13.7765 0.9996 1.2992 0.0 4866.6667
33.5035 9.0425 13.7416 1.104 1.296 0.0 4883.3333
33.5027 9.0433 13.7047 1.2507 1.1494 0.0 4900.0
33.502 9.044 13.6723 1.2556 1.1445 0.0 4916.6667
33.5015 9.0448 13.6395 1.3046 1.0954 0.0 4933.3333
33.5009 9.0455 13.6065 1.3507 1.0492 0.0 4950.0
33.5002 9.0464 13.572 1.3553 1.0492 0.0 4966.6667
33.4997 9.0471 13.5412 1.4017 1.0472 0.0 4983.3333
33.4991 9.048 13.5063 1.4538 0.9432 0.0 5000.0
33.4986 9.0489 13.4715 1.5007 0.8348 0.0 5016.6667
33.4982 9.0498 13.4389 1.5007 0.6956 0.0 5033.3333
33.4979 9.0507 13.406 1.5007 0.6494 0.0 5050.0
33.4975 9.0515 13.3712 1.5007 0.6494 0.0 5066.6667
33.4971 9.0524 13.3386 1.5046 0.6494 0.0 5083.3333
33.4967 9.0533 13.3059 1.5508 0.6494 0.0 5100.0
33.4963 9.0541 13.273 1.5508 0.6494 0.0 5116.6667
33.496 9.0551 13.2383 1.5508 0.6494 0.0 5133.3333
33.4956 9.0559 13.2075 1.5508 0.6494 0.0 5150.0
33.4953 9.0568 13.1727 1.5508 0.5495 0.0 5166.6667
33.4949 9.0577 13.1399 1.5508 0.5495 0.0 5183.3333
33.4946 9.0588 13.1052 1.5508 0.5466 0.0 5200.0
33.4943 9.0596 13.0725 1.5508 0.4994 0.0 5216.6667
33.494 9.0605 13.0396 1.5508 0.4994 0.0 5233.3333
33.4938 9.0615 13.005 1.5508 0.4994 0.0 5250.0
33.4935 9.0623 12.9742 1.5508 0.4994 0.0 5266.6667
33.4932 9.0632 12.9377 1.5508 0.4483 0.0 5283.3333
33.4929 9.0642 12.9016 1.5508 0.3993 0.0 5300.0
33.4927 9.0652 12.8633 1.5508 0.3974 0.0 5316.6667
33.4924 9.0663 12.8279 1.5508 0.3511 0.0 5333.3333
33.4922 9.0673 12.788 1.5508 0.2991 0.0 5350.0
33.4921 9.0682 12.7526 1.5508 0.2527 0.0 5366.6667
33.4919 9.0694 12.7103 1.5508 0.1981 0.0 5383.3333
33.4919 9.0703 12.6746 1.5508 0.1517 0.0 5400.0
33.4919 9.0713 12.6382 1.5508 -0.0253 0.0 5416.6667
33.4921 9.0725 12.5949 1.5059 -0.2751 0.0 5433.3333
33.4924 9.0736 12.5541 1.5007 -0.5216 0.0 5450.0
33.4931 9.0748 12.508 1.4518 -0.7953 0.0 5466.6667
33.4937 9.0757 12.4681 1.4053 -0.937 0.0 5483.3333
33.4946 9.0769 12.4202 1.4007 -1.0009 0.0 5500.0
33.4953 9.0779 12.3777 1.4007 -1.0009 0.0 5516.6667
33.4961 9.079 12.3325 1.3998 -1.0009 0.0 5533.3333
33.4968 9.0799 12.2949 1.356 -1.0009 0.0 5550.0
33.4976 9.0811 12.2474 1.3507 -1.0009 0.0 5566.6667
33.4983 9.082 12.2074 1.3507 -1.0009 0.0 5583.3333
33.4991 9.0831 12.1595 1.3507 -1.0009 0.0 5600.0
33.4998 9.084 12.1216 1.263 -1.0009 0.0 5616.6667
33.5006 9.0848 12.0772 1.1611 -1.0008 0.0 5633.3333
33.5013 9.0857 12.0342 1.1507 -1.0008 0.0 5650.0
33.5021 9.0865 11.9919 1.0644 -1.0008 0.0 5666.6667
33.5028 9.0873 11.9466 1.0507 -1.0008 0.0 5683.3333
33.5036 9.0881 11.9044 1.0507 -1.0008 0.0 5700.0
33.5045 9.089 11.8563 1.0507 -1.0008 0.0 5716.6667
33.5051 9.0897 11.8183 1.0507 -1.0008 0.0 5733.3333
33.5059 9.0904 11.774 1.0069 -1.0008 0.0 5750.0
33.5066 9.0912 11.7307 1.0006 -1.0008 0.0 5766.6667
33.5074 9.092 11.6889 1.0006 -1.0008 0.0 5783.3333
33.5083 9.0928 11.6409 1.0006 -1.0008 0.0 5800.0
33.5089 9.0935 11.5979 1.0006 -1.0008 0.0 5816.6667
33.5097 9.0942 11.5554 1.0006 -1.0008 0.0 5833.3333
33.5104 9.095 11.513 1.0006 -1.0008 0.0 5850.0
33.5112 9.0958 11.4678 1.0006 -1.0008 0.0 5866.6667
33.512 9.0965 11.4237 1.0006 -1.0008 0.0 5883.3333
33.5129 9.0974 11.3752 1.0006 -1.0008 0.0 5900.0
33.5136 9.0982 11.3291 1.0006 -1.0008 0.0 5916.6667
33.5145 9.099 11.2821 1.0006 -1.0008 0.0 5933.3333
33.5154 9.1 11.2313 1.0006 -1.0008 0.0 5950.0
33.5161 9.1006 11.1894 1.0006 -1.0008 0.0 5966.6667
33.517 9.1016 11.1369 1.0006 -1.0008 0.0 5983.3333
33.5179 9.1024 11.0888 1.0006 -1.0008 0.0 6000.0
33.5187 9.1033 11.0386 1.0006 -1.0008 0.0 6016.6667
33.5196 9.1041 10.9909 1.0006 -1.0008 0.0 6033.3333
33.5204 9.105 10.9434 1.0006 -1.0008 0.0 6050.0
33.5213 9.1058 10.8961 1.0006 -1.0008 0.0 6066.6667
33.5221 9.1067 10.8457 1.0006 -1.0008 0.0 6083.3333
33.523 9.1075 10.7979 1.0006 -1.0008 0.0 6100.0
33.5238 9.1083 10.7504 1.0006 -1.0008 0.0 6116.6667
33.5247 9.1092 10.7031 1.0006 -1.0008 0.0 6133.3333
33.5255 9.11 10.6529 1.0006 -1.0008 0.0 6150.0
33.5263 9.1109 10.6048 1.0006 -0.9576 0.0 6166.6667
33.527 9.1116 10.5597 1.0006 -0.9109 0.0 6183.3333
33.5277 9.1124 10.5136 0.9624 -0.8624 0.0 6200.0
33.5285 9.1133 10.4602 0.9084 -0.8083 0.0 6216.6667
33.5292 9.114 10.4121 0.8584 -0.8005 0.0 6233.3333
33.5298 9.1147 10.3621 0.8506 -0.7131 0.0 6250.0
33.5303 9.1154 10.3137 0.7643 -0.5281 0.0 6266.6667
33.5305 9.1159 10.2713 0.6752 -0.3119 0.0 6283.3333
33.5306 9.1164 10.2234 0.6131 -0.2129 0.0 6300.0
33.5309 9.1169 10.1692 0.5584 -0.116 0.0 6316.6667
33.5303 9.1173 10.1229 0.4312 0.1781 0.0001 6333.3333
33.5315 9.1175 10.0791 0.3284 0.4661 0.0001 6350.0
33.5257 9.1177 10.03 0.2277 0.6588 0.0 6366.6667
33.5646 9.1179 9.9782 0.1235 0.9692 0.0001 6383.3333
33.6136 9.1178 9.9295 -0.014 1.3554 0.0001 6400.0
33.6615 9.1177 9.8781 -0.168 1.6078 0.0 6416.6667
33.7081 9.1174 9.828 -0.3562 2.1594 0.0002 6433.3333
33.7527 9.1169 9.7788 -0.514 2.7966 0.0002 6450.0
33.7997 9.1164 9.7255 -0.668 3.5433 0.0002 6466.6667
33.8445 9.1157 9.674 -0.7385 3.9739 0.0 6483.3333
33.8879 9.1151 9.6237 -0.7493 4.2406 0.0 6500.0
33.934 9.1144 9.5697 -0.7889 4.4973 0.0 6516.6667
33.9781 9.1137 9.5176 -0.7993 4.7848 0.0 6533.3333
34.0208 9.1131 9.4666 -0.8375 5.0789 0.0 6550.0
34.0659 9.1124 9.4117 -0.8889 5.585 0.0 6566.6667
34.1085 9.1116 9.3589 -0.8993 6.0526 0.0 6583.3333
34.1506 9.1108 9.3064 -0.9375 6.3408 0.0 6600.0
34.1905 9.11 9.2558 -0.9493 6.6811 0.0 6616.6667
34.2303 9.1093 9.2051 -0.9493 6.8663 0.0 6633.3333
34.2763 9.1083 9.1459 -0.986 7.2663 0.0 6650.0
34.3176 9.1075 9.0908 -0.9993 8.2565 0.0 6666.6667
34.3584 9.1067 9.0331 -0.9223 9.6674 -0.0002 6683.3333
34.3954 9.1061 8.9791 -0.8271 10.5052 -0.0001 6700.0
34.4313 9.1054 8.9258 -0.7993 10.9742 0.0 6716.6667
34.4728 9.1047 8.8635 -0.7238 11.4019 -0.0001 6733.3333
34.5111 9.1042 8.805 -0.6228 11.7291 0.0 6750.0
34.5451 9.1038 8.7525 -0.5993 12.0812 0.0 6766.6667
34.583 9.1032 8.6934 -0.5639 12.306 0.0 6783.3333
34.6181 9.1028 8.6384 -0.5493 12.4829 0.0 6800.0
34.6544 9.1023 8.5809 -0.516 12.7162 0.0 6816.6667
34.693 9.1019 8.5194 -0.4993 12.9058 0.0 6833.3333
34.7287 9.1016 8.4621 -0.4287 13.0906 0.0 6850.0
34.7661 9.1012 8.4016 -0.3993 13.3317 0.0 6866.6667
34.7998 9.101 8.3465 -0.3308 13.5707 0.0 6883.3333
34.8354 9.1007 8.2872 -0.2993 13.9244 0.0 6900.0
34.8703 9.1005 8.2287 -0.2993 14.1524 0.0 6916.6667
34.9068 9.1002 8.1674 -0.2993 14.2703 0.0 6933.3333
34.9381 9.1 8.1146 -0.2993 14.3311 0.0 6950.0
34.9739 9.0997 8.0541 -0.2993 14.3818 0.0 6966.6667
35.0098 9.0994 7.9932 -0.2993 14.4663 0.0 6983.3333
35.0451 9.0992 7.9331 -0.2993 14.5684 0.0 7000.0
35.0795 9.0989 7.8742 -0.2993 14.7712 0.0 7016.6667
35.1147 9.0987 7.8131 -0.2993 15.0267 0.0 7033.3333
35.1475 9.0984 7.7555 -0.2993 15.3663 0.0 7050.0
35.1777 9.0982 7.7019 -0.2993 15.5884 0.0 7066.6667
35.2115 9.0979 7.6415 -0.2993 15.7954 0.0 7083.3333
35.2445 9.0977 7.5818 -0.2993 16.0173 0.0 7100.0
35.2797 9.0974 7.5178 -0.2993 16.1641 0.0 7116.6667
35.314 9.0972 7.4554 -0.2993 16.2996 0.0 7133.3333
35.3443 9.097 7.3998 -0.2687 16.3802 0.0 7150.0
35.3757 9.0967 7.3419 -0.2493 16.4566 0.0 7166.6667
35.4077 9.0965 7.283 -0.2493 16.5272 0.0 7183.3333
35.4408 9.0963 7.2218 -0.2493 16.6341 0.0 7200.0
35.4746 9.0961 7.1585 -0.2493 16.881 0.0 7216.6667
35.5079 9.0959 7.0951 -0.2493 17.2904 0.0 7233.3333
35.5391 9.0957 7.0343 -0.2493 17.8703 0.0 7250.0
35.5693 9.0955 6.9741 -0.2493 18.288 0.0 7266.6667
35.5981 9.0953 6.9158 -0.2493 18.6868 0.0 7283.3333
35.626 9.0951 6.8584 -0.2493 18.9261 0.0 7300.0
35.6587 9.0948 6.7924 -0.2493 18.9496 0.0 7316.6667
35.6886 9.0946 6.7288 -0.2493 18.98 0.0 7333.3333
35.7228 9.0944 6.6678 -0.2493 18.9996 0.0 7350.0
35.7245 9.0942 6.6146 -0.2493 18.9996 0.0 7366.6667
35.7049 9.094 6.5697 -0.2493 18.9996 0.0 7383.3333
35.6905 9.0938 6.5246 -0.2493 18.9996 0.0 7400.0
35.6749 9.0936 6.48 -0.2493 18.9996 0.0 7416.6667
35.6588 9.0934 6.4332 -0.2493 18.9996 0.0 7433.3333
35.6428 9.0932 6.3867 -0.2493 18.9996 0.0 7450.0
35.6277 9.0929 6.3427 -0.2493 18.9996 0.0 7466.6667
35.6113 9.0927 6.2951 -0.2493 18.9996 0.0 7483.3333
35.5966 9.0925 6.2523 -0.2493 18.9996 0.0 7500.0
35.5818 9.0923 6.2096 -0.2493 18.9996 0.0 7516.6667
35.5648 9.0921 6.1601 -0.2493 18.9996 0.0 7533.3333
35.5498 9.0919 6.1167 -0.2493 18.9996 0.0 7550.0
35.5336 9.0917 6.0696 -0.2493 18.9996 0.0 7566.6667
35.5178 9.0915 6.0235 -0.2493 18.9996 0.0 7583.3333
35.5019 9.0913 5.9773 -0.2493 18.9996 0.0 7600.0
35.4852 9.091 5.9289 -0.2493 18.9996 0.0 7616.6667
35.4698 9.0908 5.8843 -0.2493 18.9996 0.0 7633.3333
35.4552 9.0906 5.8417 -0.2493 18.9996 0.0 7650.0
35.439 9.0904 5.7947 -0.2493 18.9996 0.0 7666.6667
35.4228 9.0902 5.7477 -0.2493 18.9996 0.0 7683.3333
35.4083 9.09 5.7056 -0.2493 18.9996 0.0 7700.0
35.3921 9.0898 5.6585 -0.2493 18.9996 0.0 7716.6667
35.3761 9.0896 5.6122 -0.2493 18.9996 0.0 7733.3333
35.3604 9.0894 5.5663 -0.2493 18.9746 0.0 7750.0
35.3437 9.0891 5.5177 -0.2493 18.9496 0.0 7766.6667
35.3281 9.0889 5.4721 -0.2493 18.9496 0.0 7783.3333
35.3117 9.0887 5.4253 -0.2493 18.9496 0.0 7800.0
35.2977 9.0885 5.3804 -0.2493 18.9496 0.0 7816.6667
35.2779 9.0883 5.337 -0.2493 18.9496 0.0 7833.3333
35.2856 9.0881 5.2824 -0.2493 18.9496 0.0 7850.0
35.321 9.0879 5.2185 -0.2493 18.9496 0.0 7866.6667
35.3503 9.0877 5.1563 -0.2493 18.9496 0.0 7883.3333
35.38 9.0875 5.0962 -0.2493 18.9496 0.0 7900.0
35.4093 9.0872 5.0361 -0.2493 18.9496 0.0 7916.6667
35.4398 9.087 4.9737 -0.2493 18.9496 0.0 7933.3333
35.4709 9.0868 4.9102 -0.2493 18.9496 0.0 7950.0
35.498 9.0866 4.8549 -0.2493 18.9496 0.0 7966.6667
35.5263 9.0864 4.7969 -0.2493 18.9496 0.0 7983.3333
35.5571 9.0862 4.7339 -0.2493 18.9496 0.0 8000.0
35.5879 9.086 4.6708 -0.2493 18.9496 0.0 8016.6667
35.6212 9.0858 4.6026 -0.2493 18.9496 0.0 8033.3333
35.6499 9.0856 4.5438 -0.2493 18.9496 0.0 8050.0
35.6796 9.0854 4.4833 -0.2493 18.9496 0.0 8066.6667
35.7092 9.0851 4.4225 -0.2493 18.9496 0.0 8083.3333
35.7381 9.0849 4.3634 -0.2493 18.9496 0.0 8100.0
35.7701 9.0847 4.298 -0.2493 18.9496 0.0 8116.6667
35.8005 9.0845 4.2358 -0.2493 18.9496 0.0 8133.3333
35.8296 9.0843 4.1762 -0.2728 19.0201 0.0 8150.0
35.8599 9.084 4.1135 -0.3232 19.2193 0.0 8166.6667
35.8899 9.0838 4.0507 -0.3493 19.4721 0.0 8183.3333
35.9187 9.0834 3.9895 -0.3728 19.7407 0.0 8200.0
35.9455 9.083 3.9321 -0.4195 20.0407 0.0 8216.6667
35.9714 9.0827 3.8753 -0.4659 20.4661 0.0001 8233.3333
36.0019 9.0822 3.8068 -0.5193 20.9995 0.0 8250.0
36.0309 9.0818 3.7409 -0.5493 21.2172 0.0 8266.6667
36.0584 9.0813 3.6782 -0.5493 21.2996 0.0 8283.3333
36.0866 9.0808 3.614 -0.5493 21.2996 0.0 8300.0
36.1134 9.0804 3.553 -0.5493 21.2996 0.0 8316.6667
36.1403 9.0799 3.4917 -0.5493 21.2996 0.0 8333.3333
36.1681 9.0794 3.4284 -0.5493 21.2996 0.0 8350.0
36.1966 9.079 3.3637 -0.5493 21.2996 0.0 8366.6667
36.2222 9.0785 3.3052 -0.5493 21.2996 0.0 8383.3333
36.2493 9.078 3.2434 -0.5493 21.2996 0.0 8400.0
36.2758 9.0776 3.1829 -0.5493 21.2996 0.0 8416.6667
36.3021 9.0771 3.1231 -0.5493 21.2996 0.0 8433.3333
36.3336 9.0766 3.0513 -0.5493 21.2996 0.0 8450.0
36.3597 9.0762 2.9918 -0.5493 21.2996 0.0 8466.6667
36.3867 9.0757 2.9303 -0.5493 21.2996 0.0 8483.3333
36.4145 9.0752 2.8669 -0.5493 21.2996 0.0 8500.0
36.442 9.0748 2.8044 -0.5493 21.2996 0.0 8516.6667
36.4683 9.0743 2.7446 -0.5493 21.2996 0.0 8533.3333
36.4967 9.0739 2.6798 -0.5493 21.2996 0.0 8550.0
36.524 9.0734 2.6176 -0.5493 21.3173 0.0 8566.6667
36.5525 9.0729 2.5523 -0.5679 21.4055 0.0 8583.3333
36.578 9.0724 2.4936 -0.6326 21.5829 0.0001 8600.0
36.6044 9.0718 2.4316 -0.7304 21.9206 0.0001 8616.6667
36.6327 9.071 2.3632 -0.8365 22.5788 0.0002 8633.3333
36.6579 9.0703 2.3005 -0.8993 23.2557 0.0 8650.0
36.6825 9.0694 2.2338 -1.1325 25.0112 0.005 8666.6667
36.7011 9.0681 2.1717 -1.6567 27.868 0.0019 8683.3333
36.7184 9.0664 2.1098 -2.0663 29.5701 0.0013 8700.0
36.7342 9.0643 2.044 -2.4983 31.619 0.0038 8716.6667
36.7462 9.0618 1.978 -2.975 34.5848 0.0013 8733.3333
36.756 9.0591 1.9117 -3.2693 36.573 0.0011 8750.0
36.764 9.0561 1.8443 -3.5336 38.1213 0.0002 8766.6667
36.7719 9.0528 1.7724 -3.6629 38.8348 0.0001 8783.3333
36.7788 9.0497 1.7044 -3.7132 39.3104 0.0 8800.0
36.785 9.0467 1.6393 -3.7493 39.6238 0.0 8816.6667
36.7921 9.0431 1.5629 -3.7493 39.6993 0.0 8833.3333
36.7984 9.0401 1.4959 -3.7493 39.6992 0.0 8850.0
36.8045 9.037 1.431 -3.7493 39.6992 0.0 8866.6667
36.8111 9.0337 1.3605 -3.7493 39.6992 0.0 8883.3333
36.8175 9.0306 1.2931 -3.7493 39.6992 0.0 8900.0
36.8241 9.0273 1.2221 -3.7493 39.6992 0.0 8916.6667
36.8301 9.0243 1.1582 -3.7493 39.6992 0.0 8933.3333
36.8364 9.0212 1.0914 -3.7493 39.6992 0.0 8950.0
36.8431 9.0179 1.0196 -3.7493 39.7141 0.0 8966.6667
36.8486 9.0151 0.9597 -3.7493 39.7597 0.0 8983.3333
36.8553 9.0117 0.8877 -3.7493 39.7992 0.0 9000.0
36.8616 9.0086 0.819 -3.7493 39.81 0.0 9016.6667
36.8678 9.0054 0.7501 -3.7493 39.8492 0.0 9033.3333
36.8744 9.0021 0.6791 -3.7493 39.8491 0.0 9050.0
36.8813 8.9985 0.6023 -3.7493 39.8491 0.0 9066.6667
36.8877 8.9952 0.5331 -3.7493 39.8491 0.0 9083.3333
36.8944 8.9919 0.4601 -3.7493 39.8491 0.0 9100.0
36.9006 8.9887 0.3912 -3.7493 39.8903 0.0 9116.6667
36.9066 8.9855 0.3232 -3.7493 39.9991 0.0 9133.3333
36.9125 8.9824 0.2567 -3.7493 40.0554 0.0 9150.0
36.9185 8.979 0.183 -3.7493 40.4177 0.0 9166.6667
36.9234 8.9759 0.1149 -3.7493 40.9078 0.0 9183.3333
36.9282 8.9725 0.0435 -3.7493 41.2091 0.0 9200.0
36.9329 8.969 -0.0322 -3.7493 41.5528 0.0 9216.6667
36.9364 8.9659 -0.0979 -3.7493 41.9115 0.0 9233.3333
36.9401 8.9625 -0.1716 -3.7493 42.2078 0.0 9250.0
36.9433 8.9594 -0.2413 -3.7493 42.4335 0.0 9266.6667
36.9465 8.9559 -0.3151 -3.7239 42.6256 -0.0001 9283.3333
36.949 8.9529 -0.3822 -3.6272 42.9047 -0.0001 9300.0
36.9513 8.95 -0.4499 -3.5315 43.1258 0.0 9316.6667
36.9537 8.9467 -0.5279 -3.4238 43.3001 0.0 9333.3333
36.9555 8.9438 -0.5956 -3.3493 43.4726 0.0 9350.0
36.9574 8.9409 -0.6667 -3.3493 43.5605 0.0 9366.6667
36.9591 8.9379 -0.7389 -3.3493 43.6232 0.0 9383.3333
36.9607 8.9352 -0.8041 -3.3317 43.7431 0.0 9400.0
36.962 8.9324 -0.8747 -3.2493 43.949 0.0 9416.6667
36.9634 8.9295 -0.9483 -3.2493 43.9686 0.0 9433.3333
36.9646 8.9267 -1.0165 -3.2493 44.049 0.0 9450.0
36.9657 8.9241 -1.0825 -3.2493 44.0595 0.0 9466.6667
36.9668 8.9211 -1.1576 -3.2493 44.1958 0.0 9483.3333
36.9675 8.918 -1.2349 -3.2493 44.5079 0.0 9500.0
36.968 8.9152 -1.3032 -3.2493 44.7315 0.0 9516.6667
36.9681 8.9124 -1.3732 -3.2493 44.8589 0.0 9533.3333
36.9683 8.9097 -1.4419 -3.2493 44.8992 0.0 9550.0
36.9685 8.907 -1.5077 -3.2493 44.9041 0.0 9566.6667
36.9686 8.9043 -1.5773 -3.2493 44.961 0.0 9583.3333
36.9685 8.9014 -1.647 -3.2493 45.1055 0.0 9600.0
36.9684 8.8985 -1.7208 -3.2493 45.209 0.0 9616.6667
36.968 8.8957 -1.7897 -3.2493 45.3032 0.0 9633.3333
36.9677 8.8929 -1.8599 -3.2493 45.3525 0.0 9650.0
36.9671 8.8898 -1.9376 -3.2493 45.4066 0.0 9666.6667
36.9667 8.8872 -2.0024 -3.2493 45.4649 0.0 9683.3333
36.966 8.8844 -2.0722 -3.2493 45.6668 0.0 9700.0
36.9648 8.8816 -2.1418 -3.2534 45.9721 0.0 9716.6667
36.9629 8.8786 -2.2154 -3.3532 46.5306 0.0 9733.3333
36.9606 8.8756 -2.2849 -3.4024 46.9522 0.0 9750.0
36.9571 8.8725 -2.359 -3.4545 47.8115 0.0 9766.6667
36.9528 8.8693 -2.4317 -3.4993 48.401 0.0 9783.3333
36.9485 8.8665 -2.4968 -3.4993 48.7785 0.0 9800.0
36.9434 8.8635 -2.5667 -3.4993 49.258 0.0 9816.6667
36.9374 8.8602 -2.6444 -3.4993 49.4696 0.0 9833.3333
36.9319 8.8571 -2.7135 -3.4993 49.6178 0.0 9850.0
36.9258 8.8539 -2.787 -3.4993 49.7726 0.0 9866.6667
36.92 8.851 -2.8557 -3.4993 49.9403 0.0 9883.3333
36.9135 8.8479 -2.9251 -3.4993 50.3638 0.0 9900.0
36.9054 8.845 -2.994 -3.5089 51.7903 0.0002 9916.6667
36.8949 8.8418 -3.0628 -3.6074 53.7366 0.0003 9933.3333
36.8809 8.8385 -3.1353 -3.7108 56.0226 0.0003 9950.0
36.8657 8.8352 -3.202 -3.7993 57.8745 0.0 9966.6667
36.85 8.8323 -3.2619 -3.7993 59.6289 0.0 9983.3333
36.8307 8.8289 -3.3328 -3.7993 60.2991 0.0 10000.0
36.8095 8.8253 -3.4082 -3.7993 60.8088 0.0 10016.6667
36.7907 8.822 -3.4743 -3.7993 60.9028 0.0 10033.3333
36.7727 8.8189 -3.5374 -3.7993 60.9491 0.0 10050.0
36.7537 8.8157 -3.6041 -3.7993 60.9491 0.0 10066.6667
36.7335 8.8122 -3.6751 -3.7993 61.0002 0.0 10083.3333
36.7144 8.809 -3.7418 -3.7993 61.0492 0.0 10100.0
36.6939 8.8055 -3.8127 -3.7993 61.1512 0.0 10116.6667
36.6746 8.8022 -3.8792 -3.7983 61.2012 0.0 10133.3333
36.6552 8.799 -3.946 -3.7493 61.2992 0.0 10150.0
36.6345 8.7957 -4.0166 -3.7475 61.403 0.0 10166.6667
36.616 8.7926 -4.0792 -3.7012 61.4956 0.0 10183.3333
36.5937 8.7891 -4.1542 -3.6965 61.6576 0.0 10200.0
36.575 8.7862 -4.2166 -3.6502 61.7964 0.0 10216.6667
36.5549 8.783 -4.2826 -3.6013 61.9433 0.0 10233.3333
36.5321 8.7796 -4.3573 -3.5493 62.0545 0.0 10250.0
36.5141 8.7769 -4.4159 -3.5493 62.1423 0.0 10266.6667
36.491 8.7736 -4.4903 -3.4993 62.2502 0.0 10283.3333
36.4694 8.7704 -4.5601 -3.4993 62.2992 0.0 10300.0
36.4512 8.7677 -4.6188 -3.4993 62.2992 0.0 10316.6667
36.4278 8.7644 -4.6932 -3.4484 62.4021 0.0 10333.3333
36.4071 8.7616 -4.7593 -3.3994 62.5492 0.0 10350.0
36.3846 8.7586 -4.8296 -3.2416 62.809 0.0 10366.6667
36.3631 8.756 -4.8956 -3.0465 63.0529 0.0 10383.3333
36.3427 8.7536 -4.9578 -2.9078 63.2381 0.0 10400.0
36.3207 8.7513 -5.0234 -2.7151 63.4796 -0.0001 10416.6667
36.2971 8.7491 -5.0932 -2.5078 63.7868 0.0 10433.3333
36.273 8.7469 -5.163 -2.3494 64.0493 0.0 10450.0
36.2502 8.745 -5.2287 -2.2023 64.1964 0.0 10466.6667
36.227 8.7433 -5.2944 -2.0073 64.4394 0.0 10483.3333
36.2051 8.7419 -5.3559 -1.8217 64.6271 -0.0001 10500.0
36.1798 8.7405 -5.4249 -1.4329 65.1076 -0.0003 10516.6667
36.1556 8.7394 -5.4901 -1.2642 65.3748 -0.0001 10533.3333
36.1293 8.7385 -5.5591 -0.9215 65.8681 -0.0002 10550.0
36.1056 8.7381 -5.62 -0.6386 66.291 -0.0003 10566.6667
36.077 8.7377 -5.692 -0.3606 66.6836 -0.0001 10583.3333
36.0492 8.7376 -5.7608 -0.0994 66.9992 0.0 10600.0
36.0257 8.7377 -5.8183 0.0321 67.1746 -0.0001 10616.6667
35.9998 8.7378 -5.8812 0.2612 67.41 -0.0002 10633.3333
35.9712 8.7383 -5.9496 0.4755 67.668 -0.0001 10650.0
35.9444 8.7389 -6.0134 0.7161 67.915 -0.0002 10666.6667
35.9136 8.7399 -6.0854 0.9417 68.1403 0.0 10683.3333
35.8874 8.7407 -6.1461 1.0839 68.2825 -0.0001 10700.0
35.8601 8.7417 -6.2093 1.1437 68.3423 0.0 10716.6667
35.8324 8.7426 -6.2734 1.1506 68.3493 0.0 10733.3333
35.8051 8.7436 -6.3367 1.1506 68.3493 0.0 10750.0
35.7759 8.7447 -6.4046 1.1506 68.3493 0.0 10766.6667
35.7484 8.7457 -6.4681 1.1506 68.3493 0.0 10783.3333
35.7175 8.7468 -6.5398 1.1506 68.3493 0.0 10800.0
35.6896 8.7479 -6.6041 1.2427 68.4875 0.0 10816.6667
35.6617 8.7491 -6.6679 1.4309 68.6346 -0.0001 10833.3333
35.6351 8.7504 -6.728 1.5755 68.816 -0.0001 10850.0
35.6073 8.7518 -6.7908 1.681 68.9298 0.0 10866.6667
35.5778 8.7534 -6.8572 1.7423 68.9911 0.0 10883.3333
35.5456 8.7551 -6.9293 1.7506 69.0927 0.0 10900.0
35.5198 8.7565 -6.9869 1.7918 69.0994 0.0 10916.6667
35.4923 8.758 -7.0482 1.8398 69.1386 0.0 10933.3333
35.4624 8.7597 -7.1151 1.8913 69.2307 0.0 10950.0
35.4298 8.7616 -7.1862 1.9462 69.386 0.0 10966.6667
35.4012 8.7634 -7.2524 2.0409 69.5347 0.0 10983.3333
35.3622 8.765 -7.2719 2.1296 69.6678 -0.0001 11000.0
35.3137 8.767 -7.2873 2.2298 69.7786 0.0 11016.6667
35.2666 8.7691 -7.3051 2.3291 69.8778 0.0 11033.3333
35.2219 8.7711 -7.3212 2.3889 69.9376 0.0 11050.0
35.1671 8.7735 -7.3412 2.4912 70.0399 0.0 11066.6667
35.1199 8.7758 -7.3583 2.5458 70.0945 0.0 11083.3333
35.0765 8.7779 -7.3739 2.634 70.1827 0.0 11100.0
35.0308 8.7802 -7.3903 2.6909 70.2396 0.0 11116.6667
34.9822 8.7826 -7.4078 2.7007 70.2495 0.0 11133.3333
34.9328 8.7851 -7.4255 2.7007 70.2495 0.0 11150.0
34.8862 8.7875 -7.4422 2.7007 70.2495 0.0 11166.6667
34.8404 8.7897 -7.4588 2.7007 70.2495 0.0 11183.3333
34.7913 8.7922 -7.4763 2.7007 70.2495 0.0 11200.0
34.7448 8.7945 -7.493 2.7007 70.2495 0.0 11216.6667
34.6987 8.7968 -7.5096 2.7007 70.2495 0.0 11233.3333
34.6521 8.7992 -7.5264 2.7007 70.2495 0.0 11250.0
34.6091 8.8013 -7.5417 2.7007 70.2495 0.0 11266.6667
34.5579 8.8039 -7.5601 2.7007 70.2495 0.0 11283.3333
34.5109 8.8063 -7.577 2.7007 70.2495 0.0 11300.0
34.4622 8.8087 -7.5944 2.7007 70.2495 0.0 11316.6667
34.4156 8.811 -7.6112 2.7007 70.2495 0.0 11333.3333
34.3691 8.8134 -7.6279 2.7007 70.2495 0.0 11350.0
34.3261 8.8155 -7.6433 2.7007 70.2495 0.0 11366.6667
34.2749 8.8181 -7.6618 2.7007 70.2495 0.0 11383.3333
34.2302 8.8204 -7.6778 2.7007 70.2495 0.0 11400.0
34.1823 8.8227 -7.695 2.7007 70.2495 0.0 11416.6667
34.1354 8.8251 -7.7118 2.7007 70.2495 0.0 11433.3333
34.087 8.8275 -7.7292 2.7007 70.2495 0.0 11450.0
34.0396 8.8298 -7.7462 2.7007 70.2093 0.0 11466.6667
33.9969 8.832 -7.7617 2.7007 70.1995 0.0 11483.3333
33.9459 8.8345 -7.78 2.7007 70.1996 0.0 11500.0
33.8985 8.8369 -7.7971 2.7007 70.1996 0.0 11516.6667
33.8526 8.8393 -7.8136 2.7007 70.1604 0.0 11533.3333
33.8066 8.8415 -7.8302 2.7007 70.1496 0.0 11550.0
33.7578 8.844 -7.8479 2.7007 70.1496 0.0 11566.6667
33.711 8.8464 -7.8648 2.7007 70.1496 0.0 11583.3333
33.665 8.8487 -7.8814 2.7007 70.1496 0.0 11600.0
33.6186 8.851 -7.8981 2.7007 70.1496 0.0 11616.6667
33.5729 8.8533 -7.9146 2.7007 70.1496 0.0 11633.3333
33.5239 8.8557 -7.9322 2.7007 70.1495 0.0 11650.0
33.4791 8.858 -7.9485 2.7007 70.1143 0.0 11666.6667
33.4344 8.8602 -7.9647 2.7007 70.0995 0.0 11683.3333
33.386 8.8626 -7.9822 2.6663 70.0651 0.0 11700.0
33.3364 8.8651 -8.0002 2.6507 70.0494 0.0 11716.6667
33.2902 8.8672 -8.0171 2.5054 69.868 -0.0003 11733.3333
33.2411 8.8693 -8.0354 2.3005 69.6494 -0.0002 11750.0
33.1996 8.871 -8.0509 2.0838 69.4993 -0.0002 11766.6667
33.1505 8.8725 -8.0695 1.69 69.2426 -0.0007 11783.3333
33.1062 8.8737 -8.0865 1.4559 69.0861 -0.0001 11800.0
33.0621 8.8748 -8.1034 1.3705 69.0191 0.0 11816.6667
33.0101 8.8761 -8.1233 1.3507 68.9993 0.0 11833.3333
32.9604 8.8774 -8.1424 1.3507 68.9993 0.0 11850.0
32.9135 8.8786 -8.1604 1.3507 68.9993 0.0 11866.6667
32.8716 8.8797 -8.1765 1.3507 68.9993 0.0 11883.3333
32.8287 8.8807 -8.1929 1.3507 68.9993 0.0 11900.0
32.7783 8.882 -8.2123 1.3507 68.9993 0.0 11916.6667
32.728 8.8833 -8.2316 1.3507 68.9993 0.0 11933.3333
32.6817 8.8844 -8.2494 1.3507 68.9993 0.0 11950.0
32.6358 8.8856 -8.267 1.3507 68.9993 0.0 11966.6667
32.5903 8.8867 -8.2845 1.3174 68.9993 0.0 11983.3333
32.542 8.8878 -8.303 1.1632 68.9649 -0.0001 12000.0
32.4955 8.8886 -8.3209 0.8948 68.9493 0.0 12016.6667
32.4475 8.8892 -8.3394 0.6944 68.9139 0.0 12033.3333
32.4008 8.8897 -8.3575 0.5448 68.8992 0.0 12050.0
32.3544 8.89 -8.3754 0.2948 68.8992 0.0 12066.6667
32.3133 8.89 -8.3913 0.0515 68.8694 -0.0001 12083.3333
32.266 8.8898 -8.4096 -0.1393 68.8492 0.0 12100.0
32.2151 8.8896 -8.4293 -0.2326 68.8492 0.0 12116.6667
32.1686 8.8894 -8.4472 -0.2493 68.8492 0.0 12133.3333
32.1234 8.8892 -8.4647 -0.2493 68.8492 0.0 12150.0
32.0748 8.889 -8.4835 -0.2493 68.8492 0.0 12166.6667
32.0303 8.8887 -8.5007 -0.2493 68.8492 0.0 12183.3333
31.9837 8.8885 -8.5188 -0.2493 68.8492 0.0 12200.0
31.9367 8.8883 -8.5369 -0.2493 68.8492 0.0 12216.6667
31.889 8.888 -8.5555 -0.3139 68.8169 0.0 12233.3333
31.8424 8.8877 -8.5735 -0.414 68.7669 0.0 12250.0
31.7943 8.8872 -8.5923 -0.516 68.716 0.0 12266.6667
31.7493 8.8867 -8.6099 -0.6439 68.6048 -0.0001 12283.3333
31.7055 8.8859 -8.6273 -0.8763 68.3433 -0.0006 12300.0
31.6579 8.8849 -8.6466 -1.1509 67.9575 -0.0006 12316.6667
31.6091 8.8837 -8.6666 -1.3463 67.67 -0.0002 12333.3333
31.5629 8.8824 -8.6858 -1.464 67.5021 -0.0001 12350.0
31.5176 8.881 -8.7047 -1.5621 67.3551 -0.0001 12366.6667
31.4726 8.8797 -8.7236 -1.6297 67.2081 0.0 12383.3333
31.4254 8.8782 -8.7435 -1.6806 67.0868 0.0 12400.0
31.3784 8.8766 -8.7634 -1.6993 67.0493 0.0 12416.6667
31.3358 8.8753 -8.7815 -1.728 66.9632 0.0 12433.3333
31.29 8.8737 -8.8012 -1.7775 66.7305 -0.0001 12450.0
31.2432 8.8721 -8.8216 -1.8278 66.4856 -0.0001 12466.6667
31.1988 8.8705 -8.8411 -1.8493 66.262 0.0 12483.3333
31.1524 8.8689 -8.8618 -1.8775 66.0087 -0.0001 12500.0
31.104 8.8671 -8.8837 -1.9297 65.5972 -0.0001 12516.6667
31.0605 8.8654 -8.9039 -1.9783 64.9974 -0.0002 12533.3333
31.0163 8.8637 -8.9252 -1.9994 64.4181 0.0 12550.0
30.9686 8.8618 -8.9486 -2.0298 63.7764 -0.0002 12566.6667
30.9239 8.86 -8.9712 -2.0799 63.1954 -0.0001 12583.3333
30.8804 8.8582 -8.9937 -2.129 62.4111 -0.0002 12600.0
30.8376 8.8563 -9.0175 -2.2064 61.6866 -0.0002 12616.6667
30.7929 8.8543 -9.0398 -2.2493 61.2571 0.0 12633.3333
30.7566 8.8525 -9.0685 -2.2744 60.9243 -0.0001 12650.0
30.6944 8.8503 -9.0683 -2.3268 60.5029 -0.0001 12666.6667
30.6209 8.8482 -9.0457 -2.3493 60.1844 0.0 12683.3333
30.5585 8.8462 -9.0299 -2.3758 59.9668 -0.0001 12700.0
30.49 8.8441 -9.0115 -2.3993 59.7472 0.0 12716.6667
30.4236 8.8421 -8.9944 -2.3993 59.5022 0.0 12733.3333
30.3535 8.84 -8.9766 -2.4243 59.2493 0.0 12750.0
30.2841 8.8378 -8.9592 -2.4493 59.0473 0.0 12766.6667
30.2147 8.8355 -8.942 -2.4754 58.8451 0.0 12783.3333
30.1446 8.8334 -8.9249 -2.4993 58.6434 0.0 12800.0
30.0781 8.8313 -8.9091 -2.5249 58.3708 -0.0001 12816.6667
30.0082 8.829 -8.8929 -2.5493 58.043 0.0 12833.3333
29.9353 8.8267 -8.8763 -2.5493 57.7867 0.0 12850.0
29.8661 8.8244 -8.8608 -2.5493 57.614 0.0 12866.6667
29.7975 8.8222 -8.8456 -2.5493 57.4669 0.0 12883.3333
29.7348 8.8202 -8.8319 -2.5493 57.3282 0.0 12900.0
29.6694 8.8181 -8.8177 -2.5493 57.2076 0.0 12916.6667
29.5988 8.8158 -8.8026 -2.5709 57.0199 -0.0001 12933.3333
29.5269 8.8134 -8.7876 -2.5993 56.8026 0.0 12950.0
29.4531 8.811 -8.7723 -2.5993 56.6218 0.0 12966.6667
29.3869 8.8088 -8.7591 -2.5993 56.3032 0.0 12983.3333
29.3153 8.8065 -8.7452 -2.5993 55.9243 0.0 13000.0
29.2472 8.8043 -8.7325 -2.5993 55.5326 0.0 13016.6667
29.1803 8.8021 -8.7206 -2.5533 55.116 0.0002 13033.3333
29.105 8.7998 -8.7076 -2.4993 54.7993 0.0 13050.0
29.0403 8.7977 -8.6965 -2.4993 54.5852 0.0 13066.6667
28.9726 8.7956 -8.6856 -2.4568 54.1115 0.0003 13083.3333
28.8976 8.7934 -8.6744 -2.3521 53.4611 0.0001 13100.0
28.8279 8.7915 -8.6647 -2.2512 52.9378 0.0002 13116.6667
28.7558 8.7896 -8.6552 -2.1502 52.4768 0.0001 13133.3333
28.6881 8.7878 -8.6466 -2.0993 52.2317 0.0 13150.0
28.6164 8.786 -8.638 -2.0271 51.7878 0.0003 13166.6667
28.5449 8.7843 -8.6302 -1.9002 51.2287 0.0002 13183.3333
28.4755 8.7828 -8.6231 -1.8021 50.7875 0.0002 13200.0
28.4093 8.7814 -8.6169 -1.7066 50.3789 0.0001 13216.6667
28.3391 8.78 -8.6109 -1.607 49.9382 0.0002 13233.3333
28.2611 8.7785 -8.6047 -1.4993 49.5243 0.0001 13250.0
28.1905 8.7772 -8.5994 -1.4494 49.2719 0.0 13266.6667
28.1212 8.776 -8.5945 -1.4248 49.0269 0.0 13283.3333
28.0524 8.7748 -8.5899 -1.3993 48.8053 0.0 13300.0
27.9806 8.7736 -8.5854 -1.3513 48.5557 0.0001 13316.6667
27.9084 8.7724 -8.5815 -1.2993 48.1053 0.0 13333.3333
27.8396 8.7714 -8.5784 -1.2993 47.6347 0.0 13350.0
27.7697 8.7702 -8.5754 -1.2993 47.269 0.0 13366.6667
27.7011 8.7692 -8.5738 -1.2561 46.8984 0.0001 13383.3333
27.6283 8.7681 -8.5692 -1.1993 46.5347 0.0 13400.0
27.5728 8.7671 -8.5799 -1.1993 46.2253 0.0 13416.6667
27.5419 8.7661 -8.6175 -1.1993 46.0494 0.0 13433.3333
27.5042 8.765 -8.6521 -1.1993 45.9318 0.0 13450.0
27.4676 8.764 -8.6881 -1.1993 45.8806 0.0 13466.6667
27.429 8.7628 -8.7256 -1.1993 45.7632 0.0 13483.3333
27.3946 8.7619 -8.7594 -1.1993 45.5877 0.0 13500.0
27.3596 8.7608 -8.7938 -1.1993 45.4995 0.0 13516.6667
27.3233 8.7598 -8.8295 -1.2191 45.4402 0.0 13533.3333
27.2879 8.7587 -8.8645 -1.2493 45.3107 0.0 13550.0
27.2542 8.7576 -8.898 -1.2493 45.1787 0.0 13566.6667
27.2165 8.7565 -8.9357 -1.2493 45.01 0.0 13583.3333
27.181 8.7554 -8.9713 -1.2493 44.8467 0.0 13600.0
27.1451 8.7542 -9.0077 -1.2493 44.6371 0.0 13616.6667
27.1116 8.7532 -9.0418 -1.2493 44.5495 0.0 13633.3333
27.0784 8.7521 -9.0756 -1.2493 44.5328 0.0 13650.0
27.0416 8.751 -9.1129 -1.2493 44.4995 0.0 13666.6667
27.0109 8.75 -9.1443 -1.2493 44.4182 0.0 13683.3333
26.9728 8.7489 -9.1836 -1.2493 44.1662 0.0 13700.0
26.9354 8.7478 -9.2223 -1.2493 44.0407 0.0 13716.6667
26.9031 8.7467 -9.2557 -1.2493 43.9495 0.0 13733.3333
26.8687 8.7456 -9.2914 -1.2493 43.9495 0.0 13750.0
26.8311 8.7445 -9.3304 -1.2493 43.9495 0.0 13766.6667
26.7976 8.7434 -9.3652 -1.2493 43.9495 0.0 13783.3333
26.7639 8.7423 -9.4002 -1.2493 43.9495 0.0 13800.0
26.7318 8.7413 -9.4334 -1.2493 43.9632 0.0 13816.6667
26.6959 8.7402 -9.4706 -1.2493 44.0428 0.0 13833.3333
26.6589 8.739 -9.5086 -1.2493 44.3162 0.0 13850.0
26.626 8.738 -9.5416 -1.2493 44.8245 0.0 13866.6667
26.5878 8.7368 -9.5792 -1.2493 45.4328 0.0 13883.3333
26.5522 8.7357 -9.6136 -1.2493 45.9495 0.0 13900.0
26.5175 8.7347 -9.6465 -1.2493 46.5266 0.0 13916.6667
26.4797 8.7336 -9.6812 -1.2199 47.4811 -0.0003 13933.3333
26.4456 8.7327 -9.7117 -1.1493 48.3614 0.0 13950.0
26.4068 8.7317 -9.7448 -1.1252 49.4774 -0.0004 13966.6667
26.3636 8.7307 -9.7796 -1.0493 51.1329 0.0 13983.3333
26.3236 8.7298 -9.8107 -1.0493 52.082 0.0 14000.0
26.2844 8.7289 -9.8404 -1.0493 52.8329 0.0 14016.6667
26.2456 8.728 -9.8692 -1.0198 53.4626 -0.0002 14033.3333
26.208 8.7272 -9.8965 -0.9493 54.0144 0.0 14050.0
26.1669 8.7264 -9.9256 -0.9265 54.6757 -0.0001 14066.6667
26.1248 8.7257 -9.9549 -0.8493 55.2144 0.0 14083.3333
26.0829 8.7249 -9.9833 -0.8493 55.7496 0.0 14100.0
26.0375 8.7241 -10.0135 -0.8493 56.4664 0.0 14116.6667
25.9969 8.7234 -10.0398 -0.8493 56.9409 0.0 14133.3333
25.9559 8.7227 -10.0662 -0.8493 57.333 0.0 14150.0
25.9169 8.722 -10.0909 -0.8278 57.6144 -0.0001 14166.6667
25.8737 8.7213 -10.1179 -0.7493 57.9275 0.0 14183.3333
25.8274 8.7206 -10.1466 -0.72 58.2732 -0.0001 14200.0
25.7861 8.7202 -10.1718 -0.6493 58.5046 0.0 14216.6667
25.7441 8.7195 -10.1974 -0.6493 58.7261 0.0 14233.3333
25.7012 8.719 -10.2231 -0.6244 59.0746 -0.0002 14250.0
25.6566 8.7185 -10.2491 -0.5221 59.6967 -0.0003 14266.6667
25.6134 8.7181 -10.2736 -0.4224 60.4715 -0.0002 14283.3333
25.5681 8.7178 -10.2988 -0.3201 61.0202 -0.0003 14300.0
25.5254 8.7176 -10.3218 -0.2493 61.7006 0.0 14316.6667
25.4809 8.7175 -10.3451 -0.2226 62.384 -0.0004 14333.3333
25.4344 8.7174 -10.368 -0.078 63.8555 -0.0025 14350.0
25.3906 8.7175 -10.3874 0.1259 66.0552 -0.0008 14366.6667
25.3472 8.7176 -10.405 0.229 67.9114 -0.0012 14383.3333
25.3009 8.718 -10.4218 0.3758 70.0584 -0.0015 14400.0
25.2534 8.7185 -10.4367 0.5007 72.4329 0.0 14416.6667
25.2039 8.7189 -10.4511 0.5007 73.8774 0.0 14433.3333
25.1594 8.7193 -10.4628 0.5007 75.2408 0.0 14450.0
25.1111 8.7197 -10.4743 0.5106 76.4715 -0.0006 14466.6667
25.0598 8.7203 -10.4852 0.6007 78.0517 0.0 14483.3333
25.0086 8.7208 -10.4954 0.6007 78.7246 0.0 14500.0
24.9575 8.7214 -10.5052 0.6007 79.0927 0.0 14516.6667
24.9104 8.7219 -10.5142 0.6007 79.2774 0.0 14533.3333
24.8637 8.7224 -10.5229 0.6007 79.4063 0.0 14550.0
24.8094 8.7229 -10.533 0.6007 79.4495 0.0 14566.6667
24.7619 8.7235 -10.5419 0.6007 79.4495 0.0 14583.3333
24.7135 8.724 -10.5508 0.6007 79.4495 0.0 14600.0
24.6647 8.7245 -10.5599 0.6007 79.4495 0.0 14616.6667
24.6133 8.725 -10.5695 0.6007 79.4495 0.0 14633.3333
24.566 8.7256 -10.5783 0.6007 79.4495 0.0 14650.0
24.5198 8.726 -10.5869 0.6007 79.4495 0.0 14666.6667
24.4687 8.7266 -10.5965 0.6007 79.4564 0.0 14683.3333
24.4198 8.7271 -10.6055 0.6007 79.4996 0.0 14700.0
24.3656 8.7277 -10.6155 0.6007 79.5104 0.0 14716.6667
24.3179 8.7282 -10.6243 0.6007 79.5594 0.0 14733.3333
24.2699 8.7287 -10.633 0.6007 79.6163 0.0 14750.0
24.2239 8.7291 -10.6417 0.5955 79.7152 0.0 14766.6667
24.1724 8.7297 -10.6497 0.5507 79.8633 0.0 14783.3333
24.1252 8.7302 -10.6623 0.5452 79.9718 0.0 14800.0
24.0878 8.7306 -10.7185 0.5007 80.1614 0.0 14816.6667
24.0473 8.731 -10.7752 0.4995 80.4579 0.0 14833.3333
23.9986 8.7315 -10.8427 0.442 80.8525 0.0001 14850.0
23.9585 8.7317 -10.8975 0.393 81.1467 0.0001 14866.6667
23.9169 8.732 -10.9538 0.3507 81.4408 0.0 14883.3333
23.8755 8.7323 -11.0094 0.3449 81.7349 0.0001 14900.0
23.8333 8.7326 -11.0652 0.3007 82.0465 0.0 14916.6667
23.7883 8.7329 -11.1239 0.3007 82.4977 0.0 14933.3333
23.7464 8.7331 -11.1778 0.3007 82.8275 0.0 14950.0
23.7055 8.7334 -11.2301 0.2985 83.0564 0.0 14966.6667
23.6573 8.7336 -11.2912 0.2507 83.2062 0.0 14983.3333
23.617 8.7338 -11.3424 0.2507 83.2498 0.0 15000.0
23.5712 8.7341 -11.4006 0.2507 83.2498 0.0 15016.6667
23.5281 8.7343 -11.4551 0.2507 83.2498 0.0 15033.3333
23.4825 8.7345 -11.5131 0.2507 83.2498 0.0 15050.0
23.4393 8.7347 -11.5675 0.2507 83.2498 0.0 15066.6667
23.3942 8.7349 -11.6264 0.2507 83.2498 0.0 15083.3333
23.3533 8.7352 -11.6749 0.2507 83.2498 0.0 15100.0
23.3012 8.7354 -11.6794 0.2507 83.2498 0.0 15116.6667
23.2524 8.7356 -11.6858 0.2507 83.254 0.0 15133.3333
23.2006 8.7358 -11.6918 0.2507 83.2998 0.0 15150.0
23.1519 8.736 -11.6975 0.2507 83.2998 0.0 15166.6667
23.1033 8.7363 -11.7032 0.2507 83.2998 0.0 15183.3333
23.0573 8.7365 -11.7086 0.2507 83.2998 0.0 15200.0
23.0022 8.7367 -11.7151 0.2507 83.3047 0.0 15216.6667
22.9538 8.7369 -11.7207 0.2507 83.3498 0.0 15233.3333
22.9048 8.7371 -11.7264 0.2507 83.3527 0.0 15250.0
22.8561 8.7373 -11.7321 0.2507 83.3997 0.0 15266.6667
22.8102 8.7376 -11.7374 0.2507 83.3997 0.0 15283.3333
22.7583 8.7378 -11.7434 0.2507 83.3997 0.0 15300.0
22.7096 8.738 -11.749 0.2507 83.3997 0.0 15316.6667
22.6545 8.7382 -11.7549 0.2507 83.3997 0.0 15333.3333
22.6065 8.7384 -11.7624 0.2507 83.3997 0.0 15350.0
22.5658 8.7387 -11.815 0.2507 83.3997 0.0 15366.6667
22.5172 8.7389 -11.8763 0.2507 83.3997 0.0 15383.3333
22.4768 8.7391 -11.9275 0.2507 83.3997 0.0 15400.0
22.4307 8.7393 -11.9854 0.2507 83.3997 0.0 15416.6667
22.3878 8.7395 -12.0397 0.2507 83.3997 0.0 15433.3333
22.3497 8.7398 -12.0878 0.2507 83.3997 0.0 15450.0
22.3014 8.74 -12.1487 0.2507 83.3997 0.0 15466.6667
22.2555 8.7402 -12.2066 0.2507 83.3997 0.0 15483.3333
22.2123 8.7404 -12.2611 0.2507 83.3997 0.0 15500.0
22.1718 8.7406 -12.3121 0.2507 83.3997 0.0 15516.6667
22.1233 8.7408 -12.3735 0.2507 83.3997 0.0 15533.3333
22.0801 8.7411 -12.4279 0.2507 83.3997 0.0 15550.0
22.0342 8.7413 -12.4857 0.2507 83.3997 0.0 15566.6667
21.9912 8.7415 -12.5403 0.2507 83.3997 0.0 15583.3333
21.9479 8.7417 -12.5947 0.2507 83.3997 0.0 15600.0
21.899 8.7419 -12.6005 0.2507 83.3997 0.0 15616.6667
21.8501 8.7422 -12.6059 0.2507 83.3997 0.0 15633.3333
21.8014 8.7424 -12.6117 0.2507 83.3997 0.0 15650.0
21.7495 8.7426 -12.6177 0.2507 83.3997 0.0 15666.6667
21.7006 8.7428 -12.6233 0.2507 83.3997 0.0 15683.3333
21.6517 8.743 -12.629 0.2507 83.3997 0.0 15700.0
21.6057 8.7432 -12.6343 0.2507 83.3997 0.0 15716.6667
21.5547 8.7435 -12.6402 0.2507 83.3997 0.0 15733.3333
21.4994 8.7437 -12.6466 0.2507 83.3997 0.0 15750.0
21.4504 8.7439 -12.6523 0.2507 83.3997 0.0 15766.6667
21.4018 8.7441 -12.6579 0.2507 83.3997 0.0 15783.3333
21.3482 8.7443 -12.6641 0.2507 83.3997 0.0 15800.0
21.2977 8.7446 -12.6699 0.2507 83.3997 0.0 15816.6667
21.2472 8.7448 -12.6758 0.2507 83.3997 0.0 15833.3333
21.1994 8.745 -12.6813 0.2507 83.3997 0.0 15850.0
21.1499 8.7452 -12.687 0.2507 83.3997 0.0 15866.6667
21.0929 8.7455 -12.6936 0.2507 83.3997 0.0 15883.3333
21.0423 8.7457 -12.6994 0.2507 83.3997 0.0 15900.0
20.9888 8.7459 -12.7057 0.2507 83.3997 0.0 15916.6667
20.9441 8.7462 -12.7108 0.2507 83.3997 0.0 15933.3333
20.8883 8.7464 -12.7173 0.2507 83.3997 0.0 15950.0
20.8343 8.7466 -12.7236 0.2507 83.3997 0.0 15966.6667
20.7894 8.7468 -12.7287 0.2507 83.3997 0.0 15983.3333
20.737 8.7471 -12.7348 0.2507 83.3997 0.0 16000.0
20.6828 8.7473 -12.741 0.2507 83.3997 0.0 16016.6667
20.6356 8.7475 -12.7465 0.2507 83.3997 0.0 16033.3333
20.5792 8.7477 -12.753 0.2507 83.3997 0.0 16050.0
20.5307 8.748 -12.7587 0.2507 83.3997 0.0 16066.6667
20.4845 8.7482 -12.7639 0.2507 83.3997 0.0 16083.3333
20.428 8.7484 -12.7706 0.2507 83.3997 0.0 16100.0
20.38 8.7486 -12.7759 0.2507 83.3997 0.0 16116.6667
20.3242 8.7489 -12.7831 0.2507 83.3997 0.0 16133.3333
20.2728 8.7491 -12.7858 0.2507 83.3997 0.0 16150.0
20.2251 8.7493 -12.8413 0.2507 83.3997 0.0 16166.6667
20.1803 8.7496 -12.8988 0.2507 83.3997 0.0 16183.3333
20.1359 8.7498 -12.9545 0.2507 83.3997 0.0 16200.0
20.0886 8.75 -13.0142 0.2507 83.3997 0.0 16216.6667
20.0434 8.7502 -13.0712 0.2507 83.3997 0.0 16233.3333
20.004 8.7504 -13.121 0.2507 83.3997 0.0 16250.0
19.9576 8.7507 -13.1795 0.2507 83.4394 0.0 16266.6667
19.9129 8.7508 -13.2357 0.2507 83.4498 0.0 16283.3333
19.8627 8.7512 -13.2989 0.2507 83.4931 0.0 16300.0
19.8203 8.7514 -13.3521 0.2507 83.4998 0.0 16316.6667
19.7704 8.7516 -13.4149 0.2507 83.4998 0.0 16333.3333
19.7303 8.7517 -13.4653 0.2507 83.4998 0.0 16350.0
19.6803 8.7521 -13.5282 0.2507 83.4998 0.0 16366.6667
19.6329 8.7523 -13.5877 0.2507 83.4998 0.0 16383.3333
19.5871 8.7525 -13.6457 0.2507 83.4998 0.0 16400.0
19.5409 8.7527 -13.7022 0.2507 83.4998 0.0 16416.6667
19.4927 8.753 -13.7675 0.2507 83.4998 0.0 16433.3333
19.4405 8.7532 -13.7811 0.2507 83.4998 0.0 16450.0
19.3912 8.7534 -13.7843 0.2507 83.4998 0.0 16466.6667
19.3378 8.7537 -13.7912 0.2507 83.4998 0.0 16483.3333
19.2786 8.7539 -13.7978 0.2507 83.4998 0.0 16500.0
19.2258 8.7542 -13.8038 0.2507 83.4998 0.0 16516.6667
19.1735 8.7544 -13.8098 0.2507 83.4998 0.0 16533.3333
19.1244 8.7545 -13.8154 0.2507 83.4998 0.0 16550.0
19.0705 8.7548 -13.8215 0.2507 83.4998 0.0 16566.6667
19.0144 8.7551 -13.8279 0.2507 83.4998 0.0 16583.3333
18.9643 8.7552 -13.8336 0.2507 83.4998 0.0 16600.0
18.9158 8.7555 -13.8391 0.2507 83.4998 0.0 16616.6667
18.8629 8.7557 -13.8451 0.2507 83.4998 0.0 16633.3333
18.803 8.756 -13.852 0.2507 83.4998 0.0 16650.0
18.7564 8.7562 -13.8574 0.2507 83.4998 0.0 16666.6667
18.697 8.7565 -13.8641 0.2507 83.4998 0.0 16683.3333
18.6428 8.7567 -13.8703 0.2507 83.4998 0.0 16700.0
18.5906 8.7569 -13.8762 0.2507 83.4998 0.0 16716.6667
18.5447 8.7571 -13.8814 0.2507 83.4998 0.0 16733.3333
18.4879 8.7573 -13.8879 0.2507 83.4998 0.0 16750.0
18.44 8.7576 -13.8933 0.2507 83.4998 0.0 16766.6667
18.3818 8.7579 -13.9 0.2507 83.4998 0.0 16783.3333
18.3281 8.758 -13.9061 0.2507 83.4998 0.0 16800.0
18.2759 8.7583 -13.912 0.2507 83.5393 0.0 16816.6667
18.2247 8.7586 -13.9178 0.2507 83.5497 0.0 16833.3333
18.185 8.7587 -13.9223 0.2507 83.5497 0.0 16850.0
18.1303 8.7589 -13.9285 0.2507 83.5497 0.0 16866.6667
18.0838 8.7591 -13.9338 0.2507 83.5497 0.0 16883.3333
18.0299 8.7594 -13.9398 0.2507 83.5497 0.0 16900.0
17.9807 8.7596 -13.9454 0.2507 83.5497 0.0 16916.6667
17.9284 8.7598 -13.9513 0.2507 83.5497 0.0 16933.3333
17.8776 8.7601 -13.957 0.2507 83.5497 0.0 16950.0
17.829 8.7602 -13.9626 0.2507 83.5497 0.0 16966.6667
17.7821 8.7605 -13.9679 0.2507 83.5497 0.0 16983.3333
17.7353 8.7607 -13.9731 0.2507 83.5497 0.0 17000.0
17.681 8.7609 -13.9793 0.2507 83.5497 0.0 17016.6667
17.6308 8.7611 -13.985 0.2507 83.5497 0.0 17033.3333
17.5793 8.7613 -13.9907 0.2507 83.5497 0.0 17050.0
17.5324 8.7616 -13.9961 0.2507 83.5497 0.0 17066.6667
17.482 8.7618 -14.0018 0.2507 83.5497 0.0 17083.3333
17.4338 8.762 -14.0072 0.2507 83.5497 0.0 17100.0
17.3875 8.7622 -14.0125 0.2507 83.5497 0.0 17116.6667
17.3332 8.7624 -14.0186 0.2507 83.5497 0.0 17133.3333
17.2827 8.7626 -14.0243 0.2507 83.5497 0.0 17150.0
17.2319 8.7629 -14.0301 0.2507 83.5497 0.0 17166.6667
17.1815 8.7632 -14.0357 0.2507 83.5497 0.0 17183.3333
17.1356 8.7633 -14.041 0.2507 83.5497 0.0 17200.0
17.0857 8.7635 -14.0465 0.2507 83.5831 0.0 17216.6667
17.0332 8.7637 -14.0524 0.2507 83.5998 0.0 17233.3333
16.9832 8.764 -14.058 0.2507 83.5998 0.0 17250.0
16.9369 8.7642 -14.0632 0.2507 83.6321 0.0 17266.6667
16.8889 8.7644 -14.0685 0.2507 83.6497 0.0 17283.3333
16.8407 8.7646 -14.0739 0.2507 83.6497 0.0 17300.0
16.7872 8.7648 -14.0799 0.2507 83.6497 0.0 17316.6667
16.7358 8.7651 -14.0856 0.2507 83.6497 0.0 17333.3333
16.6881 8.7653 -14.0909 0.2507 83.6497 0.0 17350.0
16.6366 8.7655 -14.0966 0.284 83.683 0.0 17366.6667
16.5867 8.7658 -14.1021 0.3007 83.6997 0.0 17383.3333
16.5381 8.7661 -14.1075 0.3007 83.6997 0.0 17400.0
16.4891 8.7663 -14.1129 0.3007 83.6997 0.0 17416.6667
16.4401 8.7666 -14.1183 0.3007 83.6997 0.0 17433.3333
16.3917 8.7669 -14.1236 0.3301 83.6997 0.0 17450.0
16.3405 8.7672 -14.1292 0.3507 83.6997 0.0 17466.6667
16.2907 8.7675 -14.1347 0.3507 83.6997 0.0 17483.3333
16.2401 8.7679 -14.1403 0.3819 83.731 0.0 17500.0
16.1891 8.7682 -14.1459 0.4007 83.7811 0.0 17516.6667
16.1439 8.7685 -14.1508 0.4007 83.8284 0.0 17533.3333
16.091 8.7689 -14.1565 0.4007 83.8497 0.0 17550.0
16.0438 8.7692 -14.1616 0.4007 83.8497 0.0 17566.6667
15.9943 8.7696 -14.1669 0.4007 83.8497 0.0 17583.3333
15.943 8.7699 -14.1724 0.4007 83.8497 0.0 17600.0
15.8979 8.7702 -14.1773 0.4007 83.8752 0.0 17616.6667
15.8439 8.7706 -14.183 0.4007 83.8997 0.0 17633.3333
15.7942 8.771 -14.1884 0.4007 83.8997 0.0 17650.0
15.7457 8.7713 -14.1935 0.4007 83.8997 0.0 17666.6667
15.6941 8.7717 -14.1991 0.4007 83.8997 0.0 17683.3333
15.6439 8.772 -14.2044 0.4007 83.9309 0.0 17700.0
15.5955 8.7724 -14.2095 0.4007 83.9497 0.0 17716.6667
15.5486 8.7727 -14.2145 0.4007 83.9497 0.0 17733.3333
15.5011 8.773 -14.2195 0.4007 83.9497 0.0 17750.0
15.4542 8.7734 -14.2245 0.4007 83.9497 0.0 17766.6667
15.405 8.7737 -14.2297 0.4007 83.9497 0.0 17783.3333
15.3562 8.774 -14.2349 0.4007 83.9497 0.0 17800.0
15.3097 8.7744 -14.2399 0.4007 83.9497 0.0 17816.6667
15.2603 8.7747 -14.2451 0.4007 83.9497 0.0 17833.3333
15.2116 8.7751 -14.2502 0.4007 83.9497 0.0 17850.0
15.1646 8.7754 -14.2552 0.4007 83.9497 0.0 17866.6667
15.1176 8.7757 -14.2602 0.4007 83.9497 0.0 17883.3333
15.0685 8.7761 -14.2654 0.4007 83.9497 0.0 17900.0
15.0195 8.7764 -14.2705 0.4007 83.9497 0.0 17916.6667
14.9732 8.7768 -14.2754 0.4007 83.9497 0.0 17933.3333
14.9232 8.7771 -14.2807 0.4288 83.9778 -0.0001 17950.0
14.8781 8.7775 -14.2855 0.4507 84.0252 0.0 17966.6667
14.833 8.7779 -14.2901 0.4736 84.0727 -0.0001 17983.3333
14.7821 8.7783 -14.2954 0.5007 84.1498 0.0 18000.0
14.731 8.7788 -14.3005 0.5276 84.2811 -0.0002 18016.6667
14.6865 8.7792 -14.3049 0.5751 84.4234 -0.0002 18033.3333
14.6394 8.7798 -14.3092 0.6691 84.7097 -0.0016 18050.0
14.5878 8.7805 -14.3136 0.8005 85.1792 -0.0012 18066.6667
14.5415 8.7812 -14.3171 0.8984 85.6204 -0.0013 18083.3333
14.4938 8.782 -14.3205 0.9968 85.9909 -0.0009 18100.0
14.4462 8.7829 -14.3236 1.0946 86.3076 -0.0012 18116.6667
14.3996 8.784 -14.3262 1.1924 86.6723 -0.0015 18133.3333
14.3488 8.7851 -14.3289 1.2507 86.9931 0.0 18150.0
14.2981 8.7862 -14.3314 1.2507 87.0998 0.0 18166.6667
14.2493 8.7872 -14.3339 1.2507 87.0998 0.0 18183.3333
14.2021 8.7882 -14.3363 1.2507 87.0998 0.0 18200.0
14.155 8.7893 -14.3387 1.2507 87.0998 0.0 18216.6667
14.1057 8.7903 -14.3412 1.2507 87.1243 0.0 18233.3333
14.057 8.7915 -14.3436 1.2507 87.1748 0.0 18250.0
14.0075 8.7926 -14.346 1.276 87.2508 -0.0002 18266.6667
13.9609 8.7936 -14.3482 1.3008 87.3488 0.0 18283.3333
13.9116 8.7948 -14.3504 1.3008 87.3998 0.0 18300.0
13.8625 8.7959 -14.3526 1.3007 87.3998 0.0 18316.6667
13.8148 8.7969 -14.3548 1.3007 87.3998 0.0 18333.3333
13.7698 8.798 -14.3568 1.3007 87.3998 0.0 18350.0
13.7205 8.7991 -14.3591 1.3007 87.3998 0.0 18366.6667
13.6713 8.8002 -14.3613 1.3007 87.3998 0.0 18383.3333
13.6291 8.8012 -14.3632 1.3007 87.3998 0.0 18400.0
13.5797 8.8023 -14.3655 1.3007 87.3998 0.0 18416.6667
13.5291 8.8034 -14.3678 1.3007 87.3998 0.0 18433.3333
13.4787 8.8046 -14.3701 1.3007 87.3998 0.0 18450.0
13.428 8.8057 -14.3724 1.3007 87.3998 0.0 18466.6667
13.379 8.8068 -14.3746 1.3007 87.4489 0.0 18483.3333
13.332 8.808 -14.3764 1.3456 87.6881 -0.0022 18500.0
13.2838 8.8092 -14.3781 1.444 88.0352 -0.0019 18516.6667
13.239 8.8103 -14.3794 1.5008 88.4122 0.0 18533.3333
13.195 8.8115 -14.3801 1.5265 88.9217 -0.0055 18550.0
13.1421 8.813 -14.3807 1.6007 89.4131 0.0 18566.6667
13.0912 8.8144 -14.3809 1.6008 89.7307 0.0 18583.3333
13.0421 8.8158 -14.3809 -178.4 89.9891 179.9992 18600.0
12.9963 8.817 -14.3808 -178.3759 89.7931 -179.9959 18616.6667
12.9545 8.8183 -14.3805 -178.3492 89.6464 -180.0 18633.3333
12.9033 8.8197 -14.3799 -178.3491 89.469 -179.9999 18650.0
12.8515 8.8212 -14.3794 -178.3492 89.3626 -180.0 18666.6667
12.7999 8.8227 -14.3787 -178.3269 89.2572 -179.9992 18683.3333
12.753 8.8241 -14.3781 -178.2992 89.1588 -180.0 18700.0
12.7064 8.8255 -14.3773 -178.2992 89.0259 -180.0 18716.6667
12.6613 8.8268 -14.3764 -178.2824 88.8218 -179.9989 18733.3333
12.6127 8.8284 -14.3751 -178.2492 88.6035 -180.0 18750.0
12.5615 8.8299 -14.3738 -178.2309 88.4472 -179.9994 18766.6667
12.5135 8.8314 -14.3724 -178.1991 88.2799 -180.0 18783.3333
12.4677 8.8329 -14.3708 -178.166 88.0409 -179.9981 18800.0
12.4163 8.8346 -14.3687 -178.0623 87.694 -179.9985 18816.6667
12.3674 8.8363 -14.3664 -177.9992 87.3884 -180.0 18833.3333
12.3189 8.8381 -14.364 -177.98 87.1252 -179.9996 18850.0
12.2692 8.8399 -14.3612 -177.9492 86.9415 -180.0 18866.6667
12.2223 8.8416 -14.3593 -177.9105 86.7013 -179.9986 18883.3333
12.1745 8.8434 -14.3531 -177.8492 86.3267 180.0 18900.0
12.1279 8.8451 -14.363 -177.8169 86.0058 -179.9992 18916.6667
12.0768 8.847 -14.4117 -177.7036 85.6124 -179.9977 18933.3333
12.02 8.8493 -14.4582 -177.5628 84.9737 -179.9989 18950.0
11.9679 8.8514 -14.5015 -177.4628 84.4731 -179.999 18966.6667
11.913 8.8537 -14.5459 -177.361 83.9639 -179.999 18983.3333
11.861 8.8559 -14.5873 -177.2992 83.509 -180.0 19000.0
11.8078 8.8582 -14.6292 -177.2649 83.0501 -179.999 19016.6667
11.755 8.8605 -14.669 -177.1675 82.5875 -179.9997 19033.3333
11.7001 8.863 -14.7138 -177.0992 82.3877 -180.0 19050.0
11.6461 8.8654 -14.7422 -177.0992 82.2335 -180.0 19066.6667
11.5992 8.8679 -14.7301 -177.0992 82.2001 180.0 19083.3333
11.5497 8.8705 -14.7248 -177.0992 82.2001 180.0 19100.0
11.5025 8.8729 -14.718 -177.0992 82.2001 180.0 19116.6667
11.4579 8.8752 -14.7119 -177.0992 82.2001 180.0 19133.3333
11.4133 8.8774 -14.7058 -177.0992 82.2001 180.0 19150.0
11.3572 8.8803 -14.6982 -177.0992 82.2001 180.0 19166.6667
11.3145 8.8824 -14.6923 -177.0992 82.2001 180.0 19183.3333
11.2692 8.8848 -14.6861 -177.0992 82.2001 180.0 19200.0
11.2137 8.8876 -14.6785 -177.0992 82.2001 180.0 19216.6667
11.1683 8.8899 -14.6723 -177.0992 82.2001 180.0 19233.3333
11.1205 8.8923 -14.6657 -177.0992 82.1854 -180.0 19250.0
11.075 8.8947 -14.6594 -177.0992 82.1502 -180.0 19266.6667
11.0288 8.897 -14.6531 -177.0992 82.1502 -180.0 19283.3333
10.976 8.8998 -14.6458 -177.0992 82.1502 -180.0 19300.0
10.9309 8.9021 -14.6394 -177.0992 82.1372 180.0 19316.6667
10.8855 8.9044 -14.6336 -177.0992 82.1001 -180.0 19333.3333
10.835 8.907 -14.6245 -177.0992 82.0876 -180.0 19350.0
10.7855 8.9094 -14.6276 -177.0992 82.0501 180.0 19366.6667
10.7334 8.9118 -14.6717 -177.0992 82.0501 180.0 19383.3333
10.6769 8.9143 -14.7135 -177.0992 82.0501 180.0 19400.0
10.6228 8.9167 -14.7546 -177.0992 82.0387 -180.0 19416.6667
10.5665 8.9192 -14.797 -177.0992 82.0002 -180.0 19433.3333
10.5117 8.9217 -14.8384 -177.0992 81.9877 180.0 19450.0
10.4581 8.9241 -14.8787 -177.0992 81.9385 180.0 19466.6667
10.4115 8.9262 -14.9137 -177.0992 81.9001 -180.0 19483.3333
10.3466 8.9292 -14.9625 -177.0992 81.8876 180.0 19500.0
10.2912 8.9316 -15.0041 -177.0992 81.8501 -180.0 19516.6667
10.2392 8.934 -15.0432 -177.0992 81.8387 -180.0 19533.3333
10.1906 8.9361 -15.0796 -177.0992 81.8001 180.0 19550.0
10.1328 8.9387 -15.1227 -177.0992 81.8001 180.0 19566.6667
10.0758 8.9412 -15.1656 -177.0992 81.7897 -180.0 19583.3333
10.0194 8.9438 -15.2077 -177.0992 81.7501 180.0 19600.0
9.9651 8.9462 -15.2484 -177.0992 81.7501 180.0 19616.6667
9.9084 8.9487 -15.2903 -177.0992 81.7501 180.0 19633.3333
9.8544 8.9511 -15.3324 -177.0992 81.7384 -180.0 19650.0
9.8027 8.9535 -15.3645 -177.0992 81.6905 180.0 19666.6667
9.7615 8.9556 -15.3541 -177.0992 81.6422 -180.0 19683.3333
9.714 8.9581 -15.3475 -177.0992 81.5438 180.0 19700.0
9.6641 8.9607 -15.3399 -177.0992 81.4396 -180.0 19716.6667
9.6141 8.9632 -15.3324 -177.0992 81.3355 180.0 19733.3333
9.5648 8.9657 -15.3248 -177.0992 81.2412 -180.0 19750.0
9.5176 8.9681 -15.3175 -177.0992 81.1834 180.0 19766.6667
9.4681 8.9707 -15.3097 -177.0992 81.0903 -180.0 19783.3333
9.421 8.9731 -15.3022 -177.0992 81.0406 -180.0 19800.0
9.3715 8.9757 -15.2944 -177.0884 80.9785 -180.0 19816.6667
9.3249 8.9781 -15.2869 -177.0394 80.8805 -180.0 19833.3333
9.2781 8.9805 -15.2794 -176.9992 80.7913 -180.0 19850.0
9.2307 8.983 -15.2716 -176.9908 80.7334 -180.0 19866.6667
9.1813 8.9857 -15.2634 -176.9394 80.6501 -180.0 19883.3333
9.1347 8.9883 -15.2558 -176.8992 80.6501 -180.0 19900.0
9.0879 8.9909 -15.2481 -176.8992 80.6501 -180.0 19916.6667
9.0406 8.9935 -15.2403 -176.8992 80.6501 -180.0 19933.3333
8.9913 8.9962 -15.2321 -176.8992 80.6501 -180.0 19950.0
8.9478 8.9985 -15.2252 -176.8992 80.6501 -180.0 19966.6667
8.9032 9.0011 -15.2175 -176.8992 80.6501 -180.0 19983.3333
8.8495 9.0039 -15.2125 -176.8992 80.6501 -180.0 20000.0
8.7918 9.0066 -15.2572 -176.8992 80.6344 -180.0 20016.6667
8.7374 9.0092 -15.295 -176.8923 80.5295 -180.0 20033.3333
8.6825 9.0118 -15.3344 -176.8492 80.3942 180.0 20050.0
8.6282 9.0144 -15.3729 -176.8445 80.3362 -180.0 20066.6667
8.5762 9.017 -15.4096 -176.7968 80.1923 -180.0 20083.3333
8.5142 9.02 -15.4529 -176.6933 79.8324 -180.0 20100.0
8.4592 9.0228 -15.491 -176.6334 79.674 -179.9998 20116.6667
8.4005 9.0259 -15.5313 -176.4923 79.4294 -180.0 20133.3333
8.3449 9.0289 -15.5692 -176.4301 79.2501 -179.9997 20150.0
8.2858 9.0321 -15.609 -176.2754 78.8452 -179.9997 20166.6667
8.2303 9.0354 -15.6458 -176.1141 78.4676 -179.9992 20183.3333
8.1736 9.0387 -15.6826 -175.8692 77.8794 -179.9994 20200.0
8.1177 9.0423 -15.718 -175.6267 77.2886 -179.9994 20216.6667
8.067 9.0457 -15.7493 -175.4078 76.6746 -179.9998 20233.3333
8.0023 9.0502 -15.7886 -175.1897 76.1281 -179.9999 20250.0
7.9416 9.0545 -15.8248 -175.0492 75.7803 -180.0 20266.6667
7.8838 9.0586 -15.8591 -175.045 75.5874 -180.0 20283.3333
7.8224 9.063 -15.8953 -174.9933 75.4381 -180.0 20300.0
7.7649 9.0672 -15.9291 -174.9443 75.3303 -180.0 20316.6667
7.7068 9.0714 -15.9631 -174.8953 75.1381 -180.0 20333.3333
7.6493 9.0757 -15.9965 -174.8464 74.9943 -180.0 20350.0
7.5944 9.0798 -16.0281 -174.8001 74.9018 -180.0 20366.6667
7.5291 9.0847 -16.0656 -174.6956 74.6925 -180.0 20383.3333
7.4744 9.0889 -16.0968 -174.6493 74.5999 -180.0 20400.0
7.4125 9.0936 -16.132 -174.5973 74.4979 -180.0 20416.6667
7.3532 9.0982 -16.1656 -174.5472 74.4489 -180.0 20433.3333
7.2914 9.1031 -16.2007 -174.438 74.3916 -179.9999 20450.0
7.2365 9.1076 -16.2316 -174.253 74.2527 -180.0 20466.6667
7.1744 9.1129 -16.2663 -173.8474 73.9981 -180.0 20483.3333
7.1192 9.1178 -16.2969 -173.7548 73.9055 -180.0 20500.0
7.0573 9.1233 -16.3313 -173.7003 73.8509 -180.0 20516.6667
6.9951 9.1289 -16.3658 -173.6993 73.8499 180.0 20533.3333
6.9365 9.1341 -16.3983 -173.6993 73.8499 180.0 20550.0
6.8742 9.1396 -16.4329 -173.6993 73.8499 180.0 20566.6667
6.8158 9.1448 -16.4653 -173.6993 73.8499 180.0 20583.3333
6.7604 9.1498 -16.496 -173.6993 73.8499 180.0 20600.0
6.7052 9.1547 -16.5266 -173.6993 73.8499 180.0 20616.6667
6.6471 9.1598 -16.559 -173.6993 73.8499 180.0 20633.3333
6.5854 9.1653 -16.5926 -173.6993 73.8499 180.0 20650.0
6.5225 9.1708 -16.6295 -173.6993 73.8041 -180.0 20666.6667
6.4707 9.1768 -16.6166 -173.6993 73.7989 -180.0 20683.3333
6.4254 9.182 -16.6035 -173.6993 73.7499 180.0 20700.0
6.3852 9.1866 -16.5919 -173.6992 73.706 -180.0 20716.6667
6.3377 9.192 -16.5777 -173.8337 73.5208 179.9999 20733.3333
6.2922 9.1971 -16.5642 -173.8934 73.4559 180.0 20750.0
6.2442 9.2023 -16.5499 -173.991 73.4041 180.0 20766.6667
6.199 9.2072 -16.5364 -174.0895 73.3097 180.0 20783.3333
6.1512 9.2123 -16.5219 -174.1931 73.2062 180.0 20800.0
6.1029 9.2173 -16.5073 -174.3462 73.1021 180.0 20816.6667
6.0577 9.2218 -16.4935 -174.5415 72.956 180.0 20833.3333
6.0097 9.2258 -16.4783 -175.4493 72.5 180.0 20850.0
5.9645 9.2293 -16.464 -175.7925 72.3529 180.0 20866.6667
5.9193 9.2327 -16.4494 -175.9434 72.2059 180.0 20883.3333
5.879 9.2356 -16.4364 -176.1178 72.1158 179.9999 20900.0
5.8328 9.2387 -16.4214 -176.3202 71.9718 179.9999 20916.6667
5.7813 9.2419 -16.4045 -176.5882 71.8066 180.0 20933.3333
5.7413 9.2443 -16.3912 -176.81 71.6315 179.9998 20950.0
5.6919 9.2468 -16.3746 -177.2594 71.4631 179.9998 20966.6667
5.6435 9.249 -16.3583 -177.5389 71.3061 180.0 20983.3333
5.6038 9.2507 -16.3448 -177.7178 71.2578 180.0 21000.0
5.5541 9.2526 -16.3279 -177.886 71.2043 180.0 21016.6667
5.506 9.2543 -16.3114 -177.9951 71.1519 180.0 21033.3333
5.461 9.256 -16.296 -177.9993 71.1499 180.0 21050.0
5.4159 9.2577 -16.2807 -177.9993 71.1499 180.0 21066.6667
5.3737 9.2592 -16.2662 -178.042 71.1499 -180.0 21083.3333
5.3264 9.2609 -16.2501 -178.0494 71.1499 -180.0 21100.0
5.2812 9.2626 -16.2347 -178.0494 71.1499 -180.0 21116.6667
5.2339 9.2642 -16.2186 -178.0494 71.1499 180.0 21133.3333
5.1859 9.266 -16.2022 -178.0494 71.1499 180.0 21150.0
5.1409 9.2676 -16.1867 -178.0494 71.1499 180.0 21166.6667
5.0959 9.2692 -16.1714 -178.0494 71.1499 180.0 21183.3333
5.0512 9.2708 -16.1562 -178.0494 71.1499 180.0 21200.0
5.0036 9.2726 -16.1399 -178.0494 71.1499 180.0 21216.6667
4.9583 9.2741 -16.1244 -178.0494 71.1499 180.0 21233.3333
4.9135 9.2758 -16.1092 -178.0494 71.1499 180.0 21250.0
4.8682 9.2774 -16.0937 -178.0494 71.1499 180.0 21266.6667
4.8263 9.2789 -16.0794 -178.0494 71.1499 180.0 21283.3333
4.7767 9.2807 -16.0624 -178.0494 71.1499 180.0 21300.0
4.728 9.2825 -16.0459 -178.0494 71.1499 180.0 21316.6667
4.6884 9.284 -16.0323 -178.0494 71.1499 180.0 21333.3333
4.6389 9.2857 -16.0153 -178.0494 71.1499 180.0 21350.0
4.5934 9.2874 -15.9999 -178.0494 71.1499 -180.0 21366.6667
4.5455 9.289 -15.9835 -178.0942 71.1499 -180.0 21383.3333
4.5056 9.2904 -15.9699 -178.1783 71.2288 180.0 21400.0
4.4564 9.2919 -15.9533 -178.2838 71.2921 -180.0 21416.6667
4.4103 9.2933 -15.9377 -178.3415 71.3421 -180.0 21433.3333
4.3658 9.2947 -15.9228 -178.3906 71.4323 -180.0 21450.0
4.318 9.2959 -15.9069 -178.4848 71.578 -179.9999 21466.6667
4.2726 9.2971 -15.8919 -178.5837 71.7264 -179.9999 21483.3333
4.2272 9.2983 -15.8771 -178.6405 71.9146 -180.0 21500.0
4.1847 9.2993 -15.8633 -178.6873 72.1018 -179.9999 21516.6667
4.1374 9.3004 -15.8486 -178.7761 72.728 -179.9996 21533.3333
4.0914 9.3014 -15.8347 -178.8375 73.2058 -179.9999 21550.0
4.0437 9.3023 -15.8207 -178.8889 73.6957 -179.9999 21566.6667
3.9949 9.3032 -15.8069 -178.9411 74.0916 -179.9999 21583.3333
3.9483 9.3042 -15.7938 -178.9495 74.3146 180.0 21600.0
3.9072 9.3049 -15.7825 -178.9853 74.7454 -179.9998 21616.6667
3.8614 9.3057 -15.7704 -178.9995 75.1477 -180.0 21633.3333
3.8085 9.3067 -15.7569 -178.9995 75.6498 -180.0 21650.0
3.7661 9.3074 -15.7462 -178.9995 75.9296 180.0 21666.6667
3.7195 9.3083 -15.7347 -178.9288 76.1769 179.9998 21683.3333
3.6729 9.3093 -15.7235 -178.829 76.4263 179.9998 21700.0
3.6213 9.3105 -15.7113 -178.7217 76.6554 179.9999 21716.6667
3.5768 9.3116 -15.7009 -178.6255 76.885 179.9998 21733.3333
3.5261 9.3129 -15.6893 -178.5195 77.1098 179.9999 21750.0
3.4802 9.3143 -15.6791 -178.3482 77.4914 179.9993 21766.6667
3.4378 9.3156 -15.67 -178.1971 77.8738 179.9995 21783.3333
3.3896 9.3174 -15.6601 -177.9447 78.3778 179.9985 21800.0
3.34 9.3195 -15.6504 -177.6319 78.9143 179.9987 21816.6667
3.2898 9.3221 -15.6411 -177.0903 79.5893 179.9964 21833.3333
3.245 9.3248 -15.6334 -176.5557 80.2191 179.9963 21850.0
3.1972 9.3282 -15.6257 -176.0374 80.7642 179.9973 21866.6667
3.1468 9.332 -15.6178 -175.7456 81.0538 179.9996 21883.3333
3.0994 9.3358 -15.6105 -175.4712 81.4055 179.9987 21900.0
3.053 9.3397 -15.6038 -175.1024 81.6859 179.9989 21916.6667
3.0035 9.3447 -15.5969 -174.2729 82.1736 179.9941 21933.3333
2.9563 9.3501 -15.5908 -173.5934 82.6055 179.9971 21950.0
2.9071 9.3565 -15.5849 -172.6256 83.1746 179.9924 21966.6667
2.8596 9.3636 -15.5797 -171.4653 83.6526 179.9928 21983.3333
2.8131 9.3715 -15.5748 -170.628 83.9026 179.9978 22000.0
2.7669 9.3796 -15.5699 -170.0032 84.0242 179.999 22016.6667
2.7178 9.3888 -15.5649 -169.3114 84.1652 179.9984 22033.3333
2.6709 9.3988 -15.5603 -168.0833 84.3525 179.9955 22050.0
2.6247 9.4094 -15.5558 -167.2296 84.5113 179.9982 22066.6667
2.5808 9.4199 -15.5516 -166.5704 84.5838 179.9993 22083.3333
2.5359 9.4313 -15.5474 -165.9617 84.6319 179.9994 22100.0
2.4899 9.4431 -15.5432 -165.5924 84.6495 180.0 22116.6667
2.4429 9.4556 -15.5387 -165.1447 84.6818 179.9994 22133.3333
2.3914 9.4698 -15.534 -164.6563 84.7362 179.9996 22150.0
2.3444 9.483 -15.5297 -164.4002 84.7495 180.0 22166.6667
2.2991 9.4959 -15.5256 -164.1681 84.7858 179.9998 22183.3333
2.2538 9.509 -15.5214 -163.9228 84.7996 -179.9999 22200.0
2.206 9.523 -15.517 -163.7034 84.7995 -179.9999 22216.6667
2.1599 9.5368 -15.5129 -163.5043 84.8358 179.9999 22233.3333
2.1146 9.5504 -15.5088 -163.3433 84.8496 -179.9999 22250.0
2.0696 9.564 -15.5048 -163.2307 84.8839 179.9999 22266.6667
2.0215 9.5786 -15.5005 -163.1285 84.8997 -180.0 22283.3333
1.9782 9.5918 -15.4966 -163.0992 84.8996 -179.9999 22300.0
1.9296 9.6068 -15.4923 -163.0638 84.8995 -180.0 22316.6667
1.8815 9.6215 -15.488 -163.0131 84.8995 179.9999 22333.3333
1.8419 9.6337 -15.4845 -162.9679 84.9627 179.9998 22350.0
1.794 9.6485 -15.4804 -162.8853 85.0962 179.9996 22366.6667
1.7463 9.6633 -15.4764 -162.8493 85.2162 180.0 22383.3333
1.7016 9.6771 -15.4727 -162.8493 85.3142 180.0 22400.0
1.6565 9.691 -15.4691 -162.8804 85.475 -179.9997 22416.6667
1.6091 9.7055 -15.4657 -163.121 85.8401 -179.9957 22433.3333
1.5623 9.7195 -15.4626 -163.4391 86.2907 -179.9958 22450.0
1.5173 9.7319 -15.4604 -164.4072 87.2652 -179.9166 22466.6667
1.4687 9.7444 -15.4589 -165.7211 88.3309 -179.929 22483.3333
1.4234 9.754 -15.4589 -101.0797 89.9849 -113.0164 22500.0
1.3763 9.7616 -15.4604 9.1032 88.3349 -0.2278 22516.6667
1.3252 9.7679 -15.4631 6.709 87.0579 -0.1095 22533.3333
1.2777 9.7719 -15.4661 4.9568 86.3271 -0.0233 22550.0
1.2277 9.7753 -15.4696 3.9811 86.0506 -0.003 22566.6667
1.1831 9.7778 -15.4728 3.1456 85.8217 -0.0086 22583.3333
1.1386 9.7796 -15.4762 2.4322 85.6741 -0.0009 22600.0
1.0913 9.7812 -15.4799 1.92 85.5996 -0.0013 22616.6667
1.0406 9.7825 -15.4839 1.3936 85.495 -0.0015 22633.3333
0.988 9.7834 -15.4881 0.9941 85.4194 -0.0003 22650.0
0.9404 9.784 -15.4919 0.775 85.3693 -0.0003 22666.6667
0.891 9.7845 -15.496 0.5713 85.3184 -0.0002 22683.3333
0.8423 9.7848 -15.5 0.371 85.2683 -0.0002 22700.0
0.7954 9.785 -15.504 0.175 85.2193 -0.0002 22716.6667
0.7473 9.7849 -15.508 -0.0817 85.2007 0.0 22733.3333
0.7029 9.7847 -15.5118 -0.3107 85.1729 -0.0003 22750.0
0.6528 9.7842 -15.516 -0.5149 85.1507 0.0 22766.6667
0.6019 9.7835 -15.5203 -0.7513 85.1507 0.0 22783.3333
0.5573 9.7827 -15.5241 -1.0428 85.2063 0.0009 22800.0
0.5111 9.7817 -15.5279 -1.2757 85.2507 0.0 22816.6667
0.464 9.7805 -15.5318 -1.4225 85.2752 0.0002 22833.3333
0.4194 9.7793 -15.5354 -1.5931 85.3242 0.0003 22850.0
0.37 9.7778 -15.5395 -1.7757 85.3763 0.0002 22866.6667
0.3214 9.7761 -15.5434 -1.9313 85.4282 0.0002 22883.3333
0.2745 9.7744 -15.547 -2.0273 85.4789 0.0001 22900.0
0.2275 9.7727 -15.5507 -2.1059 85.5291 0.0001 22916.6667
0.1803 9.7709 -15.5544 -2.1783 85.5799 0.0001 22933.3333
0.1327 9.769 -15.558 -2.2868 85.6889 0.0006 22950.0
0.0894 9.7672 -15.5611 -2.4023 85.8581 0.0006 22966.6667
0.0435 9.7651 -15.5642 -2.475 86.0288 0.0002 22983.3333
-0.0058 9.763 -15.5676 -2.4992 86.1288 0.0 23000.0
-0.0527 9.761 -15.5707 -2.4992 86.2076 0.0 23016.6667
-0.0979 9.759 -15.5736 -2.4992 86.3332 0.0 23033.3333
-0.1456 9.7569 -15.5765 -2.4992 86.5132 0.0 23050.0
-0.1929 9.7548 -15.5793 -2.5274 86.686 0.0003 23066.6667
-0.2381 9.7528 -15.5818 -2.5764 86.8331 0.0003 23083.3333
-0.2846 9.7506 -15.5842 -2.625 87.0596 0.0006 23100.0
-0.328 9.7486 -15.5862 -2.6729 87.273 0.0003 23116.6667
-0.3756 9.7463 -15.5884 -2.6992 87.4485 0.0 23133.3333
-0.4248 9.744 -15.5904 -2.6992 87.7095 0.0 23150.0
-0.4708 9.7418 -15.5918 -2.6992 88.0802 0.0 23166.6667
-0.5183 9.7396 -15.5931 -2.6545 88.5458 -0.0043 23183.3333
-0.5673 9.7374 -15.594 -2.5992 88.9259 0.0 23200.0
-0.617 9.7352 -15.5947 -2.5992 89.204 0.0 23216.6667
-0.6623 9.7331 -15.595 -2.5992 89.5367 0.0 23233.3333
-0.7135 9.7308 -15.5951 -2.5997 89.8922 -0.0004 23250.0
-0.7661 9.7285 -15.595 177.47 89.7957 -179.9818 23266.6667
-0.817 9.7262 -15.5945 177.5008 89.4931 180.0 23283.3333
-0.8638 9.7242 -15.5938 177.5008 89.1361 180.0 23300.0
-0.9127 9.722 -15.5926 177.5008 88.677 180.0 23316.6667
-0.9642 9.7198 -15.5911 177.5008 88.3297 180.0 23333.3333
-1.0137 9.7176 -15.5895 177.5008 88.1792 180.0 23350.0
-1.0673 9.7152 -15.5877 177.5008 88.0483 180.0 23366.6667
-1.1152 9.7132 -15.586 177.5008 87.9748 -180.0 23383.3333
-1.1654 9.711 -15.5842 177.5008 87.9257 -180.0 23400.0
-1.2158 9.7088 -15.5824 177.5008 87.8766 180.0 23416.6667
-1.2684 9.7065 -15.5804 177.5007 87.8493 180.0 23433.3333
-1.3206 9.7042 -15.5784 177.5008 87.8493 180.0 23450.0
-1.3731 9.7019 -15.5764 177.5008 87.8493 180.0 23466.6667
-1.4239 9.6997 -15.5745 177.5008 87.8493 180.0 23483.3333
-1.4738 9.6975 -15.5726 177.5008 87.8493 180.0 23500.0
-1.5272 9.6952 -15.5706 177.5008 87.8493 180.0 23516.6667
-1.577 9.693 -15.5688 177.5008 87.8493 180.0 23533.3333
-1.6295 9.6907 -15.5668 177.5008 87.8493 180.0 23550.0
-1.6821 9.6885 -15.5648 177.5008 87.8493 180.0 23566.6667
-1.7331 9.6862 -15.5629 177.5008 87.8493 180.0 23583.3333
-1.7812 9.6841 -15.5611 177.5008 87.8309 180.0 23600.0
-1.8278 9.6821 -15.5593 177.5008 87.7847 180.0 23616.6667
-1.8845 9.6796 -15.5571 177.5008 87.7492 -180.0 23633.3333
-1.9376 9.6773 -15.555 177.5008 87.7492 -180.0 23650.0
-1.988 9.675 -15.553 177.5008 87.7492 -180.0 23666.6667
-2.0445 9.6726 -15.5508 177.5008 87.7276 180.0 23683.3333
-2.0919 9.6705 -15.5488 177.5008 87.6797 180.0 23700.0
-2.1435 9.6683 -15.5467 177.5008 87.6491 180.0 23716.6667
-2.1997 9.6659 -15.5444 177.5008 87.606 180.0 23733.3333
-2.2466 9.6637 -15.5424 177.5008 87.5491 180.0 23750.0
-2.2938 9.6617 -15.5403 177.5008 87.5346 180.0 23766.6667
-2.35 9.6593 -15.5378 177.5008 87.4459 -180.0 23783.3333
-2.4049 9.6569 -15.5353 177.5215 87.3286 -179.9999 23800.0
-2.4553 9.6548 -15.5328 177.5919 87.1227 -179.9981 23816.6667
-2.5041 9.6528 -15.53 177.6874 86.7084 -179.9986 23833.3333
-2.5554 9.6508 -15.5266 177.8026 86.3158 -179.9982 23850.0
-2.6089 9.6488 -15.5229 177.9365 85.979 -179.9994 23866.6667
-2.6547 9.6472 -15.5195 178.0008 85.7814 -180.0 23883.3333
-2.7091 9.6453 -15.5152 178.0008 85.5698 180.0 23900.0
-2.7581 9.6436 -15.5113 178.0008 85.458 -180.0 23916.6667
-2.8123 9.6417 -15.5069 178.0008 85.2873 -180.0 23933.3333
-2.8706 9.6397 -15.5019 178.0008 84.9639 -180.0 23950.0
-2.9195 9.638 -15.4972 177.9809 84.6011 179.9997 23966.6667
-2.9708 9.6361 -15.4921 177.9508 84.3933 180.0 23983.3333
-3.0197 9.6344 -15.4872 177.9508 84.2658 180.0 24000.0
-3.066 9.6327 -15.4825 177.9646 84.1716 -179.9999 24016.6667
-3.1159 9.6309 -15.4773 178.0144 84.072 -179.9999 24033.3333
-3.1682 9.6292 -15.4717 178.0822 83.9679 -179.9998 24050.0
-3.2191 9.6276 -15.4663 178.1508 83.8658 -180.0 24066.6667
-3.2678 9.626 -15.461 178.1666 83.7834 -180.0 24083.3333
-3.3164 9.6245 -15.4556 178.2157 83.7198 -179.9999 24100.0
-3.3665 9.623 -15.4501 178.2509 83.6491 -180.0 24116.6667
-3.4164 9.6214 -15.4445 178.2509 83.6491 -180.0 24133.3333
-3.4643 9.6199 -15.4392 178.2509 83.6491 -180.0 24150.0
-3.5186 9.6183 -15.4332 178.2509 83.6491 -180.0 24166.6667
-3.5668 9.6168 -15.4277 178.2509 83.6334 180.0 24183.3333
-3.6146 9.6153 -15.4224 178.2509 83.5991 180.0 24200.0
-3.6625 9.6139 -15.417 178.2632 83.5869 -180.0 24216.6667
-3.7175 9.6122 -15.4108 178.3009 83.5491 180.0 24233.3333
-3.7634 9.6108 -15.4056 178.3009 83.5352 180.0 24250.0
-3.8103 9.6095 -15.4003 178.3009 83.4991 180.0 24266.6667
-3.8612 9.608 -15.3944 178.3009 83.4843 180.0 24283.3333
-3.9051 9.6066 -15.3893 178.3009 83.449 180.0 24300.0
-3.9564 9.6051 -15.3835 178.3009 83.449 180.0 24316.6667
-3.9958 9.6039 -15.379 178.3009 83.449 180.0 24333.3333
-4.0332 9.6028 -15.3747 178.3009 83.4423 180.0 24350.0
-4.0806 9.6014 -15.3692 178.3009 83.399 180.0 24366.6667
-4.1209 9.6002 -15.3645 178.3009 83.3886 180.0 24383.3333
-4.1638 9.5989 -15.3596 178.3009 83.349 180.0 24400.0
-4.2022 9.5977 -15.3551 178.3009 83.349 180.0 24416.6667
-4.2436 9.5965 -15.3502 178.3009 83.349 180.0 24433.3333
-4.2863 9.5952 -15.3452 178.3009 83.349 180.0 24450.0
-4.3277 9.594 -15.3404 178.3009 83.349 180.0 24466.6667
-4.3728 9.5927 -15.3352 178.3009 83.349 180.0 24483.3333
-4.4103 9.5915 -15.3308 178.3009 83.349 180.0 24500.0
-4.4523 9.5903 -15.3258 178.3098 83.349 180.0 24516.6667
-4.4974 9.589 -15.3206 178.3509 83.349 -180.0 24533.3333
-4.5384 9.5878 -15.3158 178.376 83.324 -179.9999 24550.0
-4.5803 9.5867 -15.3108 178.4632 83.2367 -180.0 24566.6667
-4.6163 9.5858 -15.3066 178.5078 83.1922 -180.0 24583.3333
-4.6576 9.5847 -15.3016 178.5509 83.1366 -180.0 24600.0
-4.7011 9.5835 -15.2962 178.5509 83.024 -180.0 24616.6667
-4.7434 9.5825 -15.291 178.5509 82.8805 -180.0 24633.3333
-4.7818 9.5815 -15.2861 178.5509 82.7801 180.0 24650.0
-4.8254 9.5804 -15.2805 178.5593 82.6156 -179.9999 24666.6667
-4.8654 9.5794 -15.2751 178.6009 82.4027 -180.0 24683.3333
-4.9009 9.5786 -15.2702 178.6009 82.1857 180.0 24700.0
-4.9408 9.5776 -15.2647 178.6009 82.0773 -180.0 24716.6667
-4.974 9.5767 -15.2601 178.6107 81.9891 -180.0 24733.3333
-5.0059 9.576 -15.2555 178.651 81.9489 -180.0 24750.0
-5.0372 9.5752 -15.2511 178.651 81.9489 -180.0 24766.6667
-5.073 9.5744 -15.246 178.651 81.9401 180.0 24783.3333
-5.1017 9.5738 -15.2419 178.651 81.8927 180.0 24800.0
-5.1362 9.5729 -15.2369 178.6509 81.794 180.0 24816.6667
-5.1689 9.5721 -15.2322 178.6555 81.74 -180.0 24833.3333
-5.2049 9.5713 -15.2269 178.701 81.6405 180.0 24850.0
-5.2355 9.5706 -15.2224 178.7065 81.5878 -180.0 24866.6667
-5.2724 9.5697 -15.2168 178.751 81.489 -180.0 24883.3333
-5.3032 9.5691 -15.2123 178.751 81.4409 -180.0 24900.0
-5.3328 9.5685 -15.2078 178.751 81.3964 -180.0 24916.6667
-5.3712 9.5675 -15.2019 178.751 81.3487 -180.0 24933.3333
-5.4013 9.5669 -15.1973 178.751 81.33 -180.0 24950.0
-5.4359 9.5662 -15.192 178.751 81.1831 -180.0 24966.6667
-5.4682 9.5655 -15.1869 178.7436 81.0623 179.9999 24983.3333
